0 0.359375 0.25 0.359375 0.258333 0.35 0.275 0.35 0.277778 0.345313 0.286111 0.345313 0.288889 0.342187 0.294444 0.342187 0.297222 0.335938 0.308333 0.335938 0.311111 0.33125 0.319444 0.328125 0.319444 0.320312 0.333333 0.31875 0.333333 0.314063 0.341667 0.3125 0.341667 0.310937 0.344444 0.309375 0.344444 0.296875 0.366667 0.296875 0.369444 0.292188 0.377778 0.292188 0.380556 0.290625 0.383333 0.290625 0.386111 0.289062 0.388889 0.289062 0.391667 0.2875 0.394444 0.2875 0.397222 0.285937 0.4 0.285937 0.402778 0.284375 0.405556 0.284375 0.408333 0.282813 0.411111 0.278125 0.411111 0.278125 0.652778 0.282813 0.652778 0.284375 0.655556 0.284375 0.672222 0.285937 0.675 0.285937 0.691667 0.2875 0.694444 0.2875 0.7 0.289062 0.702778 0.289062 0.708333 0.290625 0.711111 0.290625 0.722222 0.292188 0.725 0.292188 0.730556 0.29375 0.733333 0.29375 0.738889 0.295312 0.741667 0.295312 0.744444 0.296875 0.747222 0.296875 0.755556 0.298438 0.758333 0.298438 0.766667 0.3 0.769444 0.3 0.783333 0.301562 0.786111 0.301562 0.794444 0.303125 0.797222 0.303125 0.875 0.301562 0.877778 0.301562 0.891667 0.3 0.894444 0.3 0.925 0.298438 0.927778 0.298438 0.963889 0.296875 0.966667 0.296875 0.977778 0.295312 0.980556 0.295312 1 0.365625 1 0.365625 0.991667 0.367188 0.988889 0.370313 0.988889 0.371875 0.986111 0.375 0.986111 0.376563 0.983333 0.38125 0.983333 0.382812 0.980556 0.384375 0.980556 0.385938 0.977778 0.389062 0.977778 0.390625 0.975 0.392188 0.975 0.396875 0.966667 0.396875 0.963889 0.398438 0.961111 0.398438 0.955556 0.4 0.952778 0.4 0.947222 0.395312 0.938889 0.392188 0.938889 0.390625 0.936111 0.385938 0.936111 0.384375 0.933333 0.382812 0.933333 0.38125 0.930556 0.379687 0.930556 0.378125 0.927778 0.376563 0.927778 0.375 0.925 0.375 0.922222 0.371875 0.916667 0.371875 0.911111 0.370313 0.908333 0.370313 0.9 0.36875 0.897222 0.36875 0.872222 0.370313 0.869444 0.370313 0.847222 0.371875 0.844444 0.371875 0.783333 0.370313 0.780556 0.370313 0.777778 0.371875 0.775 0.371875 0.772222 0.370313 0.769444 0.370313 0.675 0.371875 0.672222 0.371875 0.652778 0.370313 0.65 0.370313 0.633333 0.36875 0.630556 0.36875 0.613889 0.370313 0.611111 0.370313 0.608333 0.371875 0.605556 0.371875 0.602778 0.373437 0.6 0.373437 0.597222 0.376563 0.591667 0.376563 0.588889 0.379687 0.583333 0.379687 0.580556 0.38125 0.577778 0.38125 0.572222 0.382812 0.569444 0.382812 0.566667 0.389062 0.555556 0.396875 0.555556 0.398438 0.552778 0.404687 0.552778 0.40625 0.55 0.4125 0.55 0.414062 0.547222 0.420312 0.547222 0.421875 0.544444 0.423438 0.547222 0.453125 0.547222 0.454688 0.544444 0.459375 0.544444 0.460938 0.541667 0.464063 0.541667 0.465625 0.538889 0.467187 0.538889 0.470313 0.533333 0.471875 0.533333 0.475 0.527778 0.476562 0.527778 0.478125 0.525 0.482812 0.525 0.478125 0.525 0.476562 0.522222 0.476562 0.519444 0.475 0.516667 0.475 0.513889 0.473437 0.511111 0.473437 0.508333 0.471875 0.505556 0.471875 0.502778 0.467187 0.494444 0.465625 0.494444 0.464063 0.491667 0.457812 0.491667 0.45625 0.494444 0.446875 0.494444 0.445312 0.491667 0.44375 0.491667 0.442187 0.494444 0.440625 0.494444 0.4375 0.488889 0.4375 0.486111 0.435937 0.483333 0.435937 0.472222 0.442187 0.461111 0.445312 0.461111 0.446875 0.458333 0.448438 0.458333 0.45 0.455556 0.451562 0.455556 0.453125 0.452778 0.454688 0.452778 0.45625 0.45 0.457812 0.45 0.459375 0.447222 0.459375 0.441667 0.460938 0.438889 0.460938 0.427778 0.457812 0.422222 0.45625 0.422222 0.454688 0.419444 0.453125 0.419444 0.451562 0.416667 0.45 0.419444 0.439063 0.419444 0.4375 0.416667 0.435937 0.416667 0.432813 0.411111 0.43125 0.413889 0.428125 0.413889 0.421875 0.425 0.420312 0.425 0.41875 0.427778 0.417188 0.427778 0.415625 0.430556 0.401563 0.430556 0.4 0.433333 0.38125 0.433333 0.379687 0.430556 0.378125 0.430556 0.375 0.425 0.375 0.416667 0.373437 0.413889 0.373437 0.408333 0.371875 0.405556 0.371875 0.391667 0.373437 0.388889 0.373437 0.386111 0.375 0.383333 0.375 0.380556 0.376563 0.377778 0.378125 0.377778 0.384375 0.366667 0.384375 0.363889 0.3875 0.358333 0.3875 0.355556 0.392188 0.347222 0.392188 0.344444 0.39375 0.341667 0.39375 0.338889 0.395312 0.336111 0.395312 0.333333 0.398438 0.327778 0.398438 0.322222 0.4 0.319444 0.4 0.313889 0.401563 0.311111 0.401563 0.308333 0.403125 0.305556 0.403125 0.291667 0.401563 0.288889 0.401563 0.283333 0.4 0.280556 0.4 0.277778 0.398438 0.275 0.398438 0.272222 0.396875 0.272222 0.395312 0.269444 0.395312 0.266667 0.39375 0.263889 0.392188 0.263889 0.390625 0.261111 0.390625 0.25 0.947891
2 0.848437 0.227778 0.848437 0.236111 0.846875 0.238889 0.839063 0.238889 0.8375 0.241667 0.826563 0.241667 0.825 0.244444 0.81875 0.244444 0.817187 0.247222 0.810938 0.247222 0.809375 0.25 0.803125 0.25 0.801562 0.252778 0.795313 0.252778 0.79375 0.255556 0.785937 0.255556 0.784375 0.258333 0.773438 0.258333 0.771875 0.261111 0.764063 0.261111 0.7625 0.263889 0.751562 0.263889 0.75 0.266667 0.725 0.266667 0.723437 0.269444 0.70625 0.269444 0.704687 0.272222 0.7 0.272222 0.698438 0.275 0.692187 0.275 0.690625 0.277778 0.68125 0.277778 0.679688 0.280556 0.673437 0.280556 0.671875 0.283333 0.665625 0.283333 0.664062 0.286111 0.654688 0.286111 0.653125 0.288889 0.642187 0.288889 0.640625 0.291667 0.63125 0.291667 0.629687 0.294444 0.623438 0.294444 0.621875 0.297222 0.61875 0.297222 0.617188 0.3 0.610937 0.3 0.609375 0.302778 0.601562 0.302778 0.6 0.305556 0.6 0.316667 0.603125 0.322222 0.603125 0.325 0.607813 0.333333 0.607813 0.336111 0.609375 0.338889 0.609375 0.361111 0.607813 0.363889 0.607813 0.369444 0.60625 0.372222 0.60625 0.375 0.604688 0.377778 0.604688 0.380556 0.601562 0.386111 0.601562 0.388889 0.595312 0.4 0.595312 0.402778 0.589063 0.413889 0.589063 0.416667 0.58125 0.430556 0.58125 0.433333 0.575 0.444444 0.575 0.447222 0.56875 0.458333 0.56875 0.461111 0.567187 0.463889 0.567187 0.466667 0.564062 0.472222 0.564062 0.475 0.5625 0.477778 0.5625 0.480556 0.559375 0.486111 0.559375 0.488889 0.557813 0.491667 0.557813 0.494444 0.55625 0.497222 0.55625 0.5 0.553125 0.505556 0.553125 0.508333 0.551562 0.511111 0.551562 0.513889 0.55 0.516667 0.55 0.519444 0.546875 0.525 0.546875 0.527778 0.545313 0.530556 0.545313 0.544444 0.54375 0.547222 0.54375 0.566667 0.542188 0.569444 0.542188 0.619444 0.540625 0.622222 0.540625 0.666667 0.542188 0.669444 0.542188 0.708333 0.5375 0.716667 0.535937 0.716667 0.534375 0.719444 0.528125 0.719444 0.528125 0.833333 0.532812 0.833333 0.535937 0.838889 0.535937 0.844444 0.5375 0.847222 0.5375 0.85 0.539062 0.852778 0.539062 0.855556 0.540625 0.858333 0.540625 0.861111 0.54375 0.866667 0.54375 0.869444 0.55625 0.891667 0.557813 0.891667 0.560938 0.897222 0.5625 0.897222 0.564062 0.9 0.565625 0.9 0.56875 0.905556 0.570312 0.905556 0.571875 0.908333 0.573438 0.908333 0.575 0.911111 0.576563 0.911111 0.578125 0.913889 0.579687 0.913889 0.58125 0.916667 0.582812 0.916667 0.584375 0.919444 0.585938 0.919444 0.5875 0.922222 0.589063 0.922222 0.590625 0.925 0.592188 0.925 0.59375 0.927778 0.595312 0.927778 0.596875 0.930556 0.598437 0.930556 0.6 0.933333 0.601562 0.933333 0.603125 0.936111 0.604688 0.936111 0.607813 0.941667 0.609375 0.941667 0.610937 0.944444 0.6125 0.944444 0.614062 0.947222 0.615625 0.947222 0.617188 0.95 0.61875 0.95 0.620313 0.952778 0.623438 0.952778 0.625 0.955556 0.628125 0.955556 0.629687 0.958333 0.63125 0.958333 0.634375 0.963889 0.635938 0.963889 0.639063 0.969444 0.640625 0.969444 0.642187 0.972222 0.642187 0.975 0.64375 0.977778 0.64375 0.980556 0.645312 0.983333 0.645312 1 0.998438 1 0.998438 0.227778 0.852724
0 0.359375 0.25 0.359375 0.258333 0.35 0.275 0.35 0.277778 0.345313 0.286111 0.345313 0.288889 0.342187 0.294444 0.342187 0.297222 0.335938 0.308333 0.335938 0.311111 0.33125 0.319444 0.328125 0.319444 0.320312 0.333333 0.31875 0.333333 0.314063 0.341667 0.3125 0.341667 0.310937 0.344444 0.309375 0.344444 0.296875 0.366667 0.296875 0.369444 0.292188 0.377778 0.292188 0.380556 0.290625 0.383333 0.290625 0.386111 0.289062 0.388889 0.289062 0.391667 0.2875 0.394444 0.2875 0.397222 0.285937 0.4 0.285937 0.402778 0.284375 0.405556 0.284375 0.408333 0.282813 0.411111 0.278125 0.411111 0.278125 0.652778 0.282813 0.652778 0.284375 0.655556 0.284375 0.672222 0.285937 0.675 0.285937 0.691667 0.2875 0.694444 0.2875 0.7 0.289062 0.702778 0.289062 0.708333 0.290625 0.711111 0.290625 0.722222 0.292188 0.725 0.292188 0.730556 0.29375 0.733333 0.29375 0.738889 0.295312 0.741667 0.295312 0.744444 0.296875 0.747222 0.296875 0.755556 0.298438 0.758333 0.298438 0.766667 0.3 0.769444 0.3 0.783333 0.301562 0.786111 0.301562 0.794444 0.303125 0.797222 0.303125 0.875 0.301562 0.877778 0.301562 0.891667 0.3 0.894444 0.3 0.925 0.298438 0.927778 0.298438 0.963889 0.296875 0.966667 0.296875 0.977778 0.295312 0.980556 0.295312 1 0.365625 1 0.365625 0.991667 0.367188 0.988889 0.370313 0.988889 0.371875 0.986111 0.375 0.986111 0.376563 0.983333 0.38125 0.983333 0.382812 0.980556 0.384375 0.980556 0.385938 0.977778 0.389062 0.977778 0.390625 0.975 0.392188 0.975 0.396875 0.966667 0.396875 0.963889 0.398438 0.961111 0.398438 0.955556 0.4 0.952778 0.4 0.947222 0.395312 0.938889 0.392188 0.938889 0.390625 0.936111 0.385938 0.936111 0.384375 0.933333 0.382812 0.933333 0.38125 0.930556 0.379687 0.930556 0.378125 0.927778 0.376563 0.927778 0.375 0.925 0.375 0.922222 0.371875 0.916667 0.371875 0.911111 0.370313 0.908333 0.370313 0.9 0.36875 0.897222 0.36875 0.872222 0.370313 0.869444 0.370313 0.847222 0.371875 0.844444 0.371875 0.783333 0.370313 0.780556 0.370313 0.777778 0.371875 0.775 0.371875 0.772222 0.370313 0.769444 0.370313 0.675 0.371875 0.672222 0.371875 0.652778 0.370313 0.65 0.370313 0.633333 0.36875 0.630556 0.36875 0.613889 0.370313 0.611111 0.370313 0.608333 0.371875 0.605556 0.371875 0.602778 0.373437 0.6 0.373437 0.597222 0.376563 0.591667 0.376563 0.588889 0.379687 0.583333 0.379687 0.580556 0.38125 0.577778 0.38125 0.572222 0.382812 0.569444 0.382812 0.566667 0.389062 0.555556 0.396875 0.555556 0.398438 0.552778 0.404687 0.552778 0.40625 0.55 0.4125 0.55 0.414062 0.547222 0.420312 0.547222 0.421875 0.544444 0.423438 0.547222 0.453125 0.547222 0.454688 0.544444 0.459375 0.544444 0.460938 0.541667 0.464063 0.541667 0.465625 0.538889 0.467187 0.538889 0.470313 0.533333 0.471875 0.533333 0.475 0.527778 0.476562 0.527778 0.478125 0.525 0.482812 0.525 0.478125 0.525 0.476562 0.522222 0.476562 0.519444 0.475 0.516667 0.475 0.513889 0.473437 0.511111 0.473437 0.508333 0.471875 0.505556 0.471875 0.502778 0.467187 0.494444 0.465625 0.494444 0.464063 0.491667 0.457812 0.491667 0.45625 0.494444 0.446875 0.494444 0.445312 0.491667 0.44375 0.491667 0.442187 0.494444 0.440625 0.494444 0.4375 0.488889 0.4375 0.486111 0.435937 0.483333 0.435937 0.472222 0.442187 0.461111 0.445312 0.461111 0.446875 0.458333 0.448438 0.458333 0.45 0.455556 0.451562 0.455556 0.453125 0.452778 0.454688 0.452778 0.45625 0.45 0.457812 0.45 0.459375 0.447222 0.459375 0.441667 0.460938 0.438889 0.460938 0.427778 0.457812 0.422222 0.45625 0.422222 0.454688 0.419444 0.453125 0.419444 0.451562 0.416667 0.45 0.419444 0.439063 0.419444 0.4375 0.416667 0.435937 0.416667 0.432813 0.411111 0.43125 0.413889 0.428125 0.413889 0.421875 0.425 0.420312 0.425 0.41875 0.427778 0.417188 0.427778 0.415625 0.430556 0.401563 0.430556 0.4 0.433333 0.38125 0.433333 0.379687 0.430556 0.378125 0.430556 0.375 0.425 0.375 0.416667 0.373437 0.413889 0.373437 0.408333 0.371875 0.405556 0.371875 0.391667 0.373437 0.388889 0.373437 0.386111 0.375 0.383333 0.375 0.380556 0.376563 0.377778 0.378125 0.377778 0.384375 0.366667 0.384375 0.363889 0.3875 0.358333 0.3875 0.355556 0.392188 0.347222 0.392188 0.344444 0.39375 0.341667 0.39375 0.338889 0.395312 0.336111 0.395312 0.333333 0.398438 0.327778 0.398438 0.322222 0.4 0.319444 0.4 0.313889 0.401563 0.311111 0.401563 0.308333 0.403125 0.305556 0.403125 0.291667 0.401563 0.288889 0.401563 0.283333 0.4 0.280556 0.4 0.277778 0.398438 0.275 0.398438 0.272222 0.396875 0.272222 0.395312 0.269444 0.395312 0.266667 0.39375 0.263889 0.392188 0.263889 0.390625 0.261111 0.390625 0.25 0.947891
2 0.848437 0.227778 0.848437 0.236111 0.846875 0.238889 0.839063 0.238889 0.8375 0.241667 0.826563 0.241667 0.825 0.244444 0.81875 0.244444 0.817187 0.247222 0.810938 0.247222 0.809375 0.25 0.803125 0.25 0.801562 0.252778 0.795313 0.252778 0.79375 0.255556 0.785937 0.255556 0.784375 0.258333 0.773438 0.258333 0.771875 0.261111 0.764063 0.261111 0.7625 0.263889 0.751562 0.263889 0.75 0.266667 0.725 0.266667 0.723437 0.269444 0.70625 0.269444 0.704687 0.272222 0.7 0.272222 0.698438 0.275 0.692187 0.275 0.690625 0.277778 0.68125 0.277778 0.679688 0.280556 0.673437 0.280556 0.671875 0.283333 0.665625 0.283333 0.664062 0.286111 0.654688 0.286111 0.653125 0.288889 0.642187 0.288889 0.640625 0.291667 0.63125 0.291667 0.629687 0.294444 0.623438 0.294444 0.621875 0.297222 0.61875 0.297222 0.617188 0.3 0.610937 0.3 0.609375 0.302778 0.601562 0.302778 0.6 0.305556 0.6 0.316667 0.603125 0.322222 0.603125 0.325 0.607813 0.333333 0.607813 0.336111 0.609375 0.338889 0.609375 0.361111 0.607813 0.363889 0.607813 0.369444 0.60625 0.372222 0.60625 0.375 0.604688 0.377778 0.604688 0.380556 0.601562 0.386111 0.601562 0.388889 0.595312 0.4 0.595312 0.402778 0.589063 0.413889 0.589063 0.416667 0.58125 0.430556 0.58125 0.433333 0.575 0.444444 0.575 0.447222 0.56875 0.458333 0.56875 0.461111 0.567187 0.463889 0.567187 0.466667 0.564062 0.472222 0.564062 0.475 0.5625 0.477778 0.5625 0.480556 0.559375 0.486111 0.559375 0.488889 0.557813 0.491667 0.557813 0.494444 0.55625 0.497222 0.55625 0.5 0.553125 0.505556 0.553125 0.508333 0.551562 0.511111 0.551562 0.513889 0.55 0.516667 0.55 0.519444 0.546875 0.525 0.546875 0.527778 0.545313 0.530556 0.545313 0.544444 0.54375 0.547222 0.54375 0.566667 0.542188 0.569444 0.542188 0.619444 0.540625 0.622222 0.540625 0.666667 0.542188 0.669444 0.542188 0.708333 0.5375 0.716667 0.535937 0.716667 0.534375 0.719444 0.528125 0.719444 0.528125 0.833333 0.532812 0.833333 0.535937 0.838889 0.535937 0.844444 0.5375 0.847222 0.5375 0.85 0.539062 0.852778 0.539062 0.855556 0.540625 0.858333 0.540625 0.861111 0.54375 0.866667 0.54375 0.869444 0.55625 0.891667 0.557813 0.891667 0.560938 0.897222 0.5625 0.897222 0.564062 0.9 0.565625 0.9 0.56875 0.905556 0.570312 0.905556 0.571875 0.908333 0.573438 0.908333 0.575 0.911111 0.576563 0.911111 0.578125 0.913889 0.579687 0.913889 0.58125 0.916667 0.582812 0.916667 0.584375 0.919444 0.585938 0.919444 0.5875 0.922222 0.589063 0.922222 0.590625 0.925 0.592188 0.925 0.59375 0.927778 0.595312 0.927778 0.596875 0.930556 0.598437 0.930556 0.6 0.933333 0.601562 0.933333 0.603125 0.936111 0.604688 0.936111 0.607813 0.941667 0.609375 0.941667 0.610937 0.944444 0.6125 0.944444 0.614062 0.947222 0.615625 0.947222 0.617188 0.95 0.61875 0.95 0.620313 0.952778 0.623438 0.952778 0.625 0.955556 0.628125 0.955556 0.629687 0.958333 0.63125 0.958333 0.634375 0.963889 0.635938 0.963889 0.639063 0.969444 0.640625 0.969444 0.642187 0.972222 0.642187 0.975 0.64375 0.977778 0.64375 0.980556 0.645312 0.983333 0.645312 1 0.998438 1 0.998438 0.227778 0.852724
0 0.359375 0.25 0.359375 0.258333 0.35 0.275 0.35 0.277778 0.345313 0.286111 0.345313 0.288889 0.342187 0.294444 0.342187 0.297222 0.335938 0.308333 0.335938 0.311111 0.33125 0.319444 0.328125 0.319444 0.320312 0.333333 0.31875 0.333333 0.314063 0.341667 0.3125 0.341667 0.310937 0.344444 0.309375 0.344444 0.296875 0.366667 0.296875 0.369444 0.292188 0.377778 0.292188 0.380556 0.290625 0.383333 0.290625 0.386111 0.289062 0.388889 0.289062 0.391667 0.2875 0.394444 0.2875 0.397222 0.285937 0.4 0.285937 0.402778 0.284375 0.405556 0.284375 0.408333 0.282813 0.411111 0.278125 0.411111 0.278125 0.652778 0.282813 0.652778 0.284375 0.655556 0.284375 0.672222 0.285937 0.675 0.285937 0.691667 0.2875 0.694444 0.2875 0.7 0.289062 0.702778 0.289062 0.708333 0.290625 0.711111 0.290625 0.722222 0.292188 0.725 0.292188 0.730556 0.29375 0.733333 0.29375 0.738889 0.295312 0.741667 0.295312 0.744444 0.296875 0.747222 0.296875 0.755556 0.298438 0.758333 0.298438 0.766667 0.3 0.769444 0.3 0.783333 0.301562 0.786111 0.301562 0.794444 0.303125 0.797222 0.303125 0.875 0.301562 0.877778 0.301562 0.891667 0.3 0.894444 0.3 0.925 0.298438 0.927778 0.298438 0.963889 0.296875 0.966667 0.296875 0.977778 0.295312 0.980556 0.295312 1 0.365625 1 0.365625 0.991667 0.367188 0.988889 0.370313 0.988889 0.371875 0.986111 0.375 0.986111 0.376563 0.983333 0.38125 0.983333 0.382812 0.980556 0.384375 0.980556 0.385938 0.977778 0.389062 0.977778 0.390625 0.975 0.392188 0.975 0.396875 0.966667 0.396875 0.963889 0.398438 0.961111 0.398438 0.955556 0.4 0.952778 0.4 0.947222 0.395312 0.938889 0.392188 0.938889 0.390625 0.936111 0.385938 0.936111 0.384375 0.933333 0.382812 0.933333 0.38125 0.930556 0.379687 0.930556 0.378125 0.927778 0.376563 0.927778 0.375 0.925 0.375 0.922222 0.371875 0.916667 0.371875 0.911111 0.370313 0.908333 0.370313 0.9 0.36875 0.897222 0.36875 0.872222 0.370313 0.869444 0.370313 0.847222 0.371875 0.844444 0.371875 0.783333 0.370313 0.780556 0.370313 0.777778 0.371875 0.775 0.371875 0.772222 0.370313 0.769444 0.370313 0.675 0.371875 0.672222 0.371875 0.652778 0.370313 0.65 0.370313 0.633333 0.36875 0.630556 0.36875 0.613889 0.370313 0.611111 0.370313 0.608333 0.371875 0.605556 0.371875 0.602778 0.373437 0.6 0.373437 0.597222 0.376563 0.591667 0.376563 0.588889 0.379687 0.583333 0.379687 0.580556 0.38125 0.577778 0.38125 0.572222 0.382812 0.569444 0.382812 0.566667 0.389062 0.555556 0.396875 0.555556 0.398438 0.552778 0.404687 0.552778 0.40625 0.55 0.4125 0.55 0.414062 0.547222 0.420312 0.547222 0.421875 0.544444 0.423438 0.547222 0.453125 0.547222 0.454688 0.544444 0.459375 0.544444 0.460938 0.541667 0.464063 0.541667 0.465625 0.538889 0.467187 0.538889 0.470313 0.533333 0.471875 0.533333 0.475 0.527778 0.476562 0.527778 0.478125 0.525 0.482812 0.525 0.478125 0.525 0.476562 0.522222 0.476562 0.519444 0.475 0.516667 0.475 0.513889 0.473437 0.511111 0.473437 0.508333 0.471875 0.505556 0.471875 0.502778 0.467187 0.494444 0.465625 0.494444 0.464063 0.491667 0.457812 0.491667 0.45625 0.494444 0.446875 0.494444 0.445312 0.491667 0.44375 0.491667 0.442187 0.494444 0.440625 0.494444 0.4375 0.488889 0.4375 0.486111 0.435937 0.483333 0.435937 0.472222 0.442187 0.461111 0.445312 0.461111 0.446875 0.458333 0.448438 0.458333 0.45 0.455556 0.451562 0.455556 0.453125 0.452778 0.454688 0.452778 0.45625 0.45 0.457812 0.45 0.459375 0.447222 0.459375 0.441667 0.460938 0.438889 0.460938 0.427778 0.457812 0.422222 0.45625 0.422222 0.454688 0.419444 0.453125 0.419444 0.451562 0.416667 0.45 0.419444 0.439063 0.419444 0.4375 0.416667 0.435937 0.416667 0.432813 0.411111 0.43125 0.413889 0.428125 0.413889 0.421875 0.425 0.420312 0.425 0.41875 0.427778 0.417188 0.427778 0.415625 0.430556 0.401563 0.430556 0.4 0.433333 0.38125 0.433333 0.379687 0.430556 0.378125 0.430556 0.375 0.425 0.375 0.416667 0.373437 0.413889 0.373437 0.408333 0.371875 0.405556 0.371875 0.391667 0.373437 0.388889 0.373437 0.386111 0.375 0.383333 0.375 0.380556 0.376563 0.377778 0.378125 0.377778 0.384375 0.366667 0.384375 0.363889 0.3875 0.358333 0.3875 0.355556 0.392188 0.347222 0.392188 0.344444 0.39375 0.341667 0.39375 0.338889 0.395312 0.336111 0.395312 0.333333 0.398438 0.327778 0.398438 0.322222 0.4 0.319444 0.4 0.313889 0.401563 0.311111 0.401563 0.308333 0.403125 0.305556 0.403125 0.291667 0.401563 0.288889 0.401563 0.283333 0.4 0.280556 0.4 0.277778 0.398438 0.275 0.398438 0.272222 0.396875 0.272222 0.395312 0.269444 0.395312 0.266667 0.39375 0.263889 0.392188 0.263889 0.390625 0.261111 0.390625 0.25 0.947891
2 0.848437 0.227778 0.848437 0.236111 0.846875 0.238889 0.839063 0.238889 0.8375 0.241667 0.826563 0.241667 0.825 0.244444 0.81875 0.244444 0.817187 0.247222 0.810938 0.247222 0.809375 0.25 0.803125 0.25 0.801562 0.252778 0.795313 0.252778 0.79375 0.255556 0.785937 0.255556 0.784375 0.258333 0.773438 0.258333 0.771875 0.261111 0.764063 0.261111 0.7625 0.263889 0.751562 0.263889 0.75 0.266667 0.725 0.266667 0.723437 0.269444 0.70625 0.269444 0.704687 0.272222 0.7 0.272222 0.698438 0.275 0.692187 0.275 0.690625 0.277778 0.68125 0.277778 0.679688 0.280556 0.673437 0.280556 0.671875 0.283333 0.665625 0.283333 0.664062 0.286111 0.654688 0.286111 0.653125 0.288889 0.642187 0.288889 0.640625 0.291667 0.63125 0.291667 0.629687 0.294444 0.623438 0.294444 0.621875 0.297222 0.61875 0.297222 0.617188 0.3 0.610937 0.3 0.609375 0.302778 0.601562 0.302778 0.6 0.305556 0.6 0.316667 0.603125 0.322222 0.603125 0.325 0.607813 0.333333 0.607813 0.336111 0.609375 0.338889 0.609375 0.361111 0.607813 0.363889 0.607813 0.369444 0.60625 0.372222 0.60625 0.375 0.604688 0.377778 0.604688 0.380556 0.601562 0.386111 0.601562 0.388889 0.595312 0.4 0.595312 0.402778 0.589063 0.413889 0.589063 0.416667 0.58125 0.430556 0.58125 0.433333 0.575 0.444444 0.575 0.447222 0.56875 0.458333 0.56875 0.461111 0.567187 0.463889 0.567187 0.466667 0.564062 0.472222 0.564062 0.475 0.5625 0.477778 0.5625 0.480556 0.559375 0.486111 0.559375 0.488889 0.557813 0.491667 0.557813 0.494444 0.55625 0.497222 0.55625 0.5 0.553125 0.505556 0.553125 0.508333 0.551562 0.511111 0.551562 0.513889 0.55 0.516667 0.55 0.519444 0.546875 0.525 0.546875 0.527778 0.545313 0.530556 0.545313 0.544444 0.54375 0.547222 0.54375 0.566667 0.542188 0.569444 0.542188 0.619444 0.540625 0.622222 0.540625 0.666667 0.542188 0.669444 0.542188 0.708333 0.5375 0.716667 0.535937 0.716667 0.534375 0.719444 0.528125 0.719444 0.528125 0.833333 0.532812 0.833333 0.535937 0.838889 0.535937 0.844444 0.5375 0.847222 0.5375 0.85 0.539062 0.852778 0.539062 0.855556 0.540625 0.858333 0.540625 0.861111 0.54375 0.866667 0.54375 0.869444 0.55625 0.891667 0.557813 0.891667 0.560938 0.897222 0.5625 0.897222 0.564062 0.9 0.565625 0.9 0.56875 0.905556 0.570312 0.905556 0.571875 0.908333 0.573438 0.908333 0.575 0.911111 0.576563 0.911111 0.578125 0.913889 0.579687 0.913889 0.58125 0.916667 0.582812 0.916667 0.584375 0.919444 0.585938 0.919444 0.5875 0.922222 0.589063 0.922222 0.590625 0.925 0.592188 0.925 0.59375 0.927778 0.595312 0.927778 0.596875 0.930556 0.598437 0.930556 0.6 0.933333 0.601562 0.933333 0.603125 0.936111 0.604688 0.936111 0.607813 0.941667 0.609375 0.941667 0.610937 0.944444 0.6125 0.944444 0.614062 0.947222 0.615625 0.947222 0.617188 0.95 0.61875 0.95 0.620313 0.952778 0.623438 0.952778 0.625 0.955556 0.628125 0.955556 0.629687 0.958333 0.63125 0.958333 0.634375 0.963889 0.635938 0.963889 0.639063 0.969444 0.640625 0.969444 0.642187 0.972222 0.642187 0.975 0.64375 0.977778 0.64375 0.980556 0.645312 0.983333 0.645312 1 0.998438 1 0.998438 0.227778 0.852724
0 0.359375 0.25 0.359375 0.258333 0.35 0.275 0.35 0.277778 0.345313 0.286111 0.345313 0.288889 0.342187 0.294444 0.342187 0.297222 0.335938 0.308333 0.335938 0.311111 0.33125 0.319444 0.328125 0.319444 0.320312 0.333333 0.31875 0.333333 0.314063 0.341667 0.3125 0.341667 0.310937 0.344444 0.309375 0.344444 0.296875 0.366667 0.296875 0.369444 0.292188 0.377778 0.292188 0.380556 0.290625 0.383333 0.290625 0.386111 0.289062 0.388889 0.289062 0.391667 0.2875 0.394444 0.2875 0.397222 0.285937 0.4 0.285937 0.402778 0.284375 0.405556 0.284375 0.408333 0.282813 0.411111 0.278125 0.411111 0.278125 0.652778 0.282813 0.652778 0.284375 0.655556 0.284375 0.672222 0.285937 0.675 0.285937 0.691667 0.2875 0.694444 0.2875 0.7 0.289062 0.702778 0.289062 0.708333 0.290625 0.711111 0.290625 0.722222 0.292188 0.725 0.292188 0.730556 0.29375 0.733333 0.29375 0.738889 0.295312 0.741667 0.295312 0.744444 0.296875 0.747222 0.296875 0.755556 0.298438 0.758333 0.298438 0.766667 0.3 0.769444 0.3 0.783333 0.301562 0.786111 0.301562 0.794444 0.303125 0.797222 0.303125 0.875 0.301562 0.877778 0.301562 0.891667 0.3 0.894444 0.3 0.925 0.298438 0.927778 0.298438 0.963889 0.296875 0.966667 0.296875 0.977778 0.295312 0.980556 0.295312 1 0.365625 1 0.365625 0.991667 0.367188 0.988889 0.370313 0.988889 0.371875 0.986111 0.375 0.986111 0.376563 0.983333 0.38125 0.983333 0.382812 0.980556 0.384375 0.980556 0.385938 0.977778 0.389062 0.977778 0.390625 0.975 0.392188 0.975 0.396875 0.966667 0.396875 0.963889 0.398438 0.961111 0.398438 0.955556 0.4 0.952778 0.4 0.947222 0.395312 0.938889 0.392188 0.938889 0.390625 0.936111 0.385938 0.936111 0.384375 0.933333 0.382812 0.933333 0.38125 0.930556 0.379687 0.930556 0.378125 0.927778 0.376563 0.927778 0.375 0.925 0.375 0.922222 0.371875 0.916667 0.371875 0.911111 0.370313 0.908333 0.370313 0.9 0.36875 0.897222 0.36875 0.872222 0.370313 0.869444 0.370313 0.847222 0.371875 0.844444 0.371875 0.783333 0.370313 0.780556 0.370313 0.777778 0.371875 0.775 0.371875 0.772222 0.370313 0.769444 0.370313 0.675 0.371875 0.672222 0.371875 0.652778 0.370313 0.65 0.370313 0.633333 0.36875 0.630556 0.36875 0.613889 0.370313 0.611111 0.370313 0.608333 0.371875 0.605556 0.371875 0.602778 0.373437 0.6 0.373437 0.597222 0.376563 0.591667 0.376563 0.588889 0.379687 0.583333 0.379687 0.580556 0.38125 0.577778 0.38125 0.572222 0.382812 0.569444 0.382812 0.566667 0.389062 0.555556 0.396875 0.555556 0.398438 0.552778 0.404687 0.552778 0.40625 0.55 0.4125 0.55 0.414062 0.547222 0.420312 0.547222 0.421875 0.544444 0.423438 0.547222 0.453125 0.547222 0.454688 0.544444 0.459375 0.544444 0.460938 0.541667 0.464063 0.541667 0.465625 0.538889 0.467187 0.538889 0.470313 0.533333 0.471875 0.533333 0.475 0.527778 0.476562 0.527778 0.478125 0.525 0.482812 0.525 0.478125 0.525 0.476562 0.522222 0.476562 0.519444 0.475 0.516667 0.475 0.513889 0.473437 0.511111 0.473437 0.508333 0.471875 0.505556 0.471875 0.502778 0.467187 0.494444 0.465625 0.494444 0.464063 0.491667 0.457812 0.491667 0.45625 0.494444 0.446875 0.494444 0.445312 0.491667 0.44375 0.491667 0.442187 0.494444 0.440625 0.494444 0.4375 0.488889 0.4375 0.486111 0.435937 0.483333 0.435937 0.472222 0.442187 0.461111 0.445312 0.461111 0.446875 0.458333 0.448438 0.458333 0.45 0.455556 0.451562 0.455556 0.453125 0.452778 0.454688 0.452778 0.45625 0.45 0.457812 0.45 0.459375 0.447222 0.459375 0.441667 0.460938 0.438889 0.460938 0.427778 0.457812 0.422222 0.45625 0.422222 0.454688 0.419444 0.453125 0.419444 0.451562 0.416667 0.45 0.419444 0.439063 0.419444 0.4375 0.416667 0.435937 0.416667 0.432813 0.411111 0.43125 0.413889 0.428125 0.413889 0.421875 0.425 0.420312 0.425 0.41875 0.427778 0.417188 0.427778 0.415625 0.430556 0.401563 0.430556 0.4 0.433333 0.38125 0.433333 0.379687 0.430556 0.378125 0.430556 0.375 0.425 0.375 0.416667 0.373437 0.413889 0.373437 0.408333 0.371875 0.405556 0.371875 0.391667 0.373437 0.388889 0.373437 0.386111 0.375 0.383333 0.375 0.380556 0.376563 0.377778 0.378125 0.377778 0.384375 0.366667 0.384375 0.363889 0.3875 0.358333 0.3875 0.355556 0.392188 0.347222 0.392188 0.344444 0.39375 0.341667 0.39375 0.338889 0.395312 0.336111 0.395312 0.333333 0.398438 0.327778 0.398438 0.322222 0.4 0.319444 0.4 0.313889 0.401563 0.311111 0.401563 0.308333 0.403125 0.305556 0.403125 0.291667 0.401563 0.288889 0.401563 0.283333 0.4 0.280556 0.4 0.277778 0.398438 0.275 0.398438 0.272222 0.396875 0.272222 0.395312 0.269444 0.395312 0.266667 0.39375 0.263889 0.392188 0.263889 0.390625 0.261111 0.390625 0.25 0.947891
2 0.848437 0.227778 0.848437 0.236111 0.846875 0.238889 0.839063 0.238889 0.8375 0.241667 0.826563 0.241667 0.825 0.244444 0.81875 0.244444 0.817187 0.247222 0.810938 0.247222 0.809375 0.25 0.803125 0.25 0.801562 0.252778 0.795313 0.252778 0.79375 0.255556 0.785937 0.255556 0.784375 0.258333 0.773438 0.258333 0.771875 0.261111 0.764063 0.261111 0.7625 0.263889 0.751562 0.263889 0.75 0.266667 0.725 0.266667 0.723437 0.269444 0.70625 0.269444 0.704687 0.272222 0.7 0.272222 0.698438 0.275 0.692187 0.275 0.690625 0.277778 0.68125 0.277778 0.679688 0.280556 0.673437 0.280556 0.671875 0.283333 0.665625 0.283333 0.664062 0.286111 0.654688 0.286111 0.653125 0.288889 0.642187 0.288889 0.640625 0.291667 0.63125 0.291667 0.629687 0.294444 0.623438 0.294444 0.621875 0.297222 0.61875 0.297222 0.617188 0.3 0.610937 0.3 0.609375 0.302778 0.601562 0.302778 0.6 0.305556 0.6 0.316667 0.603125 0.322222 0.603125 0.325 0.607813 0.333333 0.607813 0.336111 0.609375 0.338889 0.609375 0.361111 0.607813 0.363889 0.607813 0.369444 0.60625 0.372222 0.60625 0.375 0.604688 0.377778 0.604688 0.380556 0.601562 0.386111 0.601562 0.388889 0.595312 0.4 0.595312 0.402778 0.589063 0.413889 0.589063 0.416667 0.58125 0.430556 0.58125 0.433333 0.575 0.444444 0.575 0.447222 0.56875 0.458333 0.56875 0.461111 0.567187 0.463889 0.567187 0.466667 0.564062 0.472222 0.564062 0.475 0.5625 0.477778 0.5625 0.480556 0.559375 0.486111 0.559375 0.488889 0.557813 0.491667 0.557813 0.494444 0.55625 0.497222 0.55625 0.5 0.553125 0.505556 0.553125 0.508333 0.551562 0.511111 0.551562 0.513889 0.55 0.516667 0.55 0.519444 0.546875 0.525 0.546875 0.527778 0.545313 0.530556 0.545313 0.544444 0.54375 0.547222 0.54375 0.566667 0.542188 0.569444 0.542188 0.619444 0.540625 0.622222 0.540625 0.666667 0.542188 0.669444 0.542188 0.708333 0.5375 0.716667 0.535937 0.716667 0.534375 0.719444 0.528125 0.719444 0.528125 0.833333 0.532812 0.833333 0.535937 0.838889 0.535937 0.844444 0.5375 0.847222 0.5375 0.85 0.539062 0.852778 0.539062 0.855556 0.540625 0.858333 0.540625 0.861111 0.54375 0.866667 0.54375 0.869444 0.55625 0.891667 0.557813 0.891667 0.560938 0.897222 0.5625 0.897222 0.564062 0.9 0.565625 0.9 0.56875 0.905556 0.570312 0.905556 0.571875 0.908333 0.573438 0.908333 0.575 0.911111 0.576563 0.911111 0.578125 0.913889 0.579687 0.913889 0.58125 0.916667 0.582812 0.916667 0.584375 0.919444 0.585938 0.919444 0.5875 0.922222 0.589063 0.922222 0.590625 0.925 0.592188 0.925 0.59375 0.927778 0.595312 0.927778 0.596875 0.930556 0.598437 0.930556 0.6 0.933333 0.601562 0.933333 0.603125 0.936111 0.604688 0.936111 0.607813 0.941667 0.609375 0.941667 0.610937 0.944444 0.6125 0.944444 0.614062 0.947222 0.615625 0.947222 0.617188 0.95 0.61875 0.95 0.620313 0.952778 0.623438 0.952778 0.625 0.955556 0.628125 0.955556 0.629687 0.958333 0.63125 0.958333 0.634375 0.963889 0.635938 0.963889 0.639063 0.969444 0.640625 0.969444 0.642187 0.972222 0.642187 0.975 0.64375 0.977778 0.64375 0.980556 0.645312 0.983333 0.645312 1 0.998438 1 0.998438 0.227778 0.852724
0 0.359375 0.25 0.359375 0.258333 0.35 0.275 0.35 0.277778 0.345313 0.286111 0.345313 0.288889 0.342187 0.294444 0.342187 0.297222 0.335938 0.308333 0.335938 0.311111 0.33125 0.319444 0.328125 0.319444 0.320312 0.333333 0.31875 0.333333 0.314063 0.341667 0.3125 0.341667 0.310937 0.344444 0.309375 0.344444 0.296875 0.366667 0.296875 0.369444 0.292188 0.377778 0.292188 0.380556 0.290625 0.383333 0.290625 0.386111 0.289062 0.388889 0.289062 0.391667 0.2875 0.394444 0.2875 0.397222 0.285937 0.4 0.285937 0.402778 0.284375 0.405556 0.284375 0.408333 0.282813 0.411111 0.278125 0.411111 0.278125 0.652778 0.282813 0.652778 0.284375 0.655556 0.284375 0.672222 0.285937 0.675 0.285937 0.691667 0.2875 0.694444 0.2875 0.7 0.289062 0.702778 0.289062 0.708333 0.290625 0.711111 0.290625 0.722222 0.292188 0.725 0.292188 0.730556 0.29375 0.733333 0.29375 0.738889 0.295312 0.741667 0.295312 0.744444 0.296875 0.747222 0.296875 0.755556 0.298438 0.758333 0.298438 0.766667 0.3 0.769444 0.3 0.783333 0.301562 0.786111 0.301562 0.794444 0.303125 0.797222 0.303125 0.875 0.301562 0.877778 0.301562 0.891667 0.3 0.894444 0.3 0.925 0.298438 0.927778 0.298438 0.963889 0.296875 0.966667 0.296875 0.977778 0.295312 0.980556 0.295312 1 0.365625 1 0.365625 0.991667 0.367188 0.988889 0.370313 0.988889 0.371875 0.986111 0.375 0.986111 0.376563 0.983333 0.38125 0.983333 0.382812 0.980556 0.384375 0.980556 0.385938 0.977778 0.389062 0.977778 0.390625 0.975 0.392188 0.975 0.396875 0.966667 0.396875 0.963889 0.398438 0.961111 0.398438 0.955556 0.4 0.952778 0.4 0.947222 0.395312 0.938889 0.392188 0.938889 0.390625 0.936111 0.385938 0.936111 0.384375 0.933333 0.382812 0.933333 0.38125 0.930556 0.379687 0.930556 0.378125 0.927778 0.376563 0.927778 0.375 0.925 0.375 0.922222 0.371875 0.916667 0.371875 0.911111 0.370313 0.908333 0.370313 0.9 0.36875 0.897222 0.36875 0.872222 0.370313 0.869444 0.370313 0.847222 0.371875 0.844444 0.371875 0.783333 0.370313 0.780556 0.370313 0.777778 0.371875 0.775 0.371875 0.772222 0.370313 0.769444 0.370313 0.675 0.371875 0.672222 0.371875 0.652778 0.370313 0.65 0.370313 0.633333 0.36875 0.630556 0.36875 0.613889 0.370313 0.611111 0.370313 0.608333 0.371875 0.605556 0.371875 0.602778 0.373437 0.6 0.373437 0.597222 0.376563 0.591667 0.376563 0.588889 0.379687 0.583333 0.379687 0.580556 0.38125 0.577778 0.38125 0.572222 0.382812 0.569444 0.382812 0.566667 0.389062 0.555556 0.396875 0.555556 0.398438 0.552778 0.404687 0.552778 0.40625 0.55 0.4125 0.55 0.414062 0.547222 0.420312 0.547222 0.421875 0.544444 0.423438 0.547222 0.453125 0.547222 0.454688 0.544444 0.459375 0.544444 0.460938 0.541667 0.464063 0.541667 0.465625 0.538889 0.467187 0.538889 0.470313 0.533333 0.471875 0.533333 0.475 0.527778 0.476562 0.527778 0.478125 0.525 0.482812 0.525 0.478125 0.525 0.476562 0.522222 0.476562 0.519444 0.475 0.516667 0.475 0.513889 0.473437 0.511111 0.473437 0.508333 0.471875 0.505556 0.471875 0.502778 0.467187 0.494444 0.465625 0.494444 0.464063 0.491667 0.457812 0.491667 0.45625 0.494444 0.446875 0.494444 0.445312 0.491667 0.44375 0.491667 0.442187 0.494444 0.440625 0.494444 0.4375 0.488889 0.4375 0.486111 0.435937 0.483333 0.435937 0.472222 0.442187 0.461111 0.445312 0.461111 0.446875 0.458333 0.448438 0.458333 0.45 0.455556 0.451562 0.455556 0.453125 0.452778 0.454688 0.452778 0.45625 0.45 0.457812 0.45 0.459375 0.447222 0.459375 0.441667 0.460938 0.438889 0.460938 0.427778 0.457812 0.422222 0.45625 0.422222 0.454688 0.419444 0.453125 0.419444 0.451562 0.416667 0.45 0.419444 0.439063 0.419444 0.4375 0.416667 0.435937 0.416667 0.432813 0.411111 0.43125 0.413889 0.428125 0.413889 0.421875 0.425 0.420312 0.425 0.41875 0.427778 0.417188 0.427778 0.415625 0.430556 0.401563 0.430556 0.4 0.433333 0.38125 0.433333 0.379687 0.430556 0.378125 0.430556 0.375 0.425 0.375 0.416667 0.373437 0.413889 0.373437 0.408333 0.371875 0.405556 0.371875 0.391667 0.373437 0.388889 0.373437 0.386111 0.375 0.383333 0.375 0.380556 0.376563 0.377778 0.378125 0.377778 0.384375 0.366667 0.384375 0.363889 0.3875 0.358333 0.3875 0.355556 0.392188 0.347222 0.392188 0.344444 0.39375 0.341667 0.39375 0.338889 0.395312 0.336111 0.395312 0.333333 0.398438 0.327778 0.398438 0.322222 0.4 0.319444 0.4 0.313889 0.401563 0.311111 0.401563 0.308333 0.403125 0.305556 0.403125 0.291667 0.401563 0.288889 0.401563 0.283333 0.4 0.280556 0.4 0.277778 0.398438 0.275 0.398438 0.272222 0.396875 0.272222 0.395312 0.269444 0.395312 0.266667 0.39375 0.263889 0.392188 0.263889 0.390625 0.261111 0.390625 0.25 0.947891
2 0.848437 0.227778 0.848437 0.236111 0.846875 0.238889 0.839063 0.238889 0.8375 0.241667 0.826563 0.241667 0.825 0.244444 0.81875 0.244444 0.817187 0.247222 0.810938 0.247222 0.809375 0.25 0.803125 0.25 0.801562 0.252778 0.795313 0.252778 0.79375 0.255556 0.785937 0.255556 0.784375 0.258333 0.773438 0.258333 0.771875 0.261111 0.764063 0.261111 0.7625 0.263889 0.751562 0.263889 0.75 0.266667 0.725 0.266667 0.723437 0.269444 0.70625 0.269444 0.704687 0.272222 0.7 0.272222 0.698438 0.275 0.692187 0.275 0.690625 0.277778 0.68125 0.277778 0.679688 0.280556 0.673437 0.280556 0.671875 0.283333 0.665625 0.283333 0.664062 0.286111 0.654688 0.286111 0.653125 0.288889 0.642187 0.288889 0.640625 0.291667 0.63125 0.291667 0.629687 0.294444 0.623438 0.294444 0.621875 0.297222 0.61875 0.297222 0.617188 0.3 0.610937 0.3 0.609375 0.302778 0.601562 0.302778 0.6 0.305556 0.6 0.316667 0.603125 0.322222 0.603125 0.325 0.607813 0.333333 0.607813 0.336111 0.609375 0.338889 0.609375 0.361111 0.607813 0.363889 0.607813 0.369444 0.60625 0.372222 0.60625 0.375 0.604688 0.377778 0.604688 0.380556 0.601562 0.386111 0.601562 0.388889 0.595312 0.4 0.595312 0.402778 0.589063 0.413889 0.589063 0.416667 0.58125 0.430556 0.58125 0.433333 0.575 0.444444 0.575 0.447222 0.56875 0.458333 0.56875 0.461111 0.567187 0.463889 0.567187 0.466667 0.564062 0.472222 0.564062 0.475 0.5625 0.477778 0.5625 0.480556 0.559375 0.486111 0.559375 0.488889 0.557813 0.491667 0.557813 0.494444 0.55625 0.497222 0.55625 0.5 0.553125 0.505556 0.553125 0.508333 0.551562 0.511111 0.551562 0.513889 0.55 0.516667 0.55 0.519444 0.546875 0.525 0.546875 0.527778 0.545313 0.530556 0.545313 0.544444 0.54375 0.547222 0.54375 0.566667 0.542188 0.569444 0.542188 0.619444 0.540625 0.622222 0.540625 0.666667 0.542188 0.669444 0.542188 0.708333 0.5375 0.716667 0.535937 0.716667 0.534375 0.719444 0.528125 0.719444 0.528125 0.833333 0.532812 0.833333 0.535937 0.838889 0.535937 0.844444 0.5375 0.847222 0.5375 0.85 0.539062 0.852778 0.539062 0.855556 0.540625 0.858333 0.540625 0.861111 0.54375 0.866667 0.54375 0.869444 0.55625 0.891667 0.557813 0.891667 0.560938 0.897222 0.5625 0.897222 0.564062 0.9 0.565625 0.9 0.56875 0.905556 0.570312 0.905556 0.571875 0.908333 0.573438 0.908333 0.575 0.911111 0.576563 0.911111 0.578125 0.913889 0.579687 0.913889 0.58125 0.916667 0.582812 0.916667 0.584375 0.919444 0.585938 0.919444 0.5875 0.922222 0.589063 0.922222 0.590625 0.925 0.592188 0.925 0.59375 0.927778 0.595312 0.927778 0.596875 0.930556 0.598437 0.930556 0.6 0.933333 0.601562 0.933333 0.603125 0.936111 0.604688 0.936111 0.607813 0.941667 0.609375 0.941667 0.610937 0.944444 0.6125 0.944444 0.614062 0.947222 0.615625 0.947222 0.617188 0.95 0.61875 0.95 0.620313 0.952778 0.623438 0.952778 0.625 0.955556 0.628125 0.955556 0.629687 0.958333 0.63125 0.958333 0.634375 0.963889 0.635938 0.963889 0.639063 0.969444 0.640625 0.969444 0.642187 0.972222 0.642187 0.975 0.64375 0.977778 0.64375 0.980556 0.645312 0.983333 0.645312 1 0.998438 1 0.998438 0.227778 0.852724
0 0.359375 0.25 0.359375 0.258333 0.35 0.275 0.35 0.277778 0.345313 0.286111 0.345313 0.288889 0.342187 0.294444 0.342187 0.297222 0.335938 0.308333 0.335938 0.311111 0.33125 0.319444 0.328125 0.319444 0.320312 0.333333 0.31875 0.333333 0.314063 0.341667 0.3125 0.341667 0.310937 0.344444 0.309375 0.344444 0.296875 0.366667 0.296875 0.369444 0.292188 0.377778 0.292188 0.380556 0.290625 0.383333 0.290625 0.386111 0.289062 0.388889 0.289062 0.391667 0.2875 0.394444 0.2875 0.397222 0.285937 0.4 0.285937 0.402778 0.284375 0.405556 0.284375 0.408333 0.282813 0.411111 0.278125 0.411111 0.278125 0.652778 0.282813 0.652778 0.284375 0.655556 0.284375 0.672222 0.285937 0.675 0.285937 0.691667 0.2875 0.694444 0.2875 0.7 0.289062 0.702778 0.289062 0.708333 0.290625 0.711111 0.290625 0.722222 0.292188 0.725 0.292188 0.730556 0.29375 0.733333 0.29375 0.738889 0.295312 0.741667 0.295312 0.744444 0.296875 0.747222 0.296875 0.755556 0.298438 0.758333 0.298438 0.766667 0.3 0.769444 0.3 0.783333 0.301562 0.786111 0.301562 0.794444 0.303125 0.797222 0.303125 0.875 0.301562 0.877778 0.301562 0.891667 0.3 0.894444 0.3 0.925 0.298438 0.927778 0.298438 0.963889 0.296875 0.966667 0.296875 0.977778 0.295312 0.980556 0.295312 1 0.365625 1 0.365625 0.991667 0.367188 0.988889 0.370313 0.988889 0.371875 0.986111 0.375 0.986111 0.376563 0.983333 0.38125 0.983333 0.382812 0.980556 0.384375 0.980556 0.385938 0.977778 0.389062 0.977778 0.390625 0.975 0.392188 0.975 0.396875 0.966667 0.396875 0.963889 0.398438 0.961111 0.398438 0.955556 0.4 0.952778 0.4 0.947222 0.395312 0.938889 0.392188 0.938889 0.390625 0.936111 0.385938 0.936111 0.384375 0.933333 0.382812 0.933333 0.38125 0.930556 0.379687 0.930556 0.378125 0.927778 0.376563 0.927778 0.375 0.925 0.375 0.922222 0.371875 0.916667 0.371875 0.911111 0.370313 0.908333 0.370313 0.9 0.36875 0.897222 0.36875 0.872222 0.370313 0.869444 0.370313 0.847222 0.371875 0.844444 0.371875 0.783333 0.370313 0.780556 0.370313 0.777778 0.371875 0.775 0.371875 0.772222 0.370313 0.769444 0.370313 0.675 0.371875 0.672222 0.371875 0.652778 0.370313 0.65 0.370313 0.633333 0.36875 0.630556 0.36875 0.613889 0.370313 0.611111 0.370313 0.608333 0.371875 0.605556 0.371875 0.602778 0.373437 0.6 0.373437 0.597222 0.376563 0.591667 0.376563 0.588889 0.379687 0.583333 0.379687 0.580556 0.38125 0.577778 0.38125 0.572222 0.382812 0.569444 0.382812 0.566667 0.389062 0.555556 0.396875 0.555556 0.398438 0.552778 0.404687 0.552778 0.40625 0.55 0.4125 0.55 0.414062 0.547222 0.420312 0.547222 0.421875 0.544444 0.423438 0.547222 0.453125 0.547222 0.454688 0.544444 0.459375 0.544444 0.460938 0.541667 0.464063 0.541667 0.465625 0.538889 0.467187 0.538889 0.470313 0.533333 0.471875 0.533333 0.475 0.527778 0.476562 0.527778 0.478125 0.525 0.482812 0.525 0.478125 0.525 0.476562 0.522222 0.476562 0.519444 0.475 0.516667 0.475 0.513889 0.473437 0.511111 0.473437 0.508333 0.471875 0.505556 0.471875 0.502778 0.467187 0.494444 0.465625 0.494444 0.464063 0.491667 0.457812 0.491667 0.45625 0.494444 0.446875 0.494444 0.445312 0.491667 0.44375 0.491667 0.442187 0.494444 0.440625 0.494444 0.4375 0.488889 0.4375 0.486111 0.435937 0.483333 0.435937 0.472222 0.442187 0.461111 0.445312 0.461111 0.446875 0.458333 0.448438 0.458333 0.45 0.455556 0.451562 0.455556 0.453125 0.452778 0.454688 0.452778 0.45625 0.45 0.457812 0.45 0.459375 0.447222 0.459375 0.441667 0.460938 0.438889 0.460938 0.427778 0.457812 0.422222 0.45625 0.422222 0.454688 0.419444 0.453125 0.419444 0.451562 0.416667 0.45 0.419444 0.439063 0.419444 0.4375 0.416667 0.435937 0.416667 0.432813 0.411111 0.43125 0.413889 0.428125 0.413889 0.421875 0.425 0.420312 0.425 0.41875 0.427778 0.417188 0.427778 0.415625 0.430556 0.401563 0.430556 0.4 0.433333 0.38125 0.433333 0.379687 0.430556 0.378125 0.430556 0.375 0.425 0.375 0.416667 0.373437 0.413889 0.373437 0.408333 0.371875 0.405556 0.371875 0.391667 0.373437 0.388889 0.373437 0.386111 0.375 0.383333 0.375 0.380556 0.376563 0.377778 0.378125 0.377778 0.384375 0.366667 0.384375 0.363889 0.3875 0.358333 0.3875 0.355556 0.392188 0.347222 0.392188 0.344444 0.39375 0.341667 0.39375 0.338889 0.395312 0.336111 0.395312 0.333333 0.398438 0.327778 0.398438 0.322222 0.4 0.319444 0.4 0.313889 0.401563 0.311111 0.401563 0.308333 0.403125 0.305556 0.403125 0.291667 0.401563 0.288889 0.401563 0.283333 0.4 0.280556 0.4 0.277778 0.398438 0.275 0.398438 0.272222 0.396875 0.272222 0.395312 0.269444 0.395312 0.266667 0.39375 0.263889 0.392188 0.263889 0.390625 0.261111 0.390625 0.25 0.947891
2 0.848437 0.227778 0.848437 0.236111 0.846875 0.238889 0.839063 0.238889 0.8375 0.241667 0.826563 0.241667 0.825 0.244444 0.81875 0.244444 0.817187 0.247222 0.810938 0.247222 0.809375 0.25 0.803125 0.25 0.801562 0.252778 0.795313 0.252778 0.79375 0.255556 0.785937 0.255556 0.784375 0.258333 0.773438 0.258333 0.771875 0.261111 0.764063 0.261111 0.7625 0.263889 0.751562 0.263889 0.75 0.266667 0.725 0.266667 0.723437 0.269444 0.70625 0.269444 0.704687 0.272222 0.7 0.272222 0.698438 0.275 0.692187 0.275 0.690625 0.277778 0.68125 0.277778 0.679688 0.280556 0.673437 0.280556 0.671875 0.283333 0.665625 0.283333 0.664062 0.286111 0.654688 0.286111 0.653125 0.288889 0.642187 0.288889 0.640625 0.291667 0.63125 0.291667 0.629687 0.294444 0.623438 0.294444 0.621875 0.297222 0.61875 0.297222 0.617188 0.3 0.610937 0.3 0.609375 0.302778 0.601562 0.302778 0.6 0.305556 0.6 0.316667 0.603125 0.322222 0.603125 0.325 0.607813 0.333333 0.607813 0.336111 0.609375 0.338889 0.609375 0.361111 0.607813 0.363889 0.607813 0.369444 0.60625 0.372222 0.60625 0.375 0.604688 0.377778 0.604688 0.380556 0.601562 0.386111 0.601562 0.388889 0.595312 0.4 0.595312 0.402778 0.589063 0.413889 0.589063 0.416667 0.58125 0.430556 0.58125 0.433333 0.575 0.444444 0.575 0.447222 0.56875 0.458333 0.56875 0.461111 0.567187 0.463889 0.567187 0.466667 0.564062 0.472222 0.564062 0.475 0.5625 0.477778 0.5625 0.480556 0.559375 0.486111 0.559375 0.488889 0.557813 0.491667 0.557813 0.494444 0.55625 0.497222 0.55625 0.5 0.553125 0.505556 0.553125 0.508333 0.551562 0.511111 0.551562 0.513889 0.55 0.516667 0.55 0.519444 0.546875 0.525 0.546875 0.527778 0.545313 0.530556 0.545313 0.544444 0.54375 0.547222 0.54375 0.566667 0.542188 0.569444 0.542188 0.619444 0.540625 0.622222 0.540625 0.666667 0.542188 0.669444 0.542188 0.708333 0.5375 0.716667 0.535937 0.716667 0.534375 0.719444 0.528125 0.719444 0.528125 0.833333 0.532812 0.833333 0.535937 0.838889 0.535937 0.844444 0.5375 0.847222 0.5375 0.85 0.539062 0.852778 0.539062 0.855556 0.540625 0.858333 0.540625 0.861111 0.54375 0.866667 0.54375 0.869444 0.55625 0.891667 0.557813 0.891667 0.560938 0.897222 0.5625 0.897222 0.564062 0.9 0.565625 0.9 0.56875 0.905556 0.570312 0.905556 0.571875 0.908333 0.573438 0.908333 0.575 0.911111 0.576563 0.911111 0.578125 0.913889 0.579687 0.913889 0.58125 0.916667 0.582812 0.916667 0.584375 0.919444 0.585938 0.919444 0.5875 0.922222 0.589063 0.922222 0.590625 0.925 0.592188 0.925 0.59375 0.927778 0.595312 0.927778 0.596875 0.930556 0.598437 0.930556 0.6 0.933333 0.601562 0.933333 0.603125 0.936111 0.604688 0.936111 0.607813 0.941667 0.609375 0.941667 0.610937 0.944444 0.6125 0.944444 0.614062 0.947222 0.615625 0.947222 0.617188 0.95 0.61875 0.95 0.620313 0.952778 0.623438 0.952778 0.625 0.955556 0.628125 0.955556 0.629687 0.958333 0.63125 0.958333 0.634375 0.963889 0.635938 0.963889 0.639063 0.969444 0.640625 0.969444 0.642187 0.972222 0.642187 0.975 0.64375 0.977778 0.64375 0.980556 0.645312 0.983333 0.645312 1 0.998438 1 0.998438 0.227778 0.852724
0 0.359375 0.25 0.359375 0.258333 0.35 0.275 0.35 0.277778 0.345313 0.286111 0.345313 0.288889 0.342187 0.294444 0.342187 0.297222 0.335938 0.308333 0.335938 0.311111 0.33125 0.319444 0.328125 0.319444 0.320312 0.333333 0.31875 0.333333 0.314063 0.341667 0.3125 0.341667 0.310937 0.344444 0.309375 0.344444 0.296875 0.366667 0.296875 0.369444 0.292188 0.377778 0.292188 0.380556 0.290625 0.383333 0.290625 0.386111 0.289062 0.388889 0.289062 0.391667 0.2875 0.394444 0.2875 0.397222 0.285937 0.4 0.285937 0.402778 0.284375 0.405556 0.284375 0.408333 0.282813 0.411111 0.278125 0.411111 0.278125 0.652778 0.282813 0.652778 0.284375 0.655556 0.284375 0.672222 0.285937 0.675 0.285937 0.691667 0.2875 0.694444 0.2875 0.7 0.289062 0.702778 0.289062 0.708333 0.290625 0.711111 0.290625 0.722222 0.292188 0.725 0.292188 0.730556 0.29375 0.733333 0.29375 0.738889 0.295312 0.741667 0.295312 0.744444 0.296875 0.747222 0.296875 0.755556 0.298438 0.758333 0.298438 0.766667 0.3 0.769444 0.3 0.783333 0.301562 0.786111 0.301562 0.794444 0.303125 0.797222 0.303125 0.875 0.301562 0.877778 0.301562 0.891667 0.3 0.894444 0.3 0.925 0.298438 0.927778 0.298438 0.963889 0.296875 0.966667 0.296875 0.977778 0.295312 0.980556 0.295312 1 0.365625 1 0.365625 0.991667 0.367188 0.988889 0.370313 0.988889 0.371875 0.986111 0.375 0.986111 0.376563 0.983333 0.38125 0.983333 0.382812 0.980556 0.384375 0.980556 0.385938 0.977778 0.389062 0.977778 0.390625 0.975 0.392188 0.975 0.396875 0.966667 0.396875 0.963889 0.398438 0.961111 0.398438 0.955556 0.4 0.952778 0.4 0.947222 0.395312 0.938889 0.392188 0.938889 0.390625 0.936111 0.385938 0.936111 0.384375 0.933333 0.382812 0.933333 0.38125 0.930556 0.379687 0.930556 0.378125 0.927778 0.376563 0.927778 0.375 0.925 0.375 0.922222 0.371875 0.916667 0.371875 0.911111 0.370313 0.908333 0.370313 0.9 0.36875 0.897222 0.36875 0.872222 0.370313 0.869444 0.370313 0.847222 0.371875 0.844444 0.371875 0.783333 0.370313 0.780556 0.370313 0.777778 0.371875 0.775 0.371875 0.772222 0.370313 0.769444 0.370313 0.675 0.371875 0.672222 0.371875 0.652778 0.370313 0.65 0.370313 0.633333 0.36875 0.630556 0.36875 0.613889 0.370313 0.611111 0.370313 0.608333 0.371875 0.605556 0.371875 0.602778 0.373437 0.6 0.373437 0.597222 0.376563 0.591667 0.376563 0.588889 0.379687 0.583333 0.379687 0.580556 0.38125 0.577778 0.38125 0.572222 0.382812 0.569444 0.382812 0.566667 0.389062 0.555556 0.396875 0.555556 0.398438 0.552778 0.404687 0.552778 0.40625 0.55 0.4125 0.55 0.414062 0.547222 0.420312 0.547222 0.421875 0.544444 0.423438 0.547222 0.453125 0.547222 0.454688 0.544444 0.459375 0.544444 0.460938 0.541667 0.464063 0.541667 0.465625 0.538889 0.467187 0.538889 0.470313 0.533333 0.471875 0.533333 0.475 0.527778 0.476562 0.527778 0.478125 0.525 0.482812 0.525 0.478125 0.525 0.476562 0.522222 0.476562 0.519444 0.475 0.516667 0.475 0.513889 0.473437 0.511111 0.473437 0.508333 0.471875 0.505556 0.471875 0.502778 0.467187 0.494444 0.465625 0.494444 0.464063 0.491667 0.457812 0.491667 0.45625 0.494444 0.446875 0.494444 0.445312 0.491667 0.44375 0.491667 0.442187 0.494444 0.440625 0.494444 0.4375 0.488889 0.4375 0.486111 0.435937 0.483333 0.435937 0.472222 0.442187 0.461111 0.445312 0.461111 0.446875 0.458333 0.448438 0.458333 0.45 0.455556 0.451562 0.455556 0.453125 0.452778 0.454688 0.452778 0.45625 0.45 0.457812 0.45 0.459375 0.447222 0.459375 0.441667 0.460938 0.438889 0.460938 0.427778 0.457812 0.422222 0.45625 0.422222 0.454688 0.419444 0.453125 0.419444 0.451562 0.416667 0.45 0.419444 0.439063 0.419444 0.4375 0.416667 0.435937 0.416667 0.432813 0.411111 0.43125 0.413889 0.428125 0.413889 0.421875 0.425 0.420312 0.425 0.41875 0.427778 0.417188 0.427778 0.415625 0.430556 0.401563 0.430556 0.4 0.433333 0.38125 0.433333 0.379687 0.430556 0.378125 0.430556 0.375 0.425 0.375 0.416667 0.373437 0.413889 0.373437 0.408333 0.371875 0.405556 0.371875 0.391667 0.373437 0.388889 0.373437 0.386111 0.375 0.383333 0.375 0.380556 0.376563 0.377778 0.378125 0.377778 0.384375 0.366667 0.384375 0.363889 0.3875 0.358333 0.3875 0.355556 0.392188 0.347222 0.392188 0.344444 0.39375 0.341667 0.39375 0.338889 0.395312 0.336111 0.395312 0.333333 0.398438 0.327778 0.398438 0.322222 0.4 0.319444 0.4 0.313889 0.401563 0.311111 0.401563 0.308333 0.403125 0.305556 0.403125 0.291667 0.401563 0.288889 0.401563 0.283333 0.4 0.280556 0.4 0.277778 0.398438 0.275 0.398438 0.272222 0.396875 0.272222 0.395312 0.269444 0.395312 0.266667 0.39375 0.263889 0.392188 0.263889 0.390625 0.261111 0.390625 0.25 0.947891
2 0.848437 0.227778 0.848437 0.236111 0.846875 0.238889 0.839063 0.238889 0.8375 0.241667 0.826563 0.241667 0.825 0.244444 0.81875 0.244444 0.817187 0.247222 0.810938 0.247222 0.809375 0.25 0.803125 0.25 0.801562 0.252778 0.795313 0.252778 0.79375 0.255556 0.785937 0.255556 0.784375 0.258333 0.773438 0.258333 0.771875 0.261111 0.764063 0.261111 0.7625 0.263889 0.751562 0.263889 0.75 0.266667 0.725 0.266667 0.723437 0.269444 0.70625 0.269444 0.704687 0.272222 0.7 0.272222 0.698438 0.275 0.692187 0.275 0.690625 0.277778 0.68125 0.277778 0.679688 0.280556 0.673437 0.280556 0.671875 0.283333 0.665625 0.283333 0.664062 0.286111 0.654688 0.286111 0.653125 0.288889 0.642187 0.288889 0.640625 0.291667 0.63125 0.291667 0.629687 0.294444 0.623438 0.294444 0.621875 0.297222 0.61875 0.297222 0.617188 0.3 0.610937 0.3 0.609375 0.302778 0.601562 0.302778 0.6 0.305556 0.6 0.316667 0.603125 0.322222 0.603125 0.325 0.607813 0.333333 0.607813 0.336111 0.609375 0.338889 0.609375 0.361111 0.607813 0.363889 0.607813 0.369444 0.60625 0.372222 0.60625 0.375 0.604688 0.377778 0.604688 0.380556 0.601562 0.386111 0.601562 0.388889 0.595312 0.4 0.595312 0.402778 0.589063 0.413889 0.589063 0.416667 0.58125 0.430556 0.58125 0.433333 0.575 0.444444 0.575 0.447222 0.56875 0.458333 0.56875 0.461111 0.567187 0.463889 0.567187 0.466667 0.564062 0.472222 0.564062 0.475 0.5625 0.477778 0.5625 0.480556 0.559375 0.486111 0.559375 0.488889 0.557813 0.491667 0.557813 0.494444 0.55625 0.497222 0.55625 0.5 0.553125 0.505556 0.553125 0.508333 0.551562 0.511111 0.551562 0.513889 0.55 0.516667 0.55 0.519444 0.546875 0.525 0.546875 0.527778 0.545313 0.530556 0.545313 0.544444 0.54375 0.547222 0.54375 0.566667 0.542188 0.569444 0.542188 0.619444 0.540625 0.622222 0.540625 0.666667 0.542188 0.669444 0.542188 0.708333 0.5375 0.716667 0.535937 0.716667 0.534375 0.719444 0.528125 0.719444 0.528125 0.833333 0.532812 0.833333 0.535937 0.838889 0.535937 0.844444 0.5375 0.847222 0.5375 0.85 0.539062 0.852778 0.539062 0.855556 0.540625 0.858333 0.540625 0.861111 0.54375 0.866667 0.54375 0.869444 0.55625 0.891667 0.557813 0.891667 0.560938 0.897222 0.5625 0.897222 0.564062 0.9 0.565625 0.9 0.56875 0.905556 0.570312 0.905556 0.571875 0.908333 0.573438 0.908333 0.575 0.911111 0.576563 0.911111 0.578125 0.913889 0.579687 0.913889 0.58125 0.916667 0.582812 0.916667 0.584375 0.919444 0.585938 0.919444 0.5875 0.922222 0.589063 0.922222 0.590625 0.925 0.592188 0.925 0.59375 0.927778 0.595312 0.927778 0.596875 0.930556 0.598437 0.930556 0.6 0.933333 0.601562 0.933333 0.603125 0.936111 0.604688 0.936111 0.607813 0.941667 0.609375 0.941667 0.610937 0.944444 0.6125 0.944444 0.614062 0.947222 0.615625 0.947222 0.617188 0.95 0.61875 0.95 0.620313 0.952778 0.623438 0.952778 0.625 0.955556 0.628125 0.955556 0.629687 0.958333 0.63125 0.958333 0.634375 0.963889 0.635938 0.963889 0.639063 0.969444 0.640625 0.969444 0.642187 0.972222 0.642187 0.975 0.64375 0.977778 0.64375 0.980556 0.645312 0.983333 0.645312 1 0.998438 1 0.998438 0.227778 0.852724
