0 0.34375 0.172222 0.34375 0.183333 0.339063 0.191667 0.339063 0.194444 0.335938 0.2 0.335938 0.205556 0.334375 0.208333 0.334375 0.216667 0.332812 0.219444 0.332812 0.225 0.33125 0.227778 0.33125 0.233333 0.329688 0.236111 0.329688 0.266667 0.33125 0.269444 0.33125 0.280556 0.332812 0.283333 0.332812 0.294444 0.33125 0.297222 0.33125 0.3 0.31875 0.322222 0.31875 0.325 0.315625 0.330556 0.314063 0.330556 0.3125 0.333333 0.307813 0.333333 0.30625 0.336111 0.303125 0.336111 0.301562 0.338889 0.3 0.338889 0.296875 0.344444 0.295312 0.344444 0.292188 0.35 0.290625 0.35 0.2875 0.355556 0.285937 0.355556 0.279687 0.366667 0.278125 0.366667 0.276563 0.369444 0.276563 0.372222 0.267188 0.388889 0.267188 0.391667 0.265625 0.394444 0.265625 0.397222 0.264062 0.4 0.264062 0.402778 0.260938 0.408333 0.260938 0.411111 0.259375 0.413889 0.259375 0.416667 0.257812 0.419444 0.257812 0.425 0.25625 0.427778 0.25625 0.433333 0.254687 0.436111 0.254687 0.447222 0.253125 0.45 0.253125 0.458333 0.251563 0.461111 0.251563 0.466667 0.25 0.469444 0.25 0.472222 0.248437 0.475 0.248437 0.480556 0.246875 0.483333 0.246875 0.486111 0.245312 0.488889 0.240625 0.488889 0.240625 0.583333 0.245312 0.583333 0.25 0.591667 0.251563 0.591667 0.253125 0.594444 0.25625 0.594444 0.257812 0.597222 0.26875 0.597222 0.270312 0.6 0.28125 0.6 0.282813 0.597222 0.284375 0.597222 0.285937 0.6 0.2875 0.6 0.289062 0.602778 0.289062 0.638889 0.290625 0.641667 0.290625 0.647222 0.292188 0.65 0.292188 0.672222 0.290625 0.675 0.290625 0.686111 0.289062 0.688889 0.289062 0.730556 0.2875 0.733333 0.2875 0.766667 0.285937 0.769444 0.285937 0.836111 0.2875 0.838889 0.2875 0.85 0.289062 0.852778 0.289062 0.863889 0.290625 0.866667 0.290625 0.883333 0.292188 0.886111 0.292188 0.897222 0.29375 0.9 0.29375 0.905556 0.295312 0.908333 0.295312 0.911111 0.296875 0.913889 0.296875 0.919444 0.298438 0.922222 0.298438 0.933333 0.3 0.936111 0.3 0.944444 0.298438 0.947222 0.298438 0.977778 0.296875 0.980556 0.298438 0.983333 0.298438 1 0.4 1 0.4 0.988889 0.401563 0.986111 0.401563 0.977778 0.403125 0.975 0.403125 0.966667 0.404687 0.963889 0.404687 0.952778 0.40625 0.95 0.40625 0.938889 0.407813 0.936111 0.407813 0.925 0.409375 0.922222 0.409375 0.916667 0.410937 0.913889 0.410937 0.908333 0.4125 0.905556 0.4125 0.897222 0.414062 0.894444 0.414062 0.886111 0.415625 0.883333 0.415625 0.872222 0.417188 0.869444 0.417188 0.858333 0.41875 0.855556 0.41875 0.836111 0.420312 0.833333 0.420312 0.819444 0.421875 0.816667 0.421875 0.805556 0.423438 0.802778 0.423438 0.794444 0.425 0.791667 0.425 0.775 0.426562 0.772222 0.426562 0.761111 0.428125 0.758333 0.428125 0.75 0.429688 0.747222 0.429688 0.727778 0.43125 0.725 0.43125 0.686111 0.429688 0.683333 0.429688 0.666667 0.428125 0.663889 0.428125 0.633333 0.429688 0.630556 0.429688 0.627778 0.439063 0.611111 0.440625 0.611111 0.442187 0.608333 0.44375 0.608333 0.446875 0.602778 0.448438 0.602778 0.45 0.6 0.451562 0.6 0.453125 0.597222 0.454688 0.597222 0.467187 0.575 0.467187 0.572222 0.470313 0.566667 0.470313 0.563889 0.473437 0.558333 0.473437 0.555556 0.475 0.552778 0.475 0.55 0.478125 0.544444 0.478125 0.538889 0.479688 0.536111 0.479688 0.519444 0.478125 0.516667 0.478125 0.505556 0.476562 0.502778 0.476562 0.494444 0.475 0.491667 0.475 0.488889 0.473437 0.486111 0.473437 0.480556 0.471875 0.477778 0.471875 0.475 0.470313 0.472222 0.470313 0.469444 0.46875 0.466667 0.46875 0.461111 0.467187 0.458333 0.467187 0.452778 0.465625 0.45 0.465625 0.447222 0.464063 0.444444 0.464063 0.438889 0.4625 0.436111 0.4625 0.430556 0.460938 0.427778 0.460938 0.422222 0.459375 0.419444 0.459375 0.413889 0.457812 0.411111 0.457812 0.405556 0.45625 0.402778 0.45625 0.397222 0.454688 0.394444 0.454688 0.391667 0.453125 0.388889 0.453125 0.386111 0.45 0.380556 0.45 0.377778 0.435937 0.352778 0.434375 0.352778 0.43125 0.347222 0.429688 0.347222 0.428125 0.344444 0.425 0.344444 0.423438 0.341667 0.421875 0.341667 0.420312 0.338889 0.41875 0.338889 0.417188 0.336111 0.415625 0.336111 0.414062 0.333333 0.4125 0.333333 0.410937 0.330556 0.409375 0.330556 0.407813 0.327778 0.40625 0.327778 0.404687 0.325 0.403125 0.325 0.398438 0.316667 0.398438 0.291667 0.4 0.288889 0.4 0.275 0.401563 0.272222 0.401563 0.261111 0.403125 0.258333 0.403125 0.244444 0.404687 0.241667 0.404687 0.230556 0.403125 0.227778 0.403125 0.213889 0.401563 0.211111 0.401563 0.205556 0.4 0.202778 0.4 0.197222 0.395312 0.188889 0.395312 0.186111 0.392188 0.180556 0.392188 0.172222 0.942029
2 0.95 0.127778 0.95 0.136111 0.948438 0.138889 0.939062 0.138889 0.9375 0.141667 0.926562 0.141667 0.925 0.144444 0.9125 0.144444 0.910937 0.147222 0.9 0.147222 0.898438 0.15 0.892187 0.15 0.890625 0.152778 0.882812 0.152778 0.88125 0.155556 0.873438 0.155556 0.871875 0.158333 0.8625 0.158333 0.860937 0.161111 0.854688 0.161111 0.853125 0.163889 0.846875 0.163889 0.845312 0.166667 0.835938 0.166667 0.834375 0.169444 0.823438 0.169444 0.821875 0.172222 0.814062 0.172222 0.8125 0.175 0.804688 0.175 0.803125 0.177778 0.796875 0.177778 0.795313 0.180556 0.785937 0.180556 0.784375 0.183333 0.776563 0.183333 0.775 0.186111 0.76875 0.186111 0.767187 0.188889 0.760938 0.188889 0.759375 0.191667 0.751562 0.191667 0.75 0.194444 0.745313 0.194444 0.74375 0.197222 0.740625 0.197222 0.739062 0.2 0.734375 0.2 0.732813 0.202778 0.729688 0.202778 0.728125 0.205556 0.726562 0.205556 0.725 0.208333 0.721875 0.208333 0.720312 0.211111 0.717188 0.211111 0.715625 0.213889 0.714063 0.213889 0.7125 0.216667 0.710938 0.216667 0.707812 0.222222 0.70625 0.222222 0.704687 0.225 0.703125 0.225 0.701563 0.227778 0.698438 0.227778 0.696875 0.230556 0.695312 0.230556 0.69375 0.233333 0.690625 0.233333 0.689062 0.236111 0.684375 0.236111 0.682813 0.238889 0.68125 0.238889 0.679688 0.241667 0.678125 0.241667 0.676562 0.244444 0.673437 0.244444 0.671875 0.247222 0.670313 0.247222 0.66875 0.25 0.665625 0.25 0.664062 0.252778 0.660937 0.252778 0.659375 0.255556 0.65625 0.255556 0.654688 0.258333 0.651563 0.258333 0.65 0.261111 0.648438 0.261111 0.646875 0.263889 0.645312 0.263889 0.64375 0.266667 0.640625 0.266667 0.639063 0.269444 0.6375 0.269444 0.635938 0.272222 0.634375 0.272222 0.632812 0.275 0.63125 0.275 0.629687 0.277778 0.628125 0.277778 0.621875 0.288889 0.620313 0.288889 0.61875 0.291667 0.61875 0.294444 0.614062 0.302778 0.614062 0.305556 0.6125 0.308333 0.6125 0.311111 0.609375 0.316667 0.609375 0.319444 0.60625 0.325 0.60625 0.327778 0.604688 0.330556 0.604688 0.333333 0.603125 0.336111 0.603125 0.338889 0.6 0.344444 0.6 0.347222 0.598437 0.35 0.598437 0.352778 0.595312 0.358333 0.595312 0.361111 0.59375 0.363889 0.59375 0.366667 0.592188 0.369444 0.592188 0.372222 0.590625 0.375 0.590625 0.377778 0.589063 0.380556 0.589063 0.383333 0.585938 0.388889 0.585938 0.391667 0.582812 0.397222 0.582812 0.4 0.58125 0.402778 0.58125 0.405556 0.578125 0.411111 0.578125 0.413889 0.576563 0.416667 0.576563 0.419444 0.575 0.422222 0.575 0.427778 0.570312 0.436111 0.570312 0.438889 0.56875 0.441667 0.56875 0.444444 0.5625 0.455556 0.5625 0.458333 0.55625 0.469444 0.55625 0.472222 0.553125 0.477778 0.551562 0.477778 0.551562 0.480556 0.548437 0.486111 0.548437 0.488889 0.545313 0.494444 0.545313 0.508333 0.54375 0.511111 0.54375 0.519444 0.542188 0.522222 0.542188 0.533333 0.540625 0.536111 0.540625 0.541667 0.539062 0.544444 0.534375 0.544444 0.534375 0.819444 0.539062 0.819444 0.540625 0.822222 0.540625 0.825 0.542188 0.827778 0.542188 0.838889 0.54375 0.841667 0.54375 0.85 0.545313 0.852778 0.545313 0.863889 0.546875 0.866667 0.546875 0.930556 0.548437 0.933333 0.548437 0.966667 0.55 0.969444 0.55 0.991667 0.998438 0.991667 0.998438 0.127778 0.743021
7 0.95 0.127778 0.95 0.136111 0.948438 0.138889 0.939062 0.138889 0.9375 0.141667 0.926562 0.141667 0.925 0.144444 0.9125 0.144444 0.910937 0.147222 0.9 0.147222 0.898438 0.15 0.892187 0.15 0.890625 0.152778 0.882812 0.152778 0.88125 0.155556 0.873438 0.155556 0.871875 0.158333 0.8625 0.158333 0.860937 0.161111 0.854688 0.161111 0.853125 0.163889 0.846875 0.163889 0.845312 0.166667 0.835938 0.166667 0.834375 0.169444 0.823438 0.169444 0.821875 0.172222 0.814062 0.172222 0.8125 0.175 0.804688 0.175 0.803125 0.177778 0.796875 0.177778 0.795313 0.180556 0.785937 0.180556 0.784375 0.183333 0.776563 0.183333 0.775 0.186111 0.76875 0.186111 0.767187 0.188889 0.760938 0.188889 0.759375 0.191667 0.751562 0.191667 0.75 0.194444 0.745313 0.194444 0.74375 0.197222 0.740625 0.197222 0.739062 0.2 0.734375 0.2 0.732813 0.202778 0.729688 0.202778 0.728125 0.205556 0.726562 0.205556 0.725 0.208333 0.721875 0.208333 0.720312 0.211111 0.717188 0.211111 0.715625 0.213889 0.714063 0.213889 0.7125 0.216667 0.710938 0.216667 0.707812 0.222222 0.70625 0.222222 0.704687 0.225 0.703125 0.225 0.701563 0.227778 0.698438 0.227778 0.696875 0.230556 0.695312 0.230556 0.69375 0.233333 0.690625 0.233333 0.689062 0.236111 0.684375 0.236111 0.682813 0.238889 0.68125 0.238889 0.679688 0.241667 0.678125 0.241667 0.676562 0.244444 0.673437 0.244444 0.671875 0.247222 0.670313 0.247222 0.66875 0.25 0.665625 0.25 0.664062 0.252778 0.660937 0.252778 0.659375 0.255556 0.65625 0.255556 0.654688 0.258333 0.651563 0.258333 0.65 0.261111 0.648438 0.261111 0.646875 0.263889 0.645312 0.263889 0.64375 0.266667 0.640625 0.266667 0.639063 0.269444 0.6375 0.269444 0.635938 0.272222 0.634375 0.272222 0.632812 0.275 0.63125 0.275 0.629687 0.277778 0.628125 0.277778 0.621875 0.288889 0.620313 0.288889 0.61875 0.291667 0.61875 0.294444 0.614062 0.302778 0.614062 0.305556 0.6125 0.308333 0.6125 0.311111 0.609375 0.316667 0.609375 0.319444 0.60625 0.325 0.60625 0.327778 0.604688 0.330556 0.604688 0.333333 0.603125 0.336111 0.603125 0.338889 0.6 0.344444 0.6 0.347222 0.598437 0.35 0.598437 0.352778 0.595312 0.358333 0.595312 0.361111 0.59375 0.363889 0.59375 0.366667 0.592188 0.369444 0.592188 0.372222 0.590625 0.375 0.590625 0.377778 0.589063 0.380556 0.589063 0.383333 0.585938 0.388889 0.585938 0.391667 0.582812 0.397222 0.582812 0.4 0.58125 0.402778 0.58125 0.405556 0.578125 0.411111 0.578125 0.413889 0.576563 0.416667 0.576563 0.419444 0.575 0.422222 0.575 0.427778 0.570312 0.436111 0.570312 0.438889 0.56875 0.441667 0.56875 0.444444 0.5625 0.455556 0.5625 0.458333 0.55625 0.469444 0.55625 0.472222 0.553125 0.477778 0.551562 0.477778 0.551562 0.480556 0.548437 0.486111 0.548437 0.488889 0.545313 0.494444 0.545313 0.508333 0.54375 0.511111 0.54375 0.519444 0.542188 0.522222 0.542188 0.533333 0.540625 0.536111 0.540625 0.541667 0.539062 0.544444 0.534375 0.544444 0.534375 0.819444 0.539062 0.819444 0.540625 0.822222 0.540625 0.825 0.542188 0.827778 0.542188 0.838889 0.54375 0.841667 0.54375 0.85 0.545313 0.852778 0.545313 0.863889 0.546875 0.866667 0.546875 0.930556 0.548437 0.933333 0.548437 0.966667 0.55 0.969444 0.55 0.991667 0.998438 0.991667 0.998438 0.127778 0.312931
0 0.34375 0.172222 0.34375 0.183333 0.339063 0.191667 0.339063 0.194444 0.335938 0.2 0.335938 0.205556 0.334375 0.208333 0.334375 0.216667 0.332812 0.219444 0.332812 0.225 0.33125 0.227778 0.33125 0.233333 0.329688 0.236111 0.329688 0.266667 0.33125 0.269444 0.33125 0.280556 0.332812 0.283333 0.332812 0.294444 0.33125 0.297222 0.33125 0.3 0.31875 0.322222 0.31875 0.325 0.315625 0.330556 0.314063 0.330556 0.3125 0.333333 0.307813 0.333333 0.30625 0.336111 0.303125 0.336111 0.301562 0.338889 0.3 0.338889 0.296875 0.344444 0.295312 0.344444 0.292188 0.35 0.290625 0.35 0.2875 0.355556 0.285937 0.355556 0.279687 0.366667 0.278125 0.366667 0.276563 0.369444 0.276563 0.372222 0.267188 0.388889 0.267188 0.391667 0.265625 0.394444 0.265625 0.397222 0.264062 0.4 0.264062 0.402778 0.260938 0.408333 0.260938 0.411111 0.259375 0.413889 0.259375 0.416667 0.257812 0.419444 0.257812 0.425 0.25625 0.427778 0.25625 0.433333 0.254687 0.436111 0.254687 0.447222 0.253125 0.45 0.253125 0.458333 0.251563 0.461111 0.251563 0.466667 0.25 0.469444 0.25 0.472222 0.248437 0.475 0.248437 0.480556 0.246875 0.483333 0.246875 0.486111 0.245312 0.488889 0.240625 0.488889 0.240625 0.583333 0.245312 0.583333 0.25 0.591667 0.251563 0.591667 0.253125 0.594444 0.25625 0.594444 0.257812 0.597222 0.26875 0.597222 0.270312 0.6 0.28125 0.6 0.282813 0.597222 0.284375 0.597222 0.285937 0.6 0.2875 0.6 0.289062 0.602778 0.289062 0.638889 0.290625 0.641667 0.290625 0.647222 0.292188 0.65 0.292188 0.672222 0.290625 0.675 0.290625 0.686111 0.289062 0.688889 0.289062 0.730556 0.2875 0.733333 0.2875 0.766667 0.285937 0.769444 0.285937 0.836111 0.2875 0.838889 0.2875 0.85 0.289062 0.852778 0.289062 0.863889 0.290625 0.866667 0.290625 0.883333 0.292188 0.886111 0.292188 0.897222 0.29375 0.9 0.29375 0.905556 0.295312 0.908333 0.295312 0.911111 0.296875 0.913889 0.296875 0.919444 0.298438 0.922222 0.298438 0.933333 0.3 0.936111 0.3 0.944444 0.298438 0.947222 0.298438 0.977778 0.296875 0.980556 0.298438 0.983333 0.298438 1 0.4 1 0.4 0.988889 0.401563 0.986111 0.401563 0.977778 0.403125 0.975 0.403125 0.966667 0.404687 0.963889 0.404687 0.952778 0.40625 0.95 0.40625 0.938889 0.407813 0.936111 0.407813 0.925 0.409375 0.922222 0.409375 0.916667 0.410937 0.913889 0.410937 0.908333 0.4125 0.905556 0.4125 0.897222 0.414062 0.894444 0.414062 0.886111 0.415625 0.883333 0.415625 0.872222 0.417188 0.869444 0.417188 0.858333 0.41875 0.855556 0.41875 0.836111 0.420312 0.833333 0.420312 0.819444 0.421875 0.816667 0.421875 0.805556 0.423438 0.802778 0.423438 0.794444 0.425 0.791667 0.425 0.775 0.426562 0.772222 0.426562 0.761111 0.428125 0.758333 0.428125 0.75 0.429688 0.747222 0.429688 0.727778 0.43125 0.725 0.43125 0.686111 0.429688 0.683333 0.429688 0.666667 0.428125 0.663889 0.428125 0.633333 0.429688 0.630556 0.429688 0.627778 0.439063 0.611111 0.440625 0.611111 0.442187 0.608333 0.44375 0.608333 0.446875 0.602778 0.448438 0.602778 0.45 0.6 0.451562 0.6 0.453125 0.597222 0.454688 0.597222 0.467187 0.575 0.467187 0.572222 0.470313 0.566667 0.470313 0.563889 0.473437 0.558333 0.473437 0.555556 0.475 0.552778 0.475 0.55 0.478125 0.544444 0.478125 0.538889 0.479688 0.536111 0.479688 0.519444 0.478125 0.516667 0.478125 0.505556 0.476562 0.502778 0.476562 0.494444 0.475 0.491667 0.475 0.488889 0.473437 0.486111 0.473437 0.480556 0.471875 0.477778 0.471875 0.475 0.470313 0.472222 0.470313 0.469444 0.46875 0.466667 0.46875 0.461111 0.467187 0.458333 0.467187 0.452778 0.465625 0.45 0.465625 0.447222 0.464063 0.444444 0.464063 0.438889 0.4625 0.436111 0.4625 0.430556 0.460938 0.427778 0.460938 0.422222 0.459375 0.419444 0.459375 0.413889 0.457812 0.411111 0.457812 0.405556 0.45625 0.402778 0.45625 0.397222 0.454688 0.394444 0.454688 0.391667 0.453125 0.388889 0.453125 0.386111 0.45 0.380556 0.45 0.377778 0.435937 0.352778 0.434375 0.352778 0.43125 0.347222 0.429688 0.347222 0.428125 0.344444 0.425 0.344444 0.423438 0.341667 0.421875 0.341667 0.420312 0.338889 0.41875 0.338889 0.417188 0.336111 0.415625 0.336111 0.414062 0.333333 0.4125 0.333333 0.410937 0.330556 0.409375 0.330556 0.407813 0.327778 0.40625 0.327778 0.404687 0.325 0.403125 0.325 0.398438 0.316667 0.398438 0.291667 0.4 0.288889 0.4 0.275 0.401563 0.272222 0.401563 0.261111 0.403125 0.258333 0.403125 0.244444 0.404687 0.241667 0.404687 0.230556 0.403125 0.227778 0.403125 0.213889 0.401563 0.211111 0.401563 0.205556 0.4 0.202778 0.4 0.197222 0.395312 0.188889 0.395312 0.186111 0.392188 0.180556 0.392188 0.172222 0.942029
2 0.95 0.127778 0.95 0.136111 0.948438 0.138889 0.939062 0.138889 0.9375 0.141667 0.926562 0.141667 0.925 0.144444 0.9125 0.144444 0.910937 0.147222 0.9 0.147222 0.898438 0.15 0.892187 0.15 0.890625 0.152778 0.882812 0.152778 0.88125 0.155556 0.873438 0.155556 0.871875 0.158333 0.8625 0.158333 0.860937 0.161111 0.854688 0.161111 0.853125 0.163889 0.846875 0.163889 0.845312 0.166667 0.835938 0.166667 0.834375 0.169444 0.823438 0.169444 0.821875 0.172222 0.814062 0.172222 0.8125 0.175 0.804688 0.175 0.803125 0.177778 0.796875 0.177778 0.795313 0.180556 0.785937 0.180556 0.784375 0.183333 0.776563 0.183333 0.775 0.186111 0.76875 0.186111 0.767187 0.188889 0.760938 0.188889 0.759375 0.191667 0.751562 0.191667 0.75 0.194444 0.745313 0.194444 0.74375 0.197222 0.740625 0.197222 0.739062 0.2 0.734375 0.2 0.732813 0.202778 0.729688 0.202778 0.728125 0.205556 0.726562 0.205556 0.725 0.208333 0.721875 0.208333 0.720312 0.211111 0.717188 0.211111 0.715625 0.213889 0.714063 0.213889 0.7125 0.216667 0.710938 0.216667 0.707812 0.222222 0.70625 0.222222 0.704687 0.225 0.703125 0.225 0.701563 0.227778 0.698438 0.227778 0.696875 0.230556 0.695312 0.230556 0.69375 0.233333 0.690625 0.233333 0.689062 0.236111 0.684375 0.236111 0.682813 0.238889 0.68125 0.238889 0.679688 0.241667 0.678125 0.241667 0.676562 0.244444 0.673437 0.244444 0.671875 0.247222 0.670313 0.247222 0.66875 0.25 0.665625 0.25 0.664062 0.252778 0.660937 0.252778 0.659375 0.255556 0.65625 0.255556 0.654688 0.258333 0.651563 0.258333 0.65 0.261111 0.648438 0.261111 0.646875 0.263889 0.645312 0.263889 0.64375 0.266667 0.640625 0.266667 0.639063 0.269444 0.6375 0.269444 0.635938 0.272222 0.634375 0.272222 0.632812 0.275 0.63125 0.275 0.629687 0.277778 0.628125 0.277778 0.621875 0.288889 0.620313 0.288889 0.61875 0.291667 0.61875 0.294444 0.614062 0.302778 0.614062 0.305556 0.6125 0.308333 0.6125 0.311111 0.609375 0.316667 0.609375 0.319444 0.60625 0.325 0.60625 0.327778 0.604688 0.330556 0.604688 0.333333 0.603125 0.336111 0.603125 0.338889 0.6 0.344444 0.6 0.347222 0.598437 0.35 0.598437 0.352778 0.595312 0.358333 0.595312 0.361111 0.59375 0.363889 0.59375 0.366667 0.592188 0.369444 0.592188 0.372222 0.590625 0.375 0.590625 0.377778 0.589063 0.380556 0.589063 0.383333 0.585938 0.388889 0.585938 0.391667 0.582812 0.397222 0.582812 0.4 0.58125 0.402778 0.58125 0.405556 0.578125 0.411111 0.578125 0.413889 0.576563 0.416667 0.576563 0.419444 0.575 0.422222 0.575 0.427778 0.570312 0.436111 0.570312 0.438889 0.56875 0.441667 0.56875 0.444444 0.5625 0.455556 0.5625 0.458333 0.55625 0.469444 0.55625 0.472222 0.553125 0.477778 0.551562 0.477778 0.551562 0.480556 0.548437 0.486111 0.548437 0.488889 0.545313 0.494444 0.545313 0.508333 0.54375 0.511111 0.54375 0.519444 0.542188 0.522222 0.542188 0.533333 0.540625 0.536111 0.540625 0.541667 0.539062 0.544444 0.534375 0.544444 0.534375 0.819444 0.539062 0.819444 0.540625 0.822222 0.540625 0.825 0.542188 0.827778 0.542188 0.838889 0.54375 0.841667 0.54375 0.85 0.545313 0.852778 0.545313 0.863889 0.546875 0.866667 0.546875 0.930556 0.548437 0.933333 0.548437 0.966667 0.55 0.969444 0.55 0.991667 0.998438 0.991667 0.998438 0.127778 0.743021
7 0.95 0.127778 0.95 0.136111 0.948438 0.138889 0.939062 0.138889 0.9375 0.141667 0.926562 0.141667 0.925 0.144444 0.9125 0.144444 0.910937 0.147222 0.9 0.147222 0.898438 0.15 0.892187 0.15 0.890625 0.152778 0.882812 0.152778 0.88125 0.155556 0.873438 0.155556 0.871875 0.158333 0.8625 0.158333 0.860937 0.161111 0.854688 0.161111 0.853125 0.163889 0.846875 0.163889 0.845312 0.166667 0.835938 0.166667 0.834375 0.169444 0.823438 0.169444 0.821875 0.172222 0.814062 0.172222 0.8125 0.175 0.804688 0.175 0.803125 0.177778 0.796875 0.177778 0.795313 0.180556 0.785937 0.180556 0.784375 0.183333 0.776563 0.183333 0.775 0.186111 0.76875 0.186111 0.767187 0.188889 0.760938 0.188889 0.759375 0.191667 0.751562 0.191667 0.75 0.194444 0.745313 0.194444 0.74375 0.197222 0.740625 0.197222 0.739062 0.2 0.734375 0.2 0.732813 0.202778 0.729688 0.202778 0.728125 0.205556 0.726562 0.205556 0.725 0.208333 0.721875 0.208333 0.720312 0.211111 0.717188 0.211111 0.715625 0.213889 0.714063 0.213889 0.7125 0.216667 0.710938 0.216667 0.707812 0.222222 0.70625 0.222222 0.704687 0.225 0.703125 0.225 0.701563 0.227778 0.698438 0.227778 0.696875 0.230556 0.695312 0.230556 0.69375 0.233333 0.690625 0.233333 0.689062 0.236111 0.684375 0.236111 0.682813 0.238889 0.68125 0.238889 0.679688 0.241667 0.678125 0.241667 0.676562 0.244444 0.673437 0.244444 0.671875 0.247222 0.670313 0.247222 0.66875 0.25 0.665625 0.25 0.664062 0.252778 0.660937 0.252778 0.659375 0.255556 0.65625 0.255556 0.654688 0.258333 0.651563 0.258333 0.65 0.261111 0.648438 0.261111 0.646875 0.263889 0.645312 0.263889 0.64375 0.266667 0.640625 0.266667 0.639063 0.269444 0.6375 0.269444 0.635938 0.272222 0.634375 0.272222 0.632812 0.275 0.63125 0.275 0.629687 0.277778 0.628125 0.277778 0.621875 0.288889 0.620313 0.288889 0.61875 0.291667 0.61875 0.294444 0.614062 0.302778 0.614062 0.305556 0.6125 0.308333 0.6125 0.311111 0.609375 0.316667 0.609375 0.319444 0.60625 0.325 0.60625 0.327778 0.604688 0.330556 0.604688 0.333333 0.603125 0.336111 0.603125 0.338889 0.6 0.344444 0.6 0.347222 0.598437 0.35 0.598437 0.352778 0.595312 0.358333 0.595312 0.361111 0.59375 0.363889 0.59375 0.366667 0.592188 0.369444 0.592188 0.372222 0.590625 0.375 0.590625 0.377778 0.589063 0.380556 0.589063 0.383333 0.585938 0.388889 0.585938 0.391667 0.582812 0.397222 0.582812 0.4 0.58125 0.402778 0.58125 0.405556 0.578125 0.411111 0.578125 0.413889 0.576563 0.416667 0.576563 0.419444 0.575 0.422222 0.575 0.427778 0.570312 0.436111 0.570312 0.438889 0.56875 0.441667 0.56875 0.444444 0.5625 0.455556 0.5625 0.458333 0.55625 0.469444 0.55625 0.472222 0.553125 0.477778 0.551562 0.477778 0.551562 0.480556 0.548437 0.486111 0.548437 0.488889 0.545313 0.494444 0.545313 0.508333 0.54375 0.511111 0.54375 0.519444 0.542188 0.522222 0.542188 0.533333 0.540625 0.536111 0.540625 0.541667 0.539062 0.544444 0.534375 0.544444 0.534375 0.819444 0.539062 0.819444 0.540625 0.822222 0.540625 0.825 0.542188 0.827778 0.542188 0.838889 0.54375 0.841667 0.54375 0.85 0.545313 0.852778 0.545313 0.863889 0.546875 0.866667 0.546875 0.930556 0.548437 0.933333 0.548437 0.966667 0.55 0.969444 0.55 0.991667 0.998438 0.991667 0.998438 0.127778 0.312931
0 0.34375 0.172222 0.34375 0.183333 0.339063 0.191667 0.339063 0.194444 0.335938 0.2 0.335938 0.205556 0.334375 0.208333 0.334375 0.216667 0.332812 0.219444 0.332812 0.225 0.33125 0.227778 0.33125 0.233333 0.329688 0.236111 0.329688 0.266667 0.33125 0.269444 0.33125 0.280556 0.332812 0.283333 0.332812 0.294444 0.33125 0.297222 0.33125 0.3 0.31875 0.322222 0.31875 0.325 0.315625 0.330556 0.314063 0.330556 0.3125 0.333333 0.307813 0.333333 0.30625 0.336111 0.303125 0.336111 0.301562 0.338889 0.3 0.338889 0.296875 0.344444 0.295312 0.344444 0.292188 0.35 0.290625 0.35 0.2875 0.355556 0.285937 0.355556 0.279687 0.366667 0.278125 0.366667 0.276563 0.369444 0.276563 0.372222 0.267188 0.388889 0.267188 0.391667 0.265625 0.394444 0.265625 0.397222 0.264062 0.4 0.264062 0.402778 0.260938 0.408333 0.260938 0.411111 0.259375 0.413889 0.259375 0.416667 0.257812 0.419444 0.257812 0.425 0.25625 0.427778 0.25625 0.433333 0.254687 0.436111 0.254687 0.447222 0.253125 0.45 0.253125 0.458333 0.251563 0.461111 0.251563 0.466667 0.25 0.469444 0.25 0.472222 0.248437 0.475 0.248437 0.480556 0.246875 0.483333 0.246875 0.486111 0.245312 0.488889 0.240625 0.488889 0.240625 0.583333 0.245312 0.583333 0.25 0.591667 0.251563 0.591667 0.253125 0.594444 0.25625 0.594444 0.257812 0.597222 0.26875 0.597222 0.270312 0.6 0.28125 0.6 0.282813 0.597222 0.284375 0.597222 0.285937 0.6 0.2875 0.6 0.289062 0.602778 0.289062 0.638889 0.290625 0.641667 0.290625 0.647222 0.292188 0.65 0.292188 0.672222 0.290625 0.675 0.290625 0.686111 0.289062 0.688889 0.289062 0.730556 0.2875 0.733333 0.2875 0.766667 0.285937 0.769444 0.285937 0.836111 0.2875 0.838889 0.2875 0.85 0.289062 0.852778 0.289062 0.863889 0.290625 0.866667 0.290625 0.883333 0.292188 0.886111 0.292188 0.897222 0.29375 0.9 0.29375 0.905556 0.295312 0.908333 0.295312 0.911111 0.296875 0.913889 0.296875 0.919444 0.298438 0.922222 0.298438 0.933333 0.3 0.936111 0.3 0.944444 0.298438 0.947222 0.298438 0.977778 0.296875 0.980556 0.298438 0.983333 0.298438 1 0.4 1 0.4 0.988889 0.401563 0.986111 0.401563 0.977778 0.403125 0.975 0.403125 0.966667 0.404687 0.963889 0.404687 0.952778 0.40625 0.95 0.40625 0.938889 0.407813 0.936111 0.407813 0.925 0.409375 0.922222 0.409375 0.916667 0.410937 0.913889 0.410937 0.908333 0.4125 0.905556 0.4125 0.897222 0.414062 0.894444 0.414062 0.886111 0.415625 0.883333 0.415625 0.872222 0.417188 0.869444 0.417188 0.858333 0.41875 0.855556 0.41875 0.836111 0.420312 0.833333 0.420312 0.819444 0.421875 0.816667 0.421875 0.805556 0.423438 0.802778 0.423438 0.794444 0.425 0.791667 0.425 0.775 0.426562 0.772222 0.426562 0.761111 0.428125 0.758333 0.428125 0.75 0.429688 0.747222 0.429688 0.727778 0.43125 0.725 0.43125 0.686111 0.429688 0.683333 0.429688 0.666667 0.428125 0.663889 0.428125 0.633333 0.429688 0.630556 0.429688 0.627778 0.439063 0.611111 0.440625 0.611111 0.442187 0.608333 0.44375 0.608333 0.446875 0.602778 0.448438 0.602778 0.45 0.6 0.451562 0.6 0.453125 0.597222 0.454688 0.597222 0.467187 0.575 0.467187 0.572222 0.470313 0.566667 0.470313 0.563889 0.473437 0.558333 0.473437 0.555556 0.475 0.552778 0.475 0.55 0.478125 0.544444 0.478125 0.538889 0.479688 0.536111 0.479688 0.519444 0.478125 0.516667 0.478125 0.505556 0.476562 0.502778 0.476562 0.494444 0.475 0.491667 0.475 0.488889 0.473437 0.486111 0.473437 0.480556 0.471875 0.477778 0.471875 0.475 0.470313 0.472222 0.470313 0.469444 0.46875 0.466667 0.46875 0.461111 0.467187 0.458333 0.467187 0.452778 0.465625 0.45 0.465625 0.447222 0.464063 0.444444 0.464063 0.438889 0.4625 0.436111 0.4625 0.430556 0.460938 0.427778 0.460938 0.422222 0.459375 0.419444 0.459375 0.413889 0.457812 0.411111 0.457812 0.405556 0.45625 0.402778 0.45625 0.397222 0.454688 0.394444 0.454688 0.391667 0.453125 0.388889 0.453125 0.386111 0.45 0.380556 0.45 0.377778 0.435937 0.352778 0.434375 0.352778 0.43125 0.347222 0.429688 0.347222 0.428125 0.344444 0.425 0.344444 0.423438 0.341667 0.421875 0.341667 0.420312 0.338889 0.41875 0.338889 0.417188 0.336111 0.415625 0.336111 0.414062 0.333333 0.4125 0.333333 0.410937 0.330556 0.409375 0.330556 0.407813 0.327778 0.40625 0.327778 0.404687 0.325 0.403125 0.325 0.398438 0.316667 0.398438 0.291667 0.4 0.288889 0.4 0.275 0.401563 0.272222 0.401563 0.261111 0.403125 0.258333 0.403125 0.244444 0.404687 0.241667 0.404687 0.230556 0.403125 0.227778 0.403125 0.213889 0.401563 0.211111 0.401563 0.205556 0.4 0.202778 0.4 0.197222 0.395312 0.188889 0.395312 0.186111 0.392188 0.180556 0.392188 0.172222 0.942029
2 0.95 0.127778 0.95 0.136111 0.948438 0.138889 0.939062 0.138889 0.9375 0.141667 0.926562 0.141667 0.925 0.144444 0.9125 0.144444 0.910937 0.147222 0.9 0.147222 0.898438 0.15 0.892187 0.15 0.890625 0.152778 0.882812 0.152778 0.88125 0.155556 0.873438 0.155556 0.871875 0.158333 0.8625 0.158333 0.860937 0.161111 0.854688 0.161111 0.853125 0.163889 0.846875 0.163889 0.845312 0.166667 0.835938 0.166667 0.834375 0.169444 0.823438 0.169444 0.821875 0.172222 0.814062 0.172222 0.8125 0.175 0.804688 0.175 0.803125 0.177778 0.796875 0.177778 0.795313 0.180556 0.785937 0.180556 0.784375 0.183333 0.776563 0.183333 0.775 0.186111 0.76875 0.186111 0.767187 0.188889 0.760938 0.188889 0.759375 0.191667 0.751562 0.191667 0.75 0.194444 0.745313 0.194444 0.74375 0.197222 0.740625 0.197222 0.739062 0.2 0.734375 0.2 0.732813 0.202778 0.729688 0.202778 0.728125 0.205556 0.726562 0.205556 0.725 0.208333 0.721875 0.208333 0.720312 0.211111 0.717188 0.211111 0.715625 0.213889 0.714063 0.213889 0.7125 0.216667 0.710938 0.216667 0.707812 0.222222 0.70625 0.222222 0.704687 0.225 0.703125 0.225 0.701563 0.227778 0.698438 0.227778 0.696875 0.230556 0.695312 0.230556 0.69375 0.233333 0.690625 0.233333 0.689062 0.236111 0.684375 0.236111 0.682813 0.238889 0.68125 0.238889 0.679688 0.241667 0.678125 0.241667 0.676562 0.244444 0.673437 0.244444 0.671875 0.247222 0.670313 0.247222 0.66875 0.25 0.665625 0.25 0.664062 0.252778 0.660937 0.252778 0.659375 0.255556 0.65625 0.255556 0.654688 0.258333 0.651563 0.258333 0.65 0.261111 0.648438 0.261111 0.646875 0.263889 0.645312 0.263889 0.64375 0.266667 0.640625 0.266667 0.639063 0.269444 0.6375 0.269444 0.635938 0.272222 0.634375 0.272222 0.632812 0.275 0.63125 0.275 0.629687 0.277778 0.628125 0.277778 0.621875 0.288889 0.620313 0.288889 0.61875 0.291667 0.61875 0.294444 0.614062 0.302778 0.614062 0.305556 0.6125 0.308333 0.6125 0.311111 0.609375 0.316667 0.609375 0.319444 0.60625 0.325 0.60625 0.327778 0.604688 0.330556 0.604688 0.333333 0.603125 0.336111 0.603125 0.338889 0.6 0.344444 0.6 0.347222 0.598437 0.35 0.598437 0.352778 0.595312 0.358333 0.595312 0.361111 0.59375 0.363889 0.59375 0.366667 0.592188 0.369444 0.592188 0.372222 0.590625 0.375 0.590625 0.377778 0.589063 0.380556 0.589063 0.383333 0.585938 0.388889 0.585938 0.391667 0.582812 0.397222 0.582812 0.4 0.58125 0.402778 0.58125 0.405556 0.578125 0.411111 0.578125 0.413889 0.576563 0.416667 0.576563 0.419444 0.575 0.422222 0.575 0.427778 0.570312 0.436111 0.570312 0.438889 0.56875 0.441667 0.56875 0.444444 0.5625 0.455556 0.5625 0.458333 0.55625 0.469444 0.55625 0.472222 0.553125 0.477778 0.551562 0.477778 0.551562 0.480556 0.548437 0.486111 0.548437 0.488889 0.545313 0.494444 0.545313 0.508333 0.54375 0.511111 0.54375 0.519444 0.542188 0.522222 0.542188 0.533333 0.540625 0.536111 0.540625 0.541667 0.539062 0.544444 0.534375 0.544444 0.534375 0.819444 0.539062 0.819444 0.540625 0.822222 0.540625 0.825 0.542188 0.827778 0.542188 0.838889 0.54375 0.841667 0.54375 0.85 0.545313 0.852778 0.545313 0.863889 0.546875 0.866667 0.546875 0.930556 0.548437 0.933333 0.548437 0.966667 0.55 0.969444 0.55 0.991667 0.998438 0.991667 0.998438 0.127778 0.743021
7 0.95 0.127778 0.95 0.136111 0.948438 0.138889 0.939062 0.138889 0.9375 0.141667 0.926562 0.141667 0.925 0.144444 0.9125 0.144444 0.910937 0.147222 0.9 0.147222 0.898438 0.15 0.892187 0.15 0.890625 0.152778 0.882812 0.152778 0.88125 0.155556 0.873438 0.155556 0.871875 0.158333 0.8625 0.158333 0.860937 0.161111 0.854688 0.161111 0.853125 0.163889 0.846875 0.163889 0.845312 0.166667 0.835938 0.166667 0.834375 0.169444 0.823438 0.169444 0.821875 0.172222 0.814062 0.172222 0.8125 0.175 0.804688 0.175 0.803125 0.177778 0.796875 0.177778 0.795313 0.180556 0.785937 0.180556 0.784375 0.183333 0.776563 0.183333 0.775 0.186111 0.76875 0.186111 0.767187 0.188889 0.760938 0.188889 0.759375 0.191667 0.751562 0.191667 0.75 0.194444 0.745313 0.194444 0.74375 0.197222 0.740625 0.197222 0.739062 0.2 0.734375 0.2 0.732813 0.202778 0.729688 0.202778 0.728125 0.205556 0.726562 0.205556 0.725 0.208333 0.721875 0.208333 0.720312 0.211111 0.717188 0.211111 0.715625 0.213889 0.714063 0.213889 0.7125 0.216667 0.710938 0.216667 0.707812 0.222222 0.70625 0.222222 0.704687 0.225 0.703125 0.225 0.701563 0.227778 0.698438 0.227778 0.696875 0.230556 0.695312 0.230556 0.69375 0.233333 0.690625 0.233333 0.689062 0.236111 0.684375 0.236111 0.682813 0.238889 0.68125 0.238889 0.679688 0.241667 0.678125 0.241667 0.676562 0.244444 0.673437 0.244444 0.671875 0.247222 0.670313 0.247222 0.66875 0.25 0.665625 0.25 0.664062 0.252778 0.660937 0.252778 0.659375 0.255556 0.65625 0.255556 0.654688 0.258333 0.651563 0.258333 0.65 0.261111 0.648438 0.261111 0.646875 0.263889 0.645312 0.263889 0.64375 0.266667 0.640625 0.266667 0.639063 0.269444 0.6375 0.269444 0.635938 0.272222 0.634375 0.272222 0.632812 0.275 0.63125 0.275 0.629687 0.277778 0.628125 0.277778 0.621875 0.288889 0.620313 0.288889 0.61875 0.291667 0.61875 0.294444 0.614062 0.302778 0.614062 0.305556 0.6125 0.308333 0.6125 0.311111 0.609375 0.316667 0.609375 0.319444 0.60625 0.325 0.60625 0.327778 0.604688 0.330556 0.604688 0.333333 0.603125 0.336111 0.603125 0.338889 0.6 0.344444 0.6 0.347222 0.598437 0.35 0.598437 0.352778 0.595312 0.358333 0.595312 0.361111 0.59375 0.363889 0.59375 0.366667 0.592188 0.369444 0.592188 0.372222 0.590625 0.375 0.590625 0.377778 0.589063 0.380556 0.589063 0.383333 0.585938 0.388889 0.585938 0.391667 0.582812 0.397222 0.582812 0.4 0.58125 0.402778 0.58125 0.405556 0.578125 0.411111 0.578125 0.413889 0.576563 0.416667 0.576563 0.419444 0.575 0.422222 0.575 0.427778 0.570312 0.436111 0.570312 0.438889 0.56875 0.441667 0.56875 0.444444 0.5625 0.455556 0.5625 0.458333 0.55625 0.469444 0.55625 0.472222 0.553125 0.477778 0.551562 0.477778 0.551562 0.480556 0.548437 0.486111 0.548437 0.488889 0.545313 0.494444 0.545313 0.508333 0.54375 0.511111 0.54375 0.519444 0.542188 0.522222 0.542188 0.533333 0.540625 0.536111 0.540625 0.541667 0.539062 0.544444 0.534375 0.544444 0.534375 0.819444 0.539062 0.819444 0.540625 0.822222 0.540625 0.825 0.542188 0.827778 0.542188 0.838889 0.54375 0.841667 0.54375 0.85 0.545313 0.852778 0.545313 0.863889 0.546875 0.866667 0.546875 0.930556 0.548437 0.933333 0.548437 0.966667 0.55 0.969444 0.55 0.991667 0.998438 0.991667 0.998438 0.127778 0.312931
0 0.34375 0.172222 0.34375 0.183333 0.339063 0.191667 0.339063 0.194444 0.335938 0.2 0.335938 0.205556 0.334375 0.208333 0.334375 0.216667 0.332812 0.219444 0.332812 0.225 0.33125 0.227778 0.33125 0.233333 0.329688 0.236111 0.329688 0.266667 0.33125 0.269444 0.33125 0.280556 0.332812 0.283333 0.332812 0.294444 0.33125 0.297222 0.33125 0.3 0.31875 0.322222 0.31875 0.325 0.315625 0.330556 0.314063 0.330556 0.3125 0.333333 0.307813 0.333333 0.30625 0.336111 0.303125 0.336111 0.301562 0.338889 0.3 0.338889 0.296875 0.344444 0.295312 0.344444 0.292188 0.35 0.290625 0.35 0.2875 0.355556 0.285937 0.355556 0.279687 0.366667 0.278125 0.366667 0.276563 0.369444 0.276563 0.372222 0.267188 0.388889 0.267188 0.391667 0.265625 0.394444 0.265625 0.397222 0.264062 0.4 0.264062 0.402778 0.260938 0.408333 0.260938 0.411111 0.259375 0.413889 0.259375 0.416667 0.257812 0.419444 0.257812 0.425 0.25625 0.427778 0.25625 0.433333 0.254687 0.436111 0.254687 0.447222 0.253125 0.45 0.253125 0.458333 0.251563 0.461111 0.251563 0.466667 0.25 0.469444 0.25 0.472222 0.248437 0.475 0.248437 0.480556 0.246875 0.483333 0.246875 0.486111 0.245312 0.488889 0.240625 0.488889 0.240625 0.583333 0.245312 0.583333 0.25 0.591667 0.251563 0.591667 0.253125 0.594444 0.25625 0.594444 0.257812 0.597222 0.26875 0.597222 0.270312 0.6 0.28125 0.6 0.282813 0.597222 0.284375 0.597222 0.285937 0.6 0.2875 0.6 0.289062 0.602778 0.289062 0.638889 0.290625 0.641667 0.290625 0.647222 0.292188 0.65 0.292188 0.672222 0.290625 0.675 0.290625 0.686111 0.289062 0.688889 0.289062 0.730556 0.2875 0.733333 0.2875 0.766667 0.285937 0.769444 0.285937 0.836111 0.2875 0.838889 0.2875 0.85 0.289062 0.852778 0.289062 0.863889 0.290625 0.866667 0.290625 0.883333 0.292188 0.886111 0.292188 0.897222 0.29375 0.9 0.29375 0.905556 0.295312 0.908333 0.295312 0.911111 0.296875 0.913889 0.296875 0.919444 0.298438 0.922222 0.298438 0.933333 0.3 0.936111 0.3 0.944444 0.298438 0.947222 0.298438 0.977778 0.296875 0.980556 0.298438 0.983333 0.298438 1 0.4 1 0.4 0.988889 0.401563 0.986111 0.401563 0.977778 0.403125 0.975 0.403125 0.966667 0.404687 0.963889 0.404687 0.952778 0.40625 0.95 0.40625 0.938889 0.407813 0.936111 0.407813 0.925 0.409375 0.922222 0.409375 0.916667 0.410937 0.913889 0.410937 0.908333 0.4125 0.905556 0.4125 0.897222 0.414062 0.894444 0.414062 0.886111 0.415625 0.883333 0.415625 0.872222 0.417188 0.869444 0.417188 0.858333 0.41875 0.855556 0.41875 0.836111 0.420312 0.833333 0.420312 0.819444 0.421875 0.816667 0.421875 0.805556 0.423438 0.802778 0.423438 0.794444 0.425 0.791667 0.425 0.775 0.426562 0.772222 0.426562 0.761111 0.428125 0.758333 0.428125 0.75 0.429688 0.747222 0.429688 0.727778 0.43125 0.725 0.43125 0.686111 0.429688 0.683333 0.429688 0.666667 0.428125 0.663889 0.428125 0.633333 0.429688 0.630556 0.429688 0.627778 0.439063 0.611111 0.440625 0.611111 0.442187 0.608333 0.44375 0.608333 0.446875 0.602778 0.448438 0.602778 0.45 0.6 0.451562 0.6 0.453125 0.597222 0.454688 0.597222 0.467187 0.575 0.467187 0.572222 0.470313 0.566667 0.470313 0.563889 0.473437 0.558333 0.473437 0.555556 0.475 0.552778 0.475 0.55 0.478125 0.544444 0.478125 0.538889 0.479688 0.536111 0.479688 0.519444 0.478125 0.516667 0.478125 0.505556 0.476562 0.502778 0.476562 0.494444 0.475 0.491667 0.475 0.488889 0.473437 0.486111 0.473437 0.480556 0.471875 0.477778 0.471875 0.475 0.470313 0.472222 0.470313 0.469444 0.46875 0.466667 0.46875 0.461111 0.467187 0.458333 0.467187 0.452778 0.465625 0.45 0.465625 0.447222 0.464063 0.444444 0.464063 0.438889 0.4625 0.436111 0.4625 0.430556 0.460938 0.427778 0.460938 0.422222 0.459375 0.419444 0.459375 0.413889 0.457812 0.411111 0.457812 0.405556 0.45625 0.402778 0.45625 0.397222 0.454688 0.394444 0.454688 0.391667 0.453125 0.388889 0.453125 0.386111 0.45 0.380556 0.45 0.377778 0.435937 0.352778 0.434375 0.352778 0.43125 0.347222 0.429688 0.347222 0.428125 0.344444 0.425 0.344444 0.423438 0.341667 0.421875 0.341667 0.420312 0.338889 0.41875 0.338889 0.417188 0.336111 0.415625 0.336111 0.414062 0.333333 0.4125 0.333333 0.410937 0.330556 0.409375 0.330556 0.407813 0.327778 0.40625 0.327778 0.404687 0.325 0.403125 0.325 0.398438 0.316667 0.398438 0.291667 0.4 0.288889 0.4 0.275 0.401563 0.272222 0.401563 0.261111 0.403125 0.258333 0.403125 0.244444 0.404687 0.241667 0.404687 0.230556 0.403125 0.227778 0.403125 0.213889 0.401563 0.211111 0.401563 0.205556 0.4 0.202778 0.4 0.197222 0.395312 0.188889 0.395312 0.186111 0.392188 0.180556 0.392188 0.172222 0.942029
2 0.95 0.127778 0.95 0.136111 0.948438 0.138889 0.939062 0.138889 0.9375 0.141667 0.926562 0.141667 0.925 0.144444 0.9125 0.144444 0.910937 0.147222 0.9 0.147222 0.898438 0.15 0.892187 0.15 0.890625 0.152778 0.882812 0.152778 0.88125 0.155556 0.873438 0.155556 0.871875 0.158333 0.8625 0.158333 0.860937 0.161111 0.854688 0.161111 0.853125 0.163889 0.846875 0.163889 0.845312 0.166667 0.835938 0.166667 0.834375 0.169444 0.823438 0.169444 0.821875 0.172222 0.814062 0.172222 0.8125 0.175 0.804688 0.175 0.803125 0.177778 0.796875 0.177778 0.795313 0.180556 0.785937 0.180556 0.784375 0.183333 0.776563 0.183333 0.775 0.186111 0.76875 0.186111 0.767187 0.188889 0.760938 0.188889 0.759375 0.191667 0.751562 0.191667 0.75 0.194444 0.745313 0.194444 0.74375 0.197222 0.740625 0.197222 0.739062 0.2 0.734375 0.2 0.732813 0.202778 0.729688 0.202778 0.728125 0.205556 0.726562 0.205556 0.725 0.208333 0.721875 0.208333 0.720312 0.211111 0.717188 0.211111 0.715625 0.213889 0.714063 0.213889 0.7125 0.216667 0.710938 0.216667 0.707812 0.222222 0.70625 0.222222 0.704687 0.225 0.703125 0.225 0.701563 0.227778 0.698438 0.227778 0.696875 0.230556 0.695312 0.230556 0.69375 0.233333 0.690625 0.233333 0.689062 0.236111 0.684375 0.236111 0.682813 0.238889 0.68125 0.238889 0.679688 0.241667 0.678125 0.241667 0.676562 0.244444 0.673437 0.244444 0.671875 0.247222 0.670313 0.247222 0.66875 0.25 0.665625 0.25 0.664062 0.252778 0.660937 0.252778 0.659375 0.255556 0.65625 0.255556 0.654688 0.258333 0.651563 0.258333 0.65 0.261111 0.648438 0.261111 0.646875 0.263889 0.645312 0.263889 0.64375 0.266667 0.640625 0.266667 0.639063 0.269444 0.6375 0.269444 0.635938 0.272222 0.634375 0.272222 0.632812 0.275 0.63125 0.275 0.629687 0.277778 0.628125 0.277778 0.621875 0.288889 0.620313 0.288889 0.61875 0.291667 0.61875 0.294444 0.614062 0.302778 0.614062 0.305556 0.6125 0.308333 0.6125 0.311111 0.609375 0.316667 0.609375 0.319444 0.60625 0.325 0.60625 0.327778 0.604688 0.330556 0.604688 0.333333 0.603125 0.336111 0.603125 0.338889 0.6 0.344444 0.6 0.347222 0.598437 0.35 0.598437 0.352778 0.595312 0.358333 0.595312 0.361111 0.59375 0.363889 0.59375 0.366667 0.592188 0.369444 0.592188 0.372222 0.590625 0.375 0.590625 0.377778 0.589063 0.380556 0.589063 0.383333 0.585938 0.388889 0.585938 0.391667 0.582812 0.397222 0.582812 0.4 0.58125 0.402778 0.58125 0.405556 0.578125 0.411111 0.578125 0.413889 0.576563 0.416667 0.576563 0.419444 0.575 0.422222 0.575 0.427778 0.570312 0.436111 0.570312 0.438889 0.56875 0.441667 0.56875 0.444444 0.5625 0.455556 0.5625 0.458333 0.55625 0.469444 0.55625 0.472222 0.553125 0.477778 0.551562 0.477778 0.551562 0.480556 0.548437 0.486111 0.548437 0.488889 0.545313 0.494444 0.545313 0.508333 0.54375 0.511111 0.54375 0.519444 0.542188 0.522222 0.542188 0.533333 0.540625 0.536111 0.540625 0.541667 0.539062 0.544444 0.534375 0.544444 0.534375 0.819444 0.539062 0.819444 0.540625 0.822222 0.540625 0.825 0.542188 0.827778 0.542188 0.838889 0.54375 0.841667 0.54375 0.85 0.545313 0.852778 0.545313 0.863889 0.546875 0.866667 0.546875 0.930556 0.548437 0.933333 0.548437 0.966667 0.55 0.969444 0.55 0.991667 0.998438 0.991667 0.998438 0.127778 0.743021
7 0.95 0.127778 0.95 0.136111 0.948438 0.138889 0.939062 0.138889 0.9375 0.141667 0.926562 0.141667 0.925 0.144444 0.9125 0.144444 0.910937 0.147222 0.9 0.147222 0.898438 0.15 0.892187 0.15 0.890625 0.152778 0.882812 0.152778 0.88125 0.155556 0.873438 0.155556 0.871875 0.158333 0.8625 0.158333 0.860937 0.161111 0.854688 0.161111 0.853125 0.163889 0.846875 0.163889 0.845312 0.166667 0.835938 0.166667 0.834375 0.169444 0.823438 0.169444 0.821875 0.172222 0.814062 0.172222 0.8125 0.175 0.804688 0.175 0.803125 0.177778 0.796875 0.177778 0.795313 0.180556 0.785937 0.180556 0.784375 0.183333 0.776563 0.183333 0.775 0.186111 0.76875 0.186111 0.767187 0.188889 0.760938 0.188889 0.759375 0.191667 0.751562 0.191667 0.75 0.194444 0.745313 0.194444 0.74375 0.197222 0.740625 0.197222 0.739062 0.2 0.734375 0.2 0.732813 0.202778 0.729688 0.202778 0.728125 0.205556 0.726562 0.205556 0.725 0.208333 0.721875 0.208333 0.720312 0.211111 0.717188 0.211111 0.715625 0.213889 0.714063 0.213889 0.7125 0.216667 0.710938 0.216667 0.707812 0.222222 0.70625 0.222222 0.704687 0.225 0.703125 0.225 0.701563 0.227778 0.698438 0.227778 0.696875 0.230556 0.695312 0.230556 0.69375 0.233333 0.690625 0.233333 0.689062 0.236111 0.684375 0.236111 0.682813 0.238889 0.68125 0.238889 0.679688 0.241667 0.678125 0.241667 0.676562 0.244444 0.673437 0.244444 0.671875 0.247222 0.670313 0.247222 0.66875 0.25 0.665625 0.25 0.664062 0.252778 0.660937 0.252778 0.659375 0.255556 0.65625 0.255556 0.654688 0.258333 0.651563 0.258333 0.65 0.261111 0.648438 0.261111 0.646875 0.263889 0.645312 0.263889 0.64375 0.266667 0.640625 0.266667 0.639063 0.269444 0.6375 0.269444 0.635938 0.272222 0.634375 0.272222 0.632812 0.275 0.63125 0.275 0.629687 0.277778 0.628125 0.277778 0.621875 0.288889 0.620313 0.288889 0.61875 0.291667 0.61875 0.294444 0.614062 0.302778 0.614062 0.305556 0.6125 0.308333 0.6125 0.311111 0.609375 0.316667 0.609375 0.319444 0.60625 0.325 0.60625 0.327778 0.604688 0.330556 0.604688 0.333333 0.603125 0.336111 0.603125 0.338889 0.6 0.344444 0.6 0.347222 0.598437 0.35 0.598437 0.352778 0.595312 0.358333 0.595312 0.361111 0.59375 0.363889 0.59375 0.366667 0.592188 0.369444 0.592188 0.372222 0.590625 0.375 0.590625 0.377778 0.589063 0.380556 0.589063 0.383333 0.585938 0.388889 0.585938 0.391667 0.582812 0.397222 0.582812 0.4 0.58125 0.402778 0.58125 0.405556 0.578125 0.411111 0.578125 0.413889 0.576563 0.416667 0.576563 0.419444 0.575 0.422222 0.575 0.427778 0.570312 0.436111 0.570312 0.438889 0.56875 0.441667 0.56875 0.444444 0.5625 0.455556 0.5625 0.458333 0.55625 0.469444 0.55625 0.472222 0.553125 0.477778 0.551562 0.477778 0.551562 0.480556 0.548437 0.486111 0.548437 0.488889 0.545313 0.494444 0.545313 0.508333 0.54375 0.511111 0.54375 0.519444 0.542188 0.522222 0.542188 0.533333 0.540625 0.536111 0.540625 0.541667 0.539062 0.544444 0.534375 0.544444 0.534375 0.819444 0.539062 0.819444 0.540625 0.822222 0.540625 0.825 0.542188 0.827778 0.542188 0.838889 0.54375 0.841667 0.54375 0.85 0.545313 0.852778 0.545313 0.863889 0.546875 0.866667 0.546875 0.930556 0.548437 0.933333 0.548437 0.966667 0.55 0.969444 0.55 0.991667 0.998438 0.991667 0.998438 0.127778 0.312931
0 0.34375 0.172222 0.34375 0.183333 0.339063 0.191667 0.339063 0.194444 0.335938 0.2 0.335938 0.205556 0.334375 0.208333 0.334375 0.216667 0.332812 0.219444 0.332812 0.225 0.33125 0.227778 0.33125 0.233333 0.329688 0.236111 0.329688 0.266667 0.33125 0.269444 0.33125 0.280556 0.332812 0.283333 0.332812 0.294444 0.33125 0.297222 0.33125 0.3 0.31875 0.322222 0.31875 0.325 0.315625 0.330556 0.314063 0.330556 0.3125 0.333333 0.307813 0.333333 0.30625 0.336111 0.303125 0.336111 0.301562 0.338889 0.3 0.338889 0.296875 0.344444 0.295312 0.344444 0.292188 0.35 0.290625 0.35 0.2875 0.355556 0.285937 0.355556 0.279687 0.366667 0.278125 0.366667 0.276563 0.369444 0.276563 0.372222 0.267188 0.388889 0.267188 0.391667 0.265625 0.394444 0.265625 0.397222 0.264062 0.4 0.264062 0.402778 0.260938 0.408333 0.260938 0.411111 0.259375 0.413889 0.259375 0.416667 0.257812 0.419444 0.257812 0.425 0.25625 0.427778 0.25625 0.433333 0.254687 0.436111 0.254687 0.447222 0.253125 0.45 0.253125 0.458333 0.251563 0.461111 0.251563 0.466667 0.25 0.469444 0.25 0.472222 0.248437 0.475 0.248437 0.480556 0.246875 0.483333 0.246875 0.486111 0.245312 0.488889 0.240625 0.488889 0.240625 0.583333 0.245312 0.583333 0.25 0.591667 0.251563 0.591667 0.253125 0.594444 0.25625 0.594444 0.257812 0.597222 0.26875 0.597222 0.270312 0.6 0.28125 0.6 0.282813 0.597222 0.284375 0.597222 0.285937 0.6 0.2875 0.6 0.289062 0.602778 0.289062 0.638889 0.290625 0.641667 0.290625 0.647222 0.292188 0.65 0.292188 0.672222 0.290625 0.675 0.290625 0.686111 0.289062 0.688889 0.289062 0.730556 0.2875 0.733333 0.2875 0.766667 0.285937 0.769444 0.285937 0.836111 0.2875 0.838889 0.2875 0.85 0.289062 0.852778 0.289062 0.863889 0.290625 0.866667 0.290625 0.883333 0.292188 0.886111 0.292188 0.897222 0.29375 0.9 0.29375 0.905556 0.295312 0.908333 0.295312 0.911111 0.296875 0.913889 0.296875 0.919444 0.298438 0.922222 0.298438 0.933333 0.3 0.936111 0.3 0.944444 0.298438 0.947222 0.298438 0.977778 0.296875 0.980556 0.298438 0.983333 0.298438 1 0.4 1 0.4 0.988889 0.401563 0.986111 0.401563 0.977778 0.403125 0.975 0.403125 0.966667 0.404687 0.963889 0.404687 0.952778 0.40625 0.95 0.40625 0.938889 0.407813 0.936111 0.407813 0.925 0.409375 0.922222 0.409375 0.916667 0.410937 0.913889 0.410937 0.908333 0.4125 0.905556 0.4125 0.897222 0.414062 0.894444 0.414062 0.886111 0.415625 0.883333 0.415625 0.872222 0.417188 0.869444 0.417188 0.858333 0.41875 0.855556 0.41875 0.836111 0.420312 0.833333 0.420312 0.819444 0.421875 0.816667 0.421875 0.805556 0.423438 0.802778 0.423438 0.794444 0.425 0.791667 0.425 0.775 0.426562 0.772222 0.426562 0.761111 0.428125 0.758333 0.428125 0.75 0.429688 0.747222 0.429688 0.727778 0.43125 0.725 0.43125 0.686111 0.429688 0.683333 0.429688 0.666667 0.428125 0.663889 0.428125 0.633333 0.429688 0.630556 0.429688 0.627778 0.439063 0.611111 0.440625 0.611111 0.442187 0.608333 0.44375 0.608333 0.446875 0.602778 0.448438 0.602778 0.45 0.6 0.451562 0.6 0.453125 0.597222 0.454688 0.597222 0.467187 0.575 0.467187 0.572222 0.470313 0.566667 0.470313 0.563889 0.473437 0.558333 0.473437 0.555556 0.475 0.552778 0.475 0.55 0.478125 0.544444 0.478125 0.538889 0.479688 0.536111 0.479688 0.519444 0.478125 0.516667 0.478125 0.505556 0.476562 0.502778 0.476562 0.494444 0.475 0.491667 0.475 0.488889 0.473437 0.486111 0.473437 0.480556 0.471875 0.477778 0.471875 0.475 0.470313 0.472222 0.470313 0.469444 0.46875 0.466667 0.46875 0.461111 0.467187 0.458333 0.467187 0.452778 0.465625 0.45 0.465625 0.447222 0.464063 0.444444 0.464063 0.438889 0.4625 0.436111 0.4625 0.430556 0.460938 0.427778 0.460938 0.422222 0.459375 0.419444 0.459375 0.413889 0.457812 0.411111 0.457812 0.405556 0.45625 0.402778 0.45625 0.397222 0.454688 0.394444 0.454688 0.391667 0.453125 0.388889 0.453125 0.386111 0.45 0.380556 0.45 0.377778 0.435937 0.352778 0.434375 0.352778 0.43125 0.347222 0.429688 0.347222 0.428125 0.344444 0.425 0.344444 0.423438 0.341667 0.421875 0.341667 0.420312 0.338889 0.41875 0.338889 0.417188 0.336111 0.415625 0.336111 0.414062 0.333333 0.4125 0.333333 0.410937 0.330556 0.409375 0.330556 0.407813 0.327778 0.40625 0.327778 0.404687 0.325 0.403125 0.325 0.398438 0.316667 0.398438 0.291667 0.4 0.288889 0.4 0.275 0.401563 0.272222 0.401563 0.261111 0.403125 0.258333 0.403125 0.244444 0.404687 0.241667 0.404687 0.230556 0.403125 0.227778 0.403125 0.213889 0.401563 0.211111 0.401563 0.205556 0.4 0.202778 0.4 0.197222 0.395312 0.188889 0.395312 0.186111 0.392188 0.180556 0.392188 0.172222 0.942029
2 0.95 0.127778 0.95 0.136111 0.948438 0.138889 0.939062 0.138889 0.9375 0.141667 0.926562 0.141667 0.925 0.144444 0.9125 0.144444 0.910937 0.147222 0.9 0.147222 0.898438 0.15 0.892187 0.15 0.890625 0.152778 0.882812 0.152778 0.88125 0.155556 0.873438 0.155556 0.871875 0.158333 0.8625 0.158333 0.860937 0.161111 0.854688 0.161111 0.853125 0.163889 0.846875 0.163889 0.845312 0.166667 0.835938 0.166667 0.834375 0.169444 0.823438 0.169444 0.821875 0.172222 0.814062 0.172222 0.8125 0.175 0.804688 0.175 0.803125 0.177778 0.796875 0.177778 0.795313 0.180556 0.785937 0.180556 0.784375 0.183333 0.776563 0.183333 0.775 0.186111 0.76875 0.186111 0.767187 0.188889 0.760938 0.188889 0.759375 0.191667 0.751562 0.191667 0.75 0.194444 0.745313 0.194444 0.74375 0.197222 0.740625 0.197222 0.739062 0.2 0.734375 0.2 0.732813 0.202778 0.729688 0.202778 0.728125 0.205556 0.726562 0.205556 0.725 0.208333 0.721875 0.208333 0.720312 0.211111 0.717188 0.211111 0.715625 0.213889 0.714063 0.213889 0.7125 0.216667 0.710938 0.216667 0.707812 0.222222 0.70625 0.222222 0.704687 0.225 0.703125 0.225 0.701563 0.227778 0.698438 0.227778 0.696875 0.230556 0.695312 0.230556 0.69375 0.233333 0.690625 0.233333 0.689062 0.236111 0.684375 0.236111 0.682813 0.238889 0.68125 0.238889 0.679688 0.241667 0.678125 0.241667 0.676562 0.244444 0.673437 0.244444 0.671875 0.247222 0.670313 0.247222 0.66875 0.25 0.665625 0.25 0.664062 0.252778 0.660937 0.252778 0.659375 0.255556 0.65625 0.255556 0.654688 0.258333 0.651563 0.258333 0.65 0.261111 0.648438 0.261111 0.646875 0.263889 0.645312 0.263889 0.64375 0.266667 0.640625 0.266667 0.639063 0.269444 0.6375 0.269444 0.635938 0.272222 0.634375 0.272222 0.632812 0.275 0.63125 0.275 0.629687 0.277778 0.628125 0.277778 0.621875 0.288889 0.620313 0.288889 0.61875 0.291667 0.61875 0.294444 0.614062 0.302778 0.614062 0.305556 0.6125 0.308333 0.6125 0.311111 0.609375 0.316667 0.609375 0.319444 0.60625 0.325 0.60625 0.327778 0.604688 0.330556 0.604688 0.333333 0.603125 0.336111 0.603125 0.338889 0.6 0.344444 0.6 0.347222 0.598437 0.35 0.598437 0.352778 0.595312 0.358333 0.595312 0.361111 0.59375 0.363889 0.59375 0.366667 0.592188 0.369444 0.592188 0.372222 0.590625 0.375 0.590625 0.377778 0.589063 0.380556 0.589063 0.383333 0.585938 0.388889 0.585938 0.391667 0.582812 0.397222 0.582812 0.4 0.58125 0.402778 0.58125 0.405556 0.578125 0.411111 0.578125 0.413889 0.576563 0.416667 0.576563 0.419444 0.575 0.422222 0.575 0.427778 0.570312 0.436111 0.570312 0.438889 0.56875 0.441667 0.56875 0.444444 0.5625 0.455556 0.5625 0.458333 0.55625 0.469444 0.55625 0.472222 0.553125 0.477778 0.551562 0.477778 0.551562 0.480556 0.548437 0.486111 0.548437 0.488889 0.545313 0.494444 0.545313 0.508333 0.54375 0.511111 0.54375 0.519444 0.542188 0.522222 0.542188 0.533333 0.540625 0.536111 0.540625 0.541667 0.539062 0.544444 0.534375 0.544444 0.534375 0.819444 0.539062 0.819444 0.540625 0.822222 0.540625 0.825 0.542188 0.827778 0.542188 0.838889 0.54375 0.841667 0.54375 0.85 0.545313 0.852778 0.545313 0.863889 0.546875 0.866667 0.546875 0.930556 0.548437 0.933333 0.548437 0.966667 0.55 0.969444 0.55 0.991667 0.998438 0.991667 0.998438 0.127778 0.743021
7 0.95 0.127778 0.95 0.136111 0.948438 0.138889 0.939062 0.138889 0.9375 0.141667 0.926562 0.141667 0.925 0.144444 0.9125 0.144444 0.910937 0.147222 0.9 0.147222 0.898438 0.15 0.892187 0.15 0.890625 0.152778 0.882812 0.152778 0.88125 0.155556 0.873438 0.155556 0.871875 0.158333 0.8625 0.158333 0.860937 0.161111 0.854688 0.161111 0.853125 0.163889 0.846875 0.163889 0.845312 0.166667 0.835938 0.166667 0.834375 0.169444 0.823438 0.169444 0.821875 0.172222 0.814062 0.172222 0.8125 0.175 0.804688 0.175 0.803125 0.177778 0.796875 0.177778 0.795313 0.180556 0.785937 0.180556 0.784375 0.183333 0.776563 0.183333 0.775 0.186111 0.76875 0.186111 0.767187 0.188889 0.760938 0.188889 0.759375 0.191667 0.751562 0.191667 0.75 0.194444 0.745313 0.194444 0.74375 0.197222 0.740625 0.197222 0.739062 0.2 0.734375 0.2 0.732813 0.202778 0.729688 0.202778 0.728125 0.205556 0.726562 0.205556 0.725 0.208333 0.721875 0.208333 0.720312 0.211111 0.717188 0.211111 0.715625 0.213889 0.714063 0.213889 0.7125 0.216667 0.710938 0.216667 0.707812 0.222222 0.70625 0.222222 0.704687 0.225 0.703125 0.225 0.701563 0.227778 0.698438 0.227778 0.696875 0.230556 0.695312 0.230556 0.69375 0.233333 0.690625 0.233333 0.689062 0.236111 0.684375 0.236111 0.682813 0.238889 0.68125 0.238889 0.679688 0.241667 0.678125 0.241667 0.676562 0.244444 0.673437 0.244444 0.671875 0.247222 0.670313 0.247222 0.66875 0.25 0.665625 0.25 0.664062 0.252778 0.660937 0.252778 0.659375 0.255556 0.65625 0.255556 0.654688 0.258333 0.651563 0.258333 0.65 0.261111 0.648438 0.261111 0.646875 0.263889 0.645312 0.263889 0.64375 0.266667 0.640625 0.266667 0.639063 0.269444 0.6375 0.269444 0.635938 0.272222 0.634375 0.272222 0.632812 0.275 0.63125 0.275 0.629687 0.277778 0.628125 0.277778 0.621875 0.288889 0.620313 0.288889 0.61875 0.291667 0.61875 0.294444 0.614062 0.302778 0.614062 0.305556 0.6125 0.308333 0.6125 0.311111 0.609375 0.316667 0.609375 0.319444 0.60625 0.325 0.60625 0.327778 0.604688 0.330556 0.604688 0.333333 0.603125 0.336111 0.603125 0.338889 0.6 0.344444 0.6 0.347222 0.598437 0.35 0.598437 0.352778 0.595312 0.358333 0.595312 0.361111 0.59375 0.363889 0.59375 0.366667 0.592188 0.369444 0.592188 0.372222 0.590625 0.375 0.590625 0.377778 0.589063 0.380556 0.589063 0.383333 0.585938 0.388889 0.585938 0.391667 0.582812 0.397222 0.582812 0.4 0.58125 0.402778 0.58125 0.405556 0.578125 0.411111 0.578125 0.413889 0.576563 0.416667 0.576563 0.419444 0.575 0.422222 0.575 0.427778 0.570312 0.436111 0.570312 0.438889 0.56875 0.441667 0.56875 0.444444 0.5625 0.455556 0.5625 0.458333 0.55625 0.469444 0.55625 0.472222 0.553125 0.477778 0.551562 0.477778 0.551562 0.480556 0.548437 0.486111 0.548437 0.488889 0.545313 0.494444 0.545313 0.508333 0.54375 0.511111 0.54375 0.519444 0.542188 0.522222 0.542188 0.533333 0.540625 0.536111 0.540625 0.541667 0.539062 0.544444 0.534375 0.544444 0.534375 0.819444 0.539062 0.819444 0.540625 0.822222 0.540625 0.825 0.542188 0.827778 0.542188 0.838889 0.54375 0.841667 0.54375 0.85 0.545313 0.852778 0.545313 0.863889 0.546875 0.866667 0.546875 0.930556 0.548437 0.933333 0.548437 0.966667 0.55 0.969444 0.55 0.991667 0.998438 0.991667 0.998438 0.127778 0.312931
0 0.34375 0.172222 0.34375 0.183333 0.339063 0.191667 0.339063 0.194444 0.335938 0.2 0.335938 0.205556 0.334375 0.208333 0.334375 0.216667 0.332812 0.219444 0.332812 0.225 0.33125 0.227778 0.33125 0.233333 0.329688 0.236111 0.329688 0.266667 0.33125 0.269444 0.33125 0.280556 0.332812 0.283333 0.332812 0.294444 0.33125 0.297222 0.33125 0.3 0.31875 0.322222 0.31875 0.325 0.315625 0.330556 0.314063 0.330556 0.3125 0.333333 0.307813 0.333333 0.30625 0.336111 0.303125 0.336111 0.301562 0.338889 0.3 0.338889 0.296875 0.344444 0.295312 0.344444 0.292188 0.35 0.290625 0.35 0.2875 0.355556 0.285937 0.355556 0.279687 0.366667 0.278125 0.366667 0.276563 0.369444 0.276563 0.372222 0.267188 0.388889 0.267188 0.391667 0.265625 0.394444 0.265625 0.397222 0.264062 0.4 0.264062 0.402778 0.260938 0.408333 0.260938 0.411111 0.259375 0.413889 0.259375 0.416667 0.257812 0.419444 0.257812 0.425 0.25625 0.427778 0.25625 0.433333 0.254687 0.436111 0.254687 0.447222 0.253125 0.45 0.253125 0.458333 0.251563 0.461111 0.251563 0.466667 0.25 0.469444 0.25 0.472222 0.248437 0.475 0.248437 0.480556 0.246875 0.483333 0.246875 0.486111 0.245312 0.488889 0.240625 0.488889 0.240625 0.583333 0.245312 0.583333 0.25 0.591667 0.251563 0.591667 0.253125 0.594444 0.25625 0.594444 0.257812 0.597222 0.26875 0.597222 0.270312 0.6 0.28125 0.6 0.282813 0.597222 0.284375 0.597222 0.285937 0.6 0.2875 0.6 0.289062 0.602778 0.289062 0.638889 0.290625 0.641667 0.290625 0.647222 0.292188 0.65 0.292188 0.672222 0.290625 0.675 0.290625 0.686111 0.289062 0.688889 0.289062 0.730556 0.2875 0.733333 0.2875 0.766667 0.285937 0.769444 0.285937 0.836111 0.2875 0.838889 0.2875 0.85 0.289062 0.852778 0.289062 0.863889 0.290625 0.866667 0.290625 0.883333 0.292188 0.886111 0.292188 0.897222 0.29375 0.9 0.29375 0.905556 0.295312 0.908333 0.295312 0.911111 0.296875 0.913889 0.296875 0.919444 0.298438 0.922222 0.298438 0.933333 0.3 0.936111 0.3 0.944444 0.298438 0.947222 0.298438 0.977778 0.296875 0.980556 0.298438 0.983333 0.298438 1 0.4 1 0.4 0.988889 0.401563 0.986111 0.401563 0.977778 0.403125 0.975 0.403125 0.966667 0.404687 0.963889 0.404687 0.952778 0.40625 0.95 0.40625 0.938889 0.407813 0.936111 0.407813 0.925 0.409375 0.922222 0.409375 0.916667 0.410937 0.913889 0.410937 0.908333 0.4125 0.905556 0.4125 0.897222 0.414062 0.894444 0.414062 0.886111 0.415625 0.883333 0.415625 0.872222 0.417188 0.869444 0.417188 0.858333 0.41875 0.855556 0.41875 0.836111 0.420312 0.833333 0.420312 0.819444 0.421875 0.816667 0.421875 0.805556 0.423438 0.802778 0.423438 0.794444 0.425 0.791667 0.425 0.775 0.426562 0.772222 0.426562 0.761111 0.428125 0.758333 0.428125 0.75 0.429688 0.747222 0.429688 0.727778 0.43125 0.725 0.43125 0.686111 0.429688 0.683333 0.429688 0.666667 0.428125 0.663889 0.428125 0.633333 0.429688 0.630556 0.429688 0.627778 0.439063 0.611111 0.440625 0.611111 0.442187 0.608333 0.44375 0.608333 0.446875 0.602778 0.448438 0.602778 0.45 0.6 0.451562 0.6 0.453125 0.597222 0.454688 0.597222 0.467187 0.575 0.467187 0.572222 0.470313 0.566667 0.470313 0.563889 0.473437 0.558333 0.473437 0.555556 0.475 0.552778 0.475 0.55 0.478125 0.544444 0.478125 0.538889 0.479688 0.536111 0.479688 0.519444 0.478125 0.516667 0.478125 0.505556 0.476562 0.502778 0.476562 0.494444 0.475 0.491667 0.475 0.488889 0.473437 0.486111 0.473437 0.480556 0.471875 0.477778 0.471875 0.475 0.470313 0.472222 0.470313 0.469444 0.46875 0.466667 0.46875 0.461111 0.467187 0.458333 0.467187 0.452778 0.465625 0.45 0.465625 0.447222 0.464063 0.444444 0.464063 0.438889 0.4625 0.436111 0.4625 0.430556 0.460938 0.427778 0.460938 0.422222 0.459375 0.419444 0.459375 0.413889 0.457812 0.411111 0.457812 0.405556 0.45625 0.402778 0.45625 0.397222 0.454688 0.394444 0.454688 0.391667 0.453125 0.388889 0.453125 0.386111 0.45 0.380556 0.45 0.377778 0.435937 0.352778 0.434375 0.352778 0.43125 0.347222 0.429688 0.347222 0.428125 0.344444 0.425 0.344444 0.423438 0.341667 0.421875 0.341667 0.420312 0.338889 0.41875 0.338889 0.417188 0.336111 0.415625 0.336111 0.414062 0.333333 0.4125 0.333333 0.410937 0.330556 0.409375 0.330556 0.407813 0.327778 0.40625 0.327778 0.404687 0.325 0.403125 0.325 0.398438 0.316667 0.398438 0.291667 0.4 0.288889 0.4 0.275 0.401563 0.272222 0.401563 0.261111 0.403125 0.258333 0.403125 0.244444 0.404687 0.241667 0.404687 0.230556 0.403125 0.227778 0.403125 0.213889 0.401563 0.211111 0.401563 0.205556 0.4 0.202778 0.4 0.197222 0.395312 0.188889 0.395312 0.186111 0.392188 0.180556 0.392188 0.172222 0.942029
2 0.95 0.127778 0.95 0.136111 0.948438 0.138889 0.939062 0.138889 0.9375 0.141667 0.926562 0.141667 0.925 0.144444 0.9125 0.144444 0.910937 0.147222 0.9 0.147222 0.898438 0.15 0.892187 0.15 0.890625 0.152778 0.882812 0.152778 0.88125 0.155556 0.873438 0.155556 0.871875 0.158333 0.8625 0.158333 0.860937 0.161111 0.854688 0.161111 0.853125 0.163889 0.846875 0.163889 0.845312 0.166667 0.835938 0.166667 0.834375 0.169444 0.823438 0.169444 0.821875 0.172222 0.814062 0.172222 0.8125 0.175 0.804688 0.175 0.803125 0.177778 0.796875 0.177778 0.795313 0.180556 0.785937 0.180556 0.784375 0.183333 0.776563 0.183333 0.775 0.186111 0.76875 0.186111 0.767187 0.188889 0.760938 0.188889 0.759375 0.191667 0.751562 0.191667 0.75 0.194444 0.745313 0.194444 0.74375 0.197222 0.740625 0.197222 0.739062 0.2 0.734375 0.2 0.732813 0.202778 0.729688 0.202778 0.728125 0.205556 0.726562 0.205556 0.725 0.208333 0.721875 0.208333 0.720312 0.211111 0.717188 0.211111 0.715625 0.213889 0.714063 0.213889 0.7125 0.216667 0.710938 0.216667 0.707812 0.222222 0.70625 0.222222 0.704687 0.225 0.703125 0.225 0.701563 0.227778 0.698438 0.227778 0.696875 0.230556 0.695312 0.230556 0.69375 0.233333 0.690625 0.233333 0.689062 0.236111 0.684375 0.236111 0.682813 0.238889 0.68125 0.238889 0.679688 0.241667 0.678125 0.241667 0.676562 0.244444 0.673437 0.244444 0.671875 0.247222 0.670313 0.247222 0.66875 0.25 0.665625 0.25 0.664062 0.252778 0.660937 0.252778 0.659375 0.255556 0.65625 0.255556 0.654688 0.258333 0.651563 0.258333 0.65 0.261111 0.648438 0.261111 0.646875 0.263889 0.645312 0.263889 0.64375 0.266667 0.640625 0.266667 0.639063 0.269444 0.6375 0.269444 0.635938 0.272222 0.634375 0.272222 0.632812 0.275 0.63125 0.275 0.629687 0.277778 0.628125 0.277778 0.621875 0.288889 0.620313 0.288889 0.61875 0.291667 0.61875 0.294444 0.614062 0.302778 0.614062 0.305556 0.6125 0.308333 0.6125 0.311111 0.609375 0.316667 0.609375 0.319444 0.60625 0.325 0.60625 0.327778 0.604688 0.330556 0.604688 0.333333 0.603125 0.336111 0.603125 0.338889 0.6 0.344444 0.6 0.347222 0.598437 0.35 0.598437 0.352778 0.595312 0.358333 0.595312 0.361111 0.59375 0.363889 0.59375 0.366667 0.592188 0.369444 0.592188 0.372222 0.590625 0.375 0.590625 0.377778 0.589063 0.380556 0.589063 0.383333 0.585938 0.388889 0.585938 0.391667 0.582812 0.397222 0.582812 0.4 0.58125 0.402778 0.58125 0.405556 0.578125 0.411111 0.578125 0.413889 0.576563 0.416667 0.576563 0.419444 0.575 0.422222 0.575 0.427778 0.570312 0.436111 0.570312 0.438889 0.56875 0.441667 0.56875 0.444444 0.5625 0.455556 0.5625 0.458333 0.55625 0.469444 0.55625 0.472222 0.553125 0.477778 0.551562 0.477778 0.551562 0.480556 0.548437 0.486111 0.548437 0.488889 0.545313 0.494444 0.545313 0.508333 0.54375 0.511111 0.54375 0.519444 0.542188 0.522222 0.542188 0.533333 0.540625 0.536111 0.540625 0.541667 0.539062 0.544444 0.534375 0.544444 0.534375 0.819444 0.539062 0.819444 0.540625 0.822222 0.540625 0.825 0.542188 0.827778 0.542188 0.838889 0.54375 0.841667 0.54375 0.85 0.545313 0.852778 0.545313 0.863889 0.546875 0.866667 0.546875 0.930556 0.548437 0.933333 0.548437 0.966667 0.55 0.969444 0.55 0.991667 0.998438 0.991667 0.998438 0.127778 0.743021
7 0.95 0.127778 0.95 0.136111 0.948438 0.138889 0.939062 0.138889 0.9375 0.141667 0.926562 0.141667 0.925 0.144444 0.9125 0.144444 0.910937 0.147222 0.9 0.147222 0.898438 0.15 0.892187 0.15 0.890625 0.152778 0.882812 0.152778 0.88125 0.155556 0.873438 0.155556 0.871875 0.158333 0.8625 0.158333 0.860937 0.161111 0.854688 0.161111 0.853125 0.163889 0.846875 0.163889 0.845312 0.166667 0.835938 0.166667 0.834375 0.169444 0.823438 0.169444 0.821875 0.172222 0.814062 0.172222 0.8125 0.175 0.804688 0.175 0.803125 0.177778 0.796875 0.177778 0.795313 0.180556 0.785937 0.180556 0.784375 0.183333 0.776563 0.183333 0.775 0.186111 0.76875 0.186111 0.767187 0.188889 0.760938 0.188889 0.759375 0.191667 0.751562 0.191667 0.75 0.194444 0.745313 0.194444 0.74375 0.197222 0.740625 0.197222 0.739062 0.2 0.734375 0.2 0.732813 0.202778 0.729688 0.202778 0.728125 0.205556 0.726562 0.205556 0.725 0.208333 0.721875 0.208333 0.720312 0.211111 0.717188 0.211111 0.715625 0.213889 0.714063 0.213889 0.7125 0.216667 0.710938 0.216667 0.707812 0.222222 0.70625 0.222222 0.704687 0.225 0.703125 0.225 0.701563 0.227778 0.698438 0.227778 0.696875 0.230556 0.695312 0.230556 0.69375 0.233333 0.690625 0.233333 0.689062 0.236111 0.684375 0.236111 0.682813 0.238889 0.68125 0.238889 0.679688 0.241667 0.678125 0.241667 0.676562 0.244444 0.673437 0.244444 0.671875 0.247222 0.670313 0.247222 0.66875 0.25 0.665625 0.25 0.664062 0.252778 0.660937 0.252778 0.659375 0.255556 0.65625 0.255556 0.654688 0.258333 0.651563 0.258333 0.65 0.261111 0.648438 0.261111 0.646875 0.263889 0.645312 0.263889 0.64375 0.266667 0.640625 0.266667 0.639063 0.269444 0.6375 0.269444 0.635938 0.272222 0.634375 0.272222 0.632812 0.275 0.63125 0.275 0.629687 0.277778 0.628125 0.277778 0.621875 0.288889 0.620313 0.288889 0.61875 0.291667 0.61875 0.294444 0.614062 0.302778 0.614062 0.305556 0.6125 0.308333 0.6125 0.311111 0.609375 0.316667 0.609375 0.319444 0.60625 0.325 0.60625 0.327778 0.604688 0.330556 0.604688 0.333333 0.603125 0.336111 0.603125 0.338889 0.6 0.344444 0.6 0.347222 0.598437 0.35 0.598437 0.352778 0.595312 0.358333 0.595312 0.361111 0.59375 0.363889 0.59375 0.366667 0.592188 0.369444 0.592188 0.372222 0.590625 0.375 0.590625 0.377778 0.589063 0.380556 0.589063 0.383333 0.585938 0.388889 0.585938 0.391667 0.582812 0.397222 0.582812 0.4 0.58125 0.402778 0.58125 0.405556 0.578125 0.411111 0.578125 0.413889 0.576563 0.416667 0.576563 0.419444 0.575 0.422222 0.575 0.427778 0.570312 0.436111 0.570312 0.438889 0.56875 0.441667 0.56875 0.444444 0.5625 0.455556 0.5625 0.458333 0.55625 0.469444 0.55625 0.472222 0.553125 0.477778 0.551562 0.477778 0.551562 0.480556 0.548437 0.486111 0.548437 0.488889 0.545313 0.494444 0.545313 0.508333 0.54375 0.511111 0.54375 0.519444 0.542188 0.522222 0.542188 0.533333 0.540625 0.536111 0.540625 0.541667 0.539062 0.544444 0.534375 0.544444 0.534375 0.819444 0.539062 0.819444 0.540625 0.822222 0.540625 0.825 0.542188 0.827778 0.542188 0.838889 0.54375 0.841667 0.54375 0.85 0.545313 0.852778 0.545313 0.863889 0.546875 0.866667 0.546875 0.930556 0.548437 0.933333 0.548437 0.966667 0.55 0.969444 0.55 0.991667 0.998438 0.991667 0.998438 0.127778 0.312931
0 0.34375 0.172222 0.34375 0.183333 0.339063 0.191667 0.339063 0.194444 0.335938 0.2 0.335938 0.205556 0.334375 0.208333 0.334375 0.216667 0.332812 0.219444 0.332812 0.225 0.33125 0.227778 0.33125 0.233333 0.329688 0.236111 0.329688 0.266667 0.33125 0.269444 0.33125 0.280556 0.332812 0.283333 0.332812 0.294444 0.33125 0.297222 0.33125 0.3 0.31875 0.322222 0.31875 0.325 0.315625 0.330556 0.314063 0.330556 0.3125 0.333333 0.307813 0.333333 0.30625 0.336111 0.303125 0.336111 0.301562 0.338889 0.3 0.338889 0.296875 0.344444 0.295312 0.344444 0.292188 0.35 0.290625 0.35 0.2875 0.355556 0.285937 0.355556 0.279687 0.366667 0.278125 0.366667 0.276563 0.369444 0.276563 0.372222 0.267188 0.388889 0.267188 0.391667 0.265625 0.394444 0.265625 0.397222 0.264062 0.4 0.264062 0.402778 0.260938 0.408333 0.260938 0.411111 0.259375 0.413889 0.259375 0.416667 0.257812 0.419444 0.257812 0.425 0.25625 0.427778 0.25625 0.433333 0.254687 0.436111 0.254687 0.447222 0.253125 0.45 0.253125 0.458333 0.251563 0.461111 0.251563 0.466667 0.25 0.469444 0.25 0.472222 0.248437 0.475 0.248437 0.480556 0.246875 0.483333 0.246875 0.486111 0.245312 0.488889 0.240625 0.488889 0.240625 0.583333 0.245312 0.583333 0.25 0.591667 0.251563 0.591667 0.253125 0.594444 0.25625 0.594444 0.257812 0.597222 0.26875 0.597222 0.270312 0.6 0.28125 0.6 0.282813 0.597222 0.284375 0.597222 0.285937 0.6 0.2875 0.6 0.289062 0.602778 0.289062 0.638889 0.290625 0.641667 0.290625 0.647222 0.292188 0.65 0.292188 0.672222 0.290625 0.675 0.290625 0.686111 0.289062 0.688889 0.289062 0.730556 0.2875 0.733333 0.2875 0.766667 0.285937 0.769444 0.285937 0.836111 0.2875 0.838889 0.2875 0.85 0.289062 0.852778 0.289062 0.863889 0.290625 0.866667 0.290625 0.883333 0.292188 0.886111 0.292188 0.897222 0.29375 0.9 0.29375 0.905556 0.295312 0.908333 0.295312 0.911111 0.296875 0.913889 0.296875 0.919444 0.298438 0.922222 0.298438 0.933333 0.3 0.936111 0.3 0.944444 0.298438 0.947222 0.298438 0.977778 0.296875 0.980556 0.298438 0.983333 0.298438 1 0.4 1 0.4 0.988889 0.401563 0.986111 0.401563 0.977778 0.403125 0.975 0.403125 0.966667 0.404687 0.963889 0.404687 0.952778 0.40625 0.95 0.40625 0.938889 0.407813 0.936111 0.407813 0.925 0.409375 0.922222 0.409375 0.916667 0.410937 0.913889 0.410937 0.908333 0.4125 0.905556 0.4125 0.897222 0.414062 0.894444 0.414062 0.886111 0.415625 0.883333 0.415625 0.872222 0.417188 0.869444 0.417188 0.858333 0.41875 0.855556 0.41875 0.836111 0.420312 0.833333 0.420312 0.819444 0.421875 0.816667 0.421875 0.805556 0.423438 0.802778 0.423438 0.794444 0.425 0.791667 0.425 0.775 0.426562 0.772222 0.426562 0.761111 0.428125 0.758333 0.428125 0.75 0.429688 0.747222 0.429688 0.727778 0.43125 0.725 0.43125 0.686111 0.429688 0.683333 0.429688 0.666667 0.428125 0.663889 0.428125 0.633333 0.429688 0.630556 0.429688 0.627778 0.439063 0.611111 0.440625 0.611111 0.442187 0.608333 0.44375 0.608333 0.446875 0.602778 0.448438 0.602778 0.45 0.6 0.451562 0.6 0.453125 0.597222 0.454688 0.597222 0.467187 0.575 0.467187 0.572222 0.470313 0.566667 0.470313 0.563889 0.473437 0.558333 0.473437 0.555556 0.475 0.552778 0.475 0.55 0.478125 0.544444 0.478125 0.538889 0.479688 0.536111 0.479688 0.519444 0.478125 0.516667 0.478125 0.505556 0.476562 0.502778 0.476562 0.494444 0.475 0.491667 0.475 0.488889 0.473437 0.486111 0.473437 0.480556 0.471875 0.477778 0.471875 0.475 0.470313 0.472222 0.470313 0.469444 0.46875 0.466667 0.46875 0.461111 0.467187 0.458333 0.467187 0.452778 0.465625 0.45 0.465625 0.447222 0.464063 0.444444 0.464063 0.438889 0.4625 0.436111 0.4625 0.430556 0.460938 0.427778 0.460938 0.422222 0.459375 0.419444 0.459375 0.413889 0.457812 0.411111 0.457812 0.405556 0.45625 0.402778 0.45625 0.397222 0.454688 0.394444 0.454688 0.391667 0.453125 0.388889 0.453125 0.386111 0.45 0.380556 0.45 0.377778 0.435937 0.352778 0.434375 0.352778 0.43125 0.347222 0.429688 0.347222 0.428125 0.344444 0.425 0.344444 0.423438 0.341667 0.421875 0.341667 0.420312 0.338889 0.41875 0.338889 0.417188 0.336111 0.415625 0.336111 0.414062 0.333333 0.4125 0.333333 0.410937 0.330556 0.409375 0.330556 0.407813 0.327778 0.40625 0.327778 0.404687 0.325 0.403125 0.325 0.398438 0.316667 0.398438 0.291667 0.4 0.288889 0.4 0.275 0.401563 0.272222 0.401563 0.261111 0.403125 0.258333 0.403125 0.244444 0.404687 0.241667 0.404687 0.230556 0.403125 0.227778 0.403125 0.213889 0.401563 0.211111 0.401563 0.205556 0.4 0.202778 0.4 0.197222 0.395312 0.188889 0.395312 0.186111 0.392188 0.180556 0.392188 0.172222 0.942029
2 0.95 0.127778 0.95 0.136111 0.948438 0.138889 0.939062 0.138889 0.9375 0.141667 0.926562 0.141667 0.925 0.144444 0.9125 0.144444 0.910937 0.147222 0.9 0.147222 0.898438 0.15 0.892187 0.15 0.890625 0.152778 0.882812 0.152778 0.88125 0.155556 0.873438 0.155556 0.871875 0.158333 0.8625 0.158333 0.860937 0.161111 0.854688 0.161111 0.853125 0.163889 0.846875 0.163889 0.845312 0.166667 0.835938 0.166667 0.834375 0.169444 0.823438 0.169444 0.821875 0.172222 0.814062 0.172222 0.8125 0.175 0.804688 0.175 0.803125 0.177778 0.796875 0.177778 0.795313 0.180556 0.785937 0.180556 0.784375 0.183333 0.776563 0.183333 0.775 0.186111 0.76875 0.186111 0.767187 0.188889 0.760938 0.188889 0.759375 0.191667 0.751562 0.191667 0.75 0.194444 0.745313 0.194444 0.74375 0.197222 0.740625 0.197222 0.739062 0.2 0.734375 0.2 0.732813 0.202778 0.729688 0.202778 0.728125 0.205556 0.726562 0.205556 0.725 0.208333 0.721875 0.208333 0.720312 0.211111 0.717188 0.211111 0.715625 0.213889 0.714063 0.213889 0.7125 0.216667 0.710938 0.216667 0.707812 0.222222 0.70625 0.222222 0.704687 0.225 0.703125 0.225 0.701563 0.227778 0.698438 0.227778 0.696875 0.230556 0.695312 0.230556 0.69375 0.233333 0.690625 0.233333 0.689062 0.236111 0.684375 0.236111 0.682813 0.238889 0.68125 0.238889 0.679688 0.241667 0.678125 0.241667 0.676562 0.244444 0.673437 0.244444 0.671875 0.247222 0.670313 0.247222 0.66875 0.25 0.665625 0.25 0.664062 0.252778 0.660937 0.252778 0.659375 0.255556 0.65625 0.255556 0.654688 0.258333 0.651563 0.258333 0.65 0.261111 0.648438 0.261111 0.646875 0.263889 0.645312 0.263889 0.64375 0.266667 0.640625 0.266667 0.639063 0.269444 0.6375 0.269444 0.635938 0.272222 0.634375 0.272222 0.632812 0.275 0.63125 0.275 0.629687 0.277778 0.628125 0.277778 0.621875 0.288889 0.620313 0.288889 0.61875 0.291667 0.61875 0.294444 0.614062 0.302778 0.614062 0.305556 0.6125 0.308333 0.6125 0.311111 0.609375 0.316667 0.609375 0.319444 0.60625 0.325 0.60625 0.327778 0.604688 0.330556 0.604688 0.333333 0.603125 0.336111 0.603125 0.338889 0.6 0.344444 0.6 0.347222 0.598437 0.35 0.598437 0.352778 0.595312 0.358333 0.595312 0.361111 0.59375 0.363889 0.59375 0.366667 0.592188 0.369444 0.592188 0.372222 0.590625 0.375 0.590625 0.377778 0.589063 0.380556 0.589063 0.383333 0.585938 0.388889 0.585938 0.391667 0.582812 0.397222 0.582812 0.4 0.58125 0.402778 0.58125 0.405556 0.578125 0.411111 0.578125 0.413889 0.576563 0.416667 0.576563 0.419444 0.575 0.422222 0.575 0.427778 0.570312 0.436111 0.570312 0.438889 0.56875 0.441667 0.56875 0.444444 0.5625 0.455556 0.5625 0.458333 0.55625 0.469444 0.55625 0.472222 0.553125 0.477778 0.551562 0.477778 0.551562 0.480556 0.548437 0.486111 0.548437 0.488889 0.545313 0.494444 0.545313 0.508333 0.54375 0.511111 0.54375 0.519444 0.542188 0.522222 0.542188 0.533333 0.540625 0.536111 0.540625 0.541667 0.539062 0.544444 0.534375 0.544444 0.534375 0.819444 0.539062 0.819444 0.540625 0.822222 0.540625 0.825 0.542188 0.827778 0.542188 0.838889 0.54375 0.841667 0.54375 0.85 0.545313 0.852778 0.545313 0.863889 0.546875 0.866667 0.546875 0.930556 0.548437 0.933333 0.548437 0.966667 0.55 0.969444 0.55 0.991667 0.998438 0.991667 0.998438 0.127778 0.743021
7 0.95 0.127778 0.95 0.136111 0.948438 0.138889 0.939062 0.138889 0.9375 0.141667 0.926562 0.141667 0.925 0.144444 0.9125 0.144444 0.910937 0.147222 0.9 0.147222 0.898438 0.15 0.892187 0.15 0.890625 0.152778 0.882812 0.152778 0.88125 0.155556 0.873438 0.155556 0.871875 0.158333 0.8625 0.158333 0.860937 0.161111 0.854688 0.161111 0.853125 0.163889 0.846875 0.163889 0.845312 0.166667 0.835938 0.166667 0.834375 0.169444 0.823438 0.169444 0.821875 0.172222 0.814062 0.172222 0.8125 0.175 0.804688 0.175 0.803125 0.177778 0.796875 0.177778 0.795313 0.180556 0.785937 0.180556 0.784375 0.183333 0.776563 0.183333 0.775 0.186111 0.76875 0.186111 0.767187 0.188889 0.760938 0.188889 0.759375 0.191667 0.751562 0.191667 0.75 0.194444 0.745313 0.194444 0.74375 0.197222 0.740625 0.197222 0.739062 0.2 0.734375 0.2 0.732813 0.202778 0.729688 0.202778 0.728125 0.205556 0.726562 0.205556 0.725 0.208333 0.721875 0.208333 0.720312 0.211111 0.717188 0.211111 0.715625 0.213889 0.714063 0.213889 0.7125 0.216667 0.710938 0.216667 0.707812 0.222222 0.70625 0.222222 0.704687 0.225 0.703125 0.225 0.701563 0.227778 0.698438 0.227778 0.696875 0.230556 0.695312 0.230556 0.69375 0.233333 0.690625 0.233333 0.689062 0.236111 0.684375 0.236111 0.682813 0.238889 0.68125 0.238889 0.679688 0.241667 0.678125 0.241667 0.676562 0.244444 0.673437 0.244444 0.671875 0.247222 0.670313 0.247222 0.66875 0.25 0.665625 0.25 0.664062 0.252778 0.660937 0.252778 0.659375 0.255556 0.65625 0.255556 0.654688 0.258333 0.651563 0.258333 0.65 0.261111 0.648438 0.261111 0.646875 0.263889 0.645312 0.263889 0.64375 0.266667 0.640625 0.266667 0.639063 0.269444 0.6375 0.269444 0.635938 0.272222 0.634375 0.272222 0.632812 0.275 0.63125 0.275 0.629687 0.277778 0.628125 0.277778 0.621875 0.288889 0.620313 0.288889 0.61875 0.291667 0.61875 0.294444 0.614062 0.302778 0.614062 0.305556 0.6125 0.308333 0.6125 0.311111 0.609375 0.316667 0.609375 0.319444 0.60625 0.325 0.60625 0.327778 0.604688 0.330556 0.604688 0.333333 0.603125 0.336111 0.603125 0.338889 0.6 0.344444 0.6 0.347222 0.598437 0.35 0.598437 0.352778 0.595312 0.358333 0.595312 0.361111 0.59375 0.363889 0.59375 0.366667 0.592188 0.369444 0.592188 0.372222 0.590625 0.375 0.590625 0.377778 0.589063 0.380556 0.589063 0.383333 0.585938 0.388889 0.585938 0.391667 0.582812 0.397222 0.582812 0.4 0.58125 0.402778 0.58125 0.405556 0.578125 0.411111 0.578125 0.413889 0.576563 0.416667 0.576563 0.419444 0.575 0.422222 0.575 0.427778 0.570312 0.436111 0.570312 0.438889 0.56875 0.441667 0.56875 0.444444 0.5625 0.455556 0.5625 0.458333 0.55625 0.469444 0.55625 0.472222 0.553125 0.477778 0.551562 0.477778 0.551562 0.480556 0.548437 0.486111 0.548437 0.488889 0.545313 0.494444 0.545313 0.508333 0.54375 0.511111 0.54375 0.519444 0.542188 0.522222 0.542188 0.533333 0.540625 0.536111 0.540625 0.541667 0.539062 0.544444 0.534375 0.544444 0.534375 0.819444 0.539062 0.819444 0.540625 0.822222 0.540625 0.825 0.542188 0.827778 0.542188 0.838889 0.54375 0.841667 0.54375 0.85 0.545313 0.852778 0.545313 0.863889 0.546875 0.866667 0.546875 0.930556 0.548437 0.933333 0.548437 0.966667 0.55 0.969444 0.55 0.991667 0.998438 0.991667 0.998438 0.127778 0.312931
