62 0.159375 0.0388889 0.159375 0.844444 0.164062 0.844444 0.16875 0.852778 0.16875 0.855556 0.171875 0.861111 0.175 0.861111 0.176563 0.863889 0.178125 0.863889 0.182812 0.872222 0.184375 0.872222 0.185937 0.875 0.189063 0.875 0.190625 0.877778 0.19375 0.877778 0.195312 0.880556 0.203125 0.880556 0.204688 0.883333 0.207813 0.883333 0.209375 0.886111 0.217187 0.886111 0.21875 0.888889 0.235938 0.888889 0.2375 0.891667 0.25625 0.891667 0.257812 0.894444 0.265625 0.894444 0.267188 0.897222 0.276563 0.897222 0.278125 0.9 0.284375 0.9 0.285937 0.902778 0.307813 0.902778 0.309375 0.905556 0.320312 0.905556 0.321875 0.908333 0.332812 0.908333 0.334375 0.911111 0.34375 0.911111 0.345313 0.913889 0.35625 0.913889 0.357812 0.916667 0.392188 0.916667 0.39375 0.919444 0.40625 0.919444 0.407813 0.922222 0.428125 0.922222 0.429688 0.925 0.451562 0.925 0.453125 0.927778 0.454688 0.925 0.482812 0.925 0.484375 0.927778 0.49375 0.927778 0.495313 0.930556 0.507812 0.930556 0.509375 0.933333 0.517187 0.933333 0.51875 0.936111 0.526563 0.936111 0.528125 0.938889 0.54375 0.938889 0.545313 0.941667 0.559375 0.941667 0.560938 0.944444 0.573438 0.944444 0.575 0.947222 0.585938 0.947222 0.5875 0.95 0.6 0.95 0.601562 0.952778 0.61875 0.952778 0.620313 0.955556 0.632812 0.955556 0.634375 0.958333 0.654688 0.958333 0.65625 0.961111 0.670313 0.961111 0.671875 0.963889 0.68125 0.963889 0.682813 0.966667 0.695312 0.966667 0.696875 0.969444 0.707812 0.969444 0.709375 0.972222 0.725 0.972222 0.726562 0.975 0.754687 0.975 0.75625 0.977778 0.771875 0.977778 0.773438 0.980556 0.78125 0.980556 0.782812 0.983333 0.782812 0.991667 0.810938 0.991667 0.810938 0.983333 0.8125 0.980556 0.814062 0.980556 0.815625 0.977778 0.81875 0.977778 0.820312 0.975 0.826563 0.975 0.828125 0.972222 0.839063 0.972222 0.840625 0.969444 0.84375 0.969444 0.846875 0.963889 0.848437 0.963889 0.85 0.961111 0.853125 0.961111 0.854688 0.958333 0.85625 0.958333 0.857813 0.955556 0.859375 0.955556 0.860937 0.952778 0.864062 0.952778 0.867188 0.947222 0.86875 0.947222 0.871875 0.941667 0.873438 0.941667 0.875 0.938889 0.876562 0.938889 0.88125 0.930556 0.882812 0.930556 0.8875 0.922222 0.8875 0.919444 0.890625 0.913889 0.890625 0.891667 0.892187 0.888889 0.892187 0.844444 0.89375 0.841667 0.89375 0.808333 0.895312 0.805556 0.895312 0.786111 0.896875 0.783333 0.896875 0.766667 0.898438 0.763889 0.898438 0.755556 0.9 0.752778 0.9 0.719444 0.901563 0.716667 0.901563 0.675 0.9 0.672222 0.9 0.638889 0.901563 0.636111 0.901563 0.555556 0.903125 0.552778 0.903125 0.511111 0.904688 0.508333 0.904688 0.461111 0.90625 0.458333 0.90625 0.433333 0.907812 0.430556 0.907812 0.366667 0.909375 0.363889 0.909375 0.330556 0.910937 0.327778 0.910937 0.297222 0.9125 0.294444 0.9125 0.272222 0.914062 0.269444 0.914062 0.263889 0.915625 0.261111 0.920313 0.261111 0.920313 0.0888889 0.914062 0.0888889 0.9125 0.0861111 0.910937 0.0861111 0.909375 0.0833333 0.9 0.0833333 0.898438 0.0805556 0.882812 0.0805556 0.88125 0.0777778 0.867188 0.0777778 0.865625 0.075 0.845312 0.075 0.84375 0.0722222 0.81875 0.0722222 0.817187 0.0694444 0.790625 0.0694444 0.789062 0.0666667 0.7875 0.0694444 0.782812 0.0694444 0.78125 0.0666667 0.767187 0.0666667 0.765625 0.0638889 0.745313 0.0638889 0.74375 0.0611111 0.623438 0.0611111 0.621875 0.0583333 0.6 0.0583333 0.598437 0.0555556 0.557813 0.0555556 0.55625 0.0527778 0.503125 0.0527778 0.501562 0.05 0.475 0.05 0.473437 0.0472222 0.473437 0.0388889 0.461595
67 0.159375 0.0388889 0.159375 0.844444 0.164062 0.844444 0.16875 0.852778 0.16875 0.855556 0.171875 0.861111 0.175 0.861111 0.176563 0.863889 0.178125 0.863889 0.182812 0.872222 0.184375 0.872222 0.185937 0.875 0.189063 0.875 0.190625 0.877778 0.19375 0.877778 0.195312 0.880556 0.203125 0.880556 0.204688 0.883333 0.207813 0.883333 0.209375 0.886111 0.217187 0.886111 0.21875 0.888889 0.235938 0.888889 0.2375 0.891667 0.25625 0.891667 0.257812 0.894444 0.265625 0.894444 0.267188 0.897222 0.276563 0.897222 0.278125 0.9 0.284375 0.9 0.285937 0.902778 0.307813 0.902778 0.309375 0.905556 0.320312 0.905556 0.321875 0.908333 0.332812 0.908333 0.334375 0.911111 0.34375 0.911111 0.345313 0.913889 0.35625 0.913889 0.357812 0.916667 0.392188 0.916667 0.39375 0.919444 0.40625 0.919444 0.407813 0.922222 0.428125 0.922222 0.429688 0.925 0.451562 0.925 0.453125 0.927778 0.454688 0.925 0.482812 0.925 0.484375 0.927778 0.49375 0.927778 0.495313 0.930556 0.507812 0.930556 0.509375 0.933333 0.517187 0.933333 0.51875 0.936111 0.526563 0.936111 0.528125 0.938889 0.54375 0.938889 0.545313 0.941667 0.559375 0.941667 0.560938 0.944444 0.573438 0.944444 0.575 0.947222 0.585938 0.947222 0.5875 0.95 0.6 0.95 0.601562 0.952778 0.61875 0.952778 0.620313 0.955556 0.632812 0.955556 0.634375 0.958333 0.654688 0.958333 0.65625 0.961111 0.670313 0.961111 0.671875 0.963889 0.68125 0.963889 0.682813 0.966667 0.695312 0.966667 0.696875 0.969444 0.707812 0.969444 0.709375 0.972222 0.725 0.972222 0.726562 0.975 0.754687 0.975 0.75625 0.977778 0.771875 0.977778 0.773438 0.980556 0.78125 0.980556 0.782812 0.983333 0.782812 0.991667 0.810938 0.991667 0.810938 0.983333 0.8125 0.980556 0.814062 0.980556 0.815625 0.977778 0.81875 0.977778 0.820312 0.975 0.826563 0.975 0.828125 0.972222 0.839063 0.972222 0.840625 0.969444 0.84375 0.969444 0.846875 0.963889 0.848437 0.963889 0.85 0.961111 0.853125 0.961111 0.854688 0.958333 0.85625 0.958333 0.857813 0.955556 0.859375 0.955556 0.860937 0.952778 0.864062 0.952778 0.867188 0.947222 0.86875 0.947222 0.871875 0.941667 0.873438 0.941667 0.875 0.938889 0.876562 0.938889 0.88125 0.930556 0.882812 0.930556 0.8875 0.922222 0.8875 0.919444 0.890625 0.913889 0.890625 0.891667 0.892187 0.888889 0.892187 0.844444 0.89375 0.841667 0.89375 0.808333 0.895312 0.805556 0.895312 0.786111 0.896875 0.783333 0.896875 0.766667 0.898438 0.763889 0.898438 0.755556 0.9 0.752778 0.9 0.719444 0.901563 0.716667 0.901563 0.675 0.9 0.672222 0.9 0.638889 0.901563 0.636111 0.901563 0.555556 0.903125 0.552778 0.903125 0.511111 0.904688 0.508333 0.904688 0.461111 0.90625 0.458333 0.90625 0.433333 0.907812 0.430556 0.907812 0.366667 0.909375 0.363889 0.909375 0.330556 0.910937 0.327778 0.910937 0.297222 0.9125 0.294444 0.9125 0.272222 0.914062 0.269444 0.914062 0.263889 0.915625 0.261111 0.920313 0.261111 0.920313 0.0888889 0.914062 0.0888889 0.9125 0.0861111 0.910937 0.0861111 0.909375 0.0833333 0.9 0.0833333 0.898438 0.0805556 0.882812 0.0805556 0.88125 0.0777778 0.867188 0.0777778 0.865625 0.075 0.845312 0.075 0.84375 0.0722222 0.81875 0.0722222 0.817187 0.0694444 0.790625 0.0694444 0.789062 0.0666667 0.7875 0.0694444 0.782812 0.0694444 0.78125 0.0666667 0.767187 0.0666667 0.765625 0.0638889 0.745313 0.0638889 0.74375 0.0611111 0.623438 0.0611111 0.621875 0.0583333 0.6 0.0583333 0.598437 0.0555556 0.557813 0.0555556 0.55625 0.0527778 0.503125 0.0527778 0.501562 0.05 0.475 0.05 0.473437 0.0472222 0.473437 0.0388889 0.292042
62 0.159375 0.0388889 0.159375 0.844444 0.164062 0.844444 0.16875 0.852778 0.16875 0.855556 0.171875 0.861111 0.175 0.861111 0.176563 0.863889 0.178125 0.863889 0.182812 0.872222 0.184375 0.872222 0.185937 0.875 0.189063 0.875 0.190625 0.877778 0.19375 0.877778 0.195312 0.880556 0.203125 0.880556 0.204688 0.883333 0.207813 0.883333 0.209375 0.886111 0.217187 0.886111 0.21875 0.888889 0.235938 0.888889 0.2375 0.891667 0.25625 0.891667 0.257812 0.894444 0.265625 0.894444 0.267188 0.897222 0.276563 0.897222 0.278125 0.9 0.284375 0.9 0.285937 0.902778 0.307813 0.902778 0.309375 0.905556 0.320312 0.905556 0.321875 0.908333 0.332812 0.908333 0.334375 0.911111 0.34375 0.911111 0.345313 0.913889 0.35625 0.913889 0.357812 0.916667 0.392188 0.916667 0.39375 0.919444 0.40625 0.919444 0.407813 0.922222 0.428125 0.922222 0.429688 0.925 0.451562 0.925 0.453125 0.927778 0.454688 0.925 0.482812 0.925 0.484375 0.927778 0.49375 0.927778 0.495313 0.930556 0.507812 0.930556 0.509375 0.933333 0.517187 0.933333 0.51875 0.936111 0.526563 0.936111 0.528125 0.938889 0.54375 0.938889 0.545313 0.941667 0.559375 0.941667 0.560938 0.944444 0.573438 0.944444 0.575 0.947222 0.585938 0.947222 0.5875 0.95 0.6 0.95 0.601562 0.952778 0.61875 0.952778 0.620313 0.955556 0.632812 0.955556 0.634375 0.958333 0.654688 0.958333 0.65625 0.961111 0.670313 0.961111 0.671875 0.963889 0.68125 0.963889 0.682813 0.966667 0.695312 0.966667 0.696875 0.969444 0.707812 0.969444 0.709375 0.972222 0.725 0.972222 0.726562 0.975 0.754687 0.975 0.75625 0.977778 0.771875 0.977778 0.773438 0.980556 0.78125 0.980556 0.782812 0.983333 0.782812 0.991667 0.810938 0.991667 0.810938 0.983333 0.8125 0.980556 0.814062 0.980556 0.815625 0.977778 0.81875 0.977778 0.820312 0.975 0.826563 0.975 0.828125 0.972222 0.839063 0.972222 0.840625 0.969444 0.84375 0.969444 0.846875 0.963889 0.848437 0.963889 0.85 0.961111 0.853125 0.961111 0.854688 0.958333 0.85625 0.958333 0.857813 0.955556 0.859375 0.955556 0.860937 0.952778 0.864062 0.952778 0.867188 0.947222 0.86875 0.947222 0.871875 0.941667 0.873438 0.941667 0.875 0.938889 0.876562 0.938889 0.88125 0.930556 0.882812 0.930556 0.8875 0.922222 0.8875 0.919444 0.890625 0.913889 0.890625 0.891667 0.892187 0.888889 0.892187 0.844444 0.89375 0.841667 0.89375 0.808333 0.895312 0.805556 0.895312 0.786111 0.896875 0.783333 0.896875 0.766667 0.898438 0.763889 0.898438 0.755556 0.9 0.752778 0.9 0.719444 0.901563 0.716667 0.901563 0.675 0.9 0.672222 0.9 0.638889 0.901563 0.636111 0.901563 0.555556 0.903125 0.552778 0.903125 0.511111 0.904688 0.508333 0.904688 0.461111 0.90625 0.458333 0.90625 0.433333 0.907812 0.430556 0.907812 0.366667 0.909375 0.363889 0.909375 0.330556 0.910937 0.327778 0.910937 0.297222 0.9125 0.294444 0.9125 0.272222 0.914062 0.269444 0.914062 0.263889 0.915625 0.261111 0.920313 0.261111 0.920313 0.0888889 0.914062 0.0888889 0.9125 0.0861111 0.910937 0.0861111 0.909375 0.0833333 0.9 0.0833333 0.898438 0.0805556 0.882812 0.0805556 0.88125 0.0777778 0.867188 0.0777778 0.865625 0.075 0.845312 0.075 0.84375 0.0722222 0.81875 0.0722222 0.817187 0.0694444 0.790625 0.0694444 0.789062 0.0666667 0.7875 0.0694444 0.782812 0.0694444 0.78125 0.0666667 0.767187 0.0666667 0.765625 0.0638889 0.745313 0.0638889 0.74375 0.0611111 0.623438 0.0611111 0.621875 0.0583333 0.6 0.0583333 0.598437 0.0555556 0.557813 0.0555556 0.55625 0.0527778 0.503125 0.0527778 0.501562 0.05 0.475 0.05 0.473437 0.0472222 0.473437 0.0388889 0.461595
67 0.159375 0.0388889 0.159375 0.844444 0.164062 0.844444 0.16875 0.852778 0.16875 0.855556 0.171875 0.861111 0.175 0.861111 0.176563 0.863889 0.178125 0.863889 0.182812 0.872222 0.184375 0.872222 0.185937 0.875 0.189063 0.875 0.190625 0.877778 0.19375 0.877778 0.195312 0.880556 0.203125 0.880556 0.204688 0.883333 0.207813 0.883333 0.209375 0.886111 0.217187 0.886111 0.21875 0.888889 0.235938 0.888889 0.2375 0.891667 0.25625 0.891667 0.257812 0.894444 0.265625 0.894444 0.267188 0.897222 0.276563 0.897222 0.278125 0.9 0.284375 0.9 0.285937 0.902778 0.307813 0.902778 0.309375 0.905556 0.320312 0.905556 0.321875 0.908333 0.332812 0.908333 0.334375 0.911111 0.34375 0.911111 0.345313 0.913889 0.35625 0.913889 0.357812 0.916667 0.392188 0.916667 0.39375 0.919444 0.40625 0.919444 0.407813 0.922222 0.428125 0.922222 0.429688 0.925 0.451562 0.925 0.453125 0.927778 0.454688 0.925 0.482812 0.925 0.484375 0.927778 0.49375 0.927778 0.495313 0.930556 0.507812 0.930556 0.509375 0.933333 0.517187 0.933333 0.51875 0.936111 0.526563 0.936111 0.528125 0.938889 0.54375 0.938889 0.545313 0.941667 0.559375 0.941667 0.560938 0.944444 0.573438 0.944444 0.575 0.947222 0.585938 0.947222 0.5875 0.95 0.6 0.95 0.601562 0.952778 0.61875 0.952778 0.620313 0.955556 0.632812 0.955556 0.634375 0.958333 0.654688 0.958333 0.65625 0.961111 0.670313 0.961111 0.671875 0.963889 0.68125 0.963889 0.682813 0.966667 0.695312 0.966667 0.696875 0.969444 0.707812 0.969444 0.709375 0.972222 0.725 0.972222 0.726562 0.975 0.754687 0.975 0.75625 0.977778 0.771875 0.977778 0.773438 0.980556 0.78125 0.980556 0.782812 0.983333 0.782812 0.991667 0.810938 0.991667 0.810938 0.983333 0.8125 0.980556 0.814062 0.980556 0.815625 0.977778 0.81875 0.977778 0.820312 0.975 0.826563 0.975 0.828125 0.972222 0.839063 0.972222 0.840625 0.969444 0.84375 0.969444 0.846875 0.963889 0.848437 0.963889 0.85 0.961111 0.853125 0.961111 0.854688 0.958333 0.85625 0.958333 0.857813 0.955556 0.859375 0.955556 0.860937 0.952778 0.864062 0.952778 0.867188 0.947222 0.86875 0.947222 0.871875 0.941667 0.873438 0.941667 0.875 0.938889 0.876562 0.938889 0.88125 0.930556 0.882812 0.930556 0.8875 0.922222 0.8875 0.919444 0.890625 0.913889 0.890625 0.891667 0.892187 0.888889 0.892187 0.844444 0.89375 0.841667 0.89375 0.808333 0.895312 0.805556 0.895312 0.786111 0.896875 0.783333 0.896875 0.766667 0.898438 0.763889 0.898438 0.755556 0.9 0.752778 0.9 0.719444 0.901563 0.716667 0.901563 0.675 0.9 0.672222 0.9 0.638889 0.901563 0.636111 0.901563 0.555556 0.903125 0.552778 0.903125 0.511111 0.904688 0.508333 0.904688 0.461111 0.90625 0.458333 0.90625 0.433333 0.907812 0.430556 0.907812 0.366667 0.909375 0.363889 0.909375 0.330556 0.910937 0.327778 0.910937 0.297222 0.9125 0.294444 0.9125 0.272222 0.914062 0.269444 0.914062 0.263889 0.915625 0.261111 0.920313 0.261111 0.920313 0.0888889 0.914062 0.0888889 0.9125 0.0861111 0.910937 0.0861111 0.909375 0.0833333 0.9 0.0833333 0.898438 0.0805556 0.882812 0.0805556 0.88125 0.0777778 0.867188 0.0777778 0.865625 0.075 0.845312 0.075 0.84375 0.0722222 0.81875 0.0722222 0.817187 0.0694444 0.790625 0.0694444 0.789062 0.0666667 0.7875 0.0694444 0.782812 0.0694444 0.78125 0.0666667 0.767187 0.0666667 0.765625 0.0638889 0.745313 0.0638889 0.74375 0.0611111 0.623438 0.0611111 0.621875 0.0583333 0.6 0.0583333 0.598437 0.0555556 0.557813 0.0555556 0.55625 0.0527778 0.503125 0.0527778 0.501562 0.05 0.475 0.05 0.473437 0.0472222 0.473437 0.0388889 0.292042
62 0.159375 0.0388889 0.159375 0.844444 0.164062 0.844444 0.16875 0.852778 0.16875 0.855556 0.171875 0.861111 0.175 0.861111 0.176563 0.863889 0.178125 0.863889 0.182812 0.872222 0.184375 0.872222 0.185937 0.875 0.189063 0.875 0.190625 0.877778 0.19375 0.877778 0.195312 0.880556 0.203125 0.880556 0.204688 0.883333 0.207813 0.883333 0.209375 0.886111 0.217187 0.886111 0.21875 0.888889 0.235938 0.888889 0.2375 0.891667 0.25625 0.891667 0.257812 0.894444 0.265625 0.894444 0.267188 0.897222 0.276563 0.897222 0.278125 0.9 0.284375 0.9 0.285937 0.902778 0.307813 0.902778 0.309375 0.905556 0.320312 0.905556 0.321875 0.908333 0.332812 0.908333 0.334375 0.911111 0.34375 0.911111 0.345313 0.913889 0.35625 0.913889 0.357812 0.916667 0.392188 0.916667 0.39375 0.919444 0.40625 0.919444 0.407813 0.922222 0.428125 0.922222 0.429688 0.925 0.451562 0.925 0.453125 0.927778 0.454688 0.925 0.482812 0.925 0.484375 0.927778 0.49375 0.927778 0.495313 0.930556 0.507812 0.930556 0.509375 0.933333 0.517187 0.933333 0.51875 0.936111 0.526563 0.936111 0.528125 0.938889 0.54375 0.938889 0.545313 0.941667 0.559375 0.941667 0.560938 0.944444 0.573438 0.944444 0.575 0.947222 0.585938 0.947222 0.5875 0.95 0.6 0.95 0.601562 0.952778 0.61875 0.952778 0.620313 0.955556 0.632812 0.955556 0.634375 0.958333 0.654688 0.958333 0.65625 0.961111 0.670313 0.961111 0.671875 0.963889 0.68125 0.963889 0.682813 0.966667 0.695312 0.966667 0.696875 0.969444 0.707812 0.969444 0.709375 0.972222 0.725 0.972222 0.726562 0.975 0.754687 0.975 0.75625 0.977778 0.771875 0.977778 0.773438 0.980556 0.78125 0.980556 0.782812 0.983333 0.782812 0.991667 0.810938 0.991667 0.810938 0.983333 0.8125 0.980556 0.814062 0.980556 0.815625 0.977778 0.81875 0.977778 0.820312 0.975 0.826563 0.975 0.828125 0.972222 0.839063 0.972222 0.840625 0.969444 0.84375 0.969444 0.846875 0.963889 0.848437 0.963889 0.85 0.961111 0.853125 0.961111 0.854688 0.958333 0.85625 0.958333 0.857813 0.955556 0.859375 0.955556 0.860937 0.952778 0.864062 0.952778 0.867188 0.947222 0.86875 0.947222 0.871875 0.941667 0.873438 0.941667 0.875 0.938889 0.876562 0.938889 0.88125 0.930556 0.882812 0.930556 0.8875 0.922222 0.8875 0.919444 0.890625 0.913889 0.890625 0.891667 0.892187 0.888889 0.892187 0.844444 0.89375 0.841667 0.89375 0.808333 0.895312 0.805556 0.895312 0.786111 0.896875 0.783333 0.896875 0.766667 0.898438 0.763889 0.898438 0.755556 0.9 0.752778 0.9 0.719444 0.901563 0.716667 0.901563 0.675 0.9 0.672222 0.9 0.638889 0.901563 0.636111 0.901563 0.555556 0.903125 0.552778 0.903125 0.511111 0.904688 0.508333 0.904688 0.461111 0.90625 0.458333 0.90625 0.433333 0.907812 0.430556 0.907812 0.366667 0.909375 0.363889 0.909375 0.330556 0.910937 0.327778 0.910937 0.297222 0.9125 0.294444 0.9125 0.272222 0.914062 0.269444 0.914062 0.263889 0.915625 0.261111 0.920313 0.261111 0.920313 0.0888889 0.914062 0.0888889 0.9125 0.0861111 0.910937 0.0861111 0.909375 0.0833333 0.9 0.0833333 0.898438 0.0805556 0.882812 0.0805556 0.88125 0.0777778 0.867188 0.0777778 0.865625 0.075 0.845312 0.075 0.84375 0.0722222 0.81875 0.0722222 0.817187 0.0694444 0.790625 0.0694444 0.789062 0.0666667 0.7875 0.0694444 0.782812 0.0694444 0.78125 0.0666667 0.767187 0.0666667 0.765625 0.0638889 0.745313 0.0638889 0.74375 0.0611111 0.623438 0.0611111 0.621875 0.0583333 0.6 0.0583333 0.598437 0.0555556 0.557813 0.0555556 0.55625 0.0527778 0.503125 0.0527778 0.501562 0.05 0.475 0.05 0.473437 0.0472222 0.473437 0.0388889 0.461595
67 0.159375 0.0388889 0.159375 0.844444 0.164062 0.844444 0.16875 0.852778 0.16875 0.855556 0.171875 0.861111 0.175 0.861111 0.176563 0.863889 0.178125 0.863889 0.182812 0.872222 0.184375 0.872222 0.185937 0.875 0.189063 0.875 0.190625 0.877778 0.19375 0.877778 0.195312 0.880556 0.203125 0.880556 0.204688 0.883333 0.207813 0.883333 0.209375 0.886111 0.217187 0.886111 0.21875 0.888889 0.235938 0.888889 0.2375 0.891667 0.25625 0.891667 0.257812 0.894444 0.265625 0.894444 0.267188 0.897222 0.276563 0.897222 0.278125 0.9 0.284375 0.9 0.285937 0.902778 0.307813 0.902778 0.309375 0.905556 0.320312 0.905556 0.321875 0.908333 0.332812 0.908333 0.334375 0.911111 0.34375 0.911111 0.345313 0.913889 0.35625 0.913889 0.357812 0.916667 0.392188 0.916667 0.39375 0.919444 0.40625 0.919444 0.407813 0.922222 0.428125 0.922222 0.429688 0.925 0.451562 0.925 0.453125 0.927778 0.454688 0.925 0.482812 0.925 0.484375 0.927778 0.49375 0.927778 0.495313 0.930556 0.507812 0.930556 0.509375 0.933333 0.517187 0.933333 0.51875 0.936111 0.526563 0.936111 0.528125 0.938889 0.54375 0.938889 0.545313 0.941667 0.559375 0.941667 0.560938 0.944444 0.573438 0.944444 0.575 0.947222 0.585938 0.947222 0.5875 0.95 0.6 0.95 0.601562 0.952778 0.61875 0.952778 0.620313 0.955556 0.632812 0.955556 0.634375 0.958333 0.654688 0.958333 0.65625 0.961111 0.670313 0.961111 0.671875 0.963889 0.68125 0.963889 0.682813 0.966667 0.695312 0.966667 0.696875 0.969444 0.707812 0.969444 0.709375 0.972222 0.725 0.972222 0.726562 0.975 0.754687 0.975 0.75625 0.977778 0.771875 0.977778 0.773438 0.980556 0.78125 0.980556 0.782812 0.983333 0.782812 0.991667 0.810938 0.991667 0.810938 0.983333 0.8125 0.980556 0.814062 0.980556 0.815625 0.977778 0.81875 0.977778 0.820312 0.975 0.826563 0.975 0.828125 0.972222 0.839063 0.972222 0.840625 0.969444 0.84375 0.969444 0.846875 0.963889 0.848437 0.963889 0.85 0.961111 0.853125 0.961111 0.854688 0.958333 0.85625 0.958333 0.857813 0.955556 0.859375 0.955556 0.860937 0.952778 0.864062 0.952778 0.867188 0.947222 0.86875 0.947222 0.871875 0.941667 0.873438 0.941667 0.875 0.938889 0.876562 0.938889 0.88125 0.930556 0.882812 0.930556 0.8875 0.922222 0.8875 0.919444 0.890625 0.913889 0.890625 0.891667 0.892187 0.888889 0.892187 0.844444 0.89375 0.841667 0.89375 0.808333 0.895312 0.805556 0.895312 0.786111 0.896875 0.783333 0.896875 0.766667 0.898438 0.763889 0.898438 0.755556 0.9 0.752778 0.9 0.719444 0.901563 0.716667 0.901563 0.675 0.9 0.672222 0.9 0.638889 0.901563 0.636111 0.901563 0.555556 0.903125 0.552778 0.903125 0.511111 0.904688 0.508333 0.904688 0.461111 0.90625 0.458333 0.90625 0.433333 0.907812 0.430556 0.907812 0.366667 0.909375 0.363889 0.909375 0.330556 0.910937 0.327778 0.910937 0.297222 0.9125 0.294444 0.9125 0.272222 0.914062 0.269444 0.914062 0.263889 0.915625 0.261111 0.920313 0.261111 0.920313 0.0888889 0.914062 0.0888889 0.9125 0.0861111 0.910937 0.0861111 0.909375 0.0833333 0.9 0.0833333 0.898438 0.0805556 0.882812 0.0805556 0.88125 0.0777778 0.867188 0.0777778 0.865625 0.075 0.845312 0.075 0.84375 0.0722222 0.81875 0.0722222 0.817187 0.0694444 0.790625 0.0694444 0.789062 0.0666667 0.7875 0.0694444 0.782812 0.0694444 0.78125 0.0666667 0.767187 0.0666667 0.765625 0.0638889 0.745313 0.0638889 0.74375 0.0611111 0.623438 0.0611111 0.621875 0.0583333 0.6 0.0583333 0.598437 0.0555556 0.557813 0.0555556 0.55625 0.0527778 0.503125 0.0527778 0.501562 0.05 0.475 0.05 0.473437 0.0472222 0.473437 0.0388889 0.292042
62 0.159375 0.0388889 0.159375 0.844444 0.164062 0.844444 0.16875 0.852778 0.16875 0.855556 0.171875 0.861111 0.175 0.861111 0.176563 0.863889 0.178125 0.863889 0.182812 0.872222 0.184375 0.872222 0.185937 0.875 0.189063 0.875 0.190625 0.877778 0.19375 0.877778 0.195312 0.880556 0.203125 0.880556 0.204688 0.883333 0.207813 0.883333 0.209375 0.886111 0.217187 0.886111 0.21875 0.888889 0.235938 0.888889 0.2375 0.891667 0.25625 0.891667 0.257812 0.894444 0.265625 0.894444 0.267188 0.897222 0.276563 0.897222 0.278125 0.9 0.284375 0.9 0.285937 0.902778 0.307813 0.902778 0.309375 0.905556 0.320312 0.905556 0.321875 0.908333 0.332812 0.908333 0.334375 0.911111 0.34375 0.911111 0.345313 0.913889 0.35625 0.913889 0.357812 0.916667 0.392188 0.916667 0.39375 0.919444 0.40625 0.919444 0.407813 0.922222 0.428125 0.922222 0.429688 0.925 0.451562 0.925 0.453125 0.927778 0.454688 0.925 0.482812 0.925 0.484375 0.927778 0.49375 0.927778 0.495313 0.930556 0.507812 0.930556 0.509375 0.933333 0.517187 0.933333 0.51875 0.936111 0.526563 0.936111 0.528125 0.938889 0.54375 0.938889 0.545313 0.941667 0.559375 0.941667 0.560938 0.944444 0.573438 0.944444 0.575 0.947222 0.585938 0.947222 0.5875 0.95 0.6 0.95 0.601562 0.952778 0.61875 0.952778 0.620313 0.955556 0.632812 0.955556 0.634375 0.958333 0.654688 0.958333 0.65625 0.961111 0.670313 0.961111 0.671875 0.963889 0.68125 0.963889 0.682813 0.966667 0.695312 0.966667 0.696875 0.969444 0.707812 0.969444 0.709375 0.972222 0.725 0.972222 0.726562 0.975 0.754687 0.975 0.75625 0.977778 0.771875 0.977778 0.773438 0.980556 0.78125 0.980556 0.782812 0.983333 0.782812 0.991667 0.810938 0.991667 0.810938 0.983333 0.8125 0.980556 0.814062 0.980556 0.815625 0.977778 0.81875 0.977778 0.820312 0.975 0.826563 0.975 0.828125 0.972222 0.839063 0.972222 0.840625 0.969444 0.84375 0.969444 0.846875 0.963889 0.848437 0.963889 0.85 0.961111 0.853125 0.961111 0.854688 0.958333 0.85625 0.958333 0.857813 0.955556 0.859375 0.955556 0.860937 0.952778 0.864062 0.952778 0.867188 0.947222 0.86875 0.947222 0.871875 0.941667 0.873438 0.941667 0.875 0.938889 0.876562 0.938889 0.88125 0.930556 0.882812 0.930556 0.8875 0.922222 0.8875 0.919444 0.890625 0.913889 0.890625 0.891667 0.892187 0.888889 0.892187 0.844444 0.89375 0.841667 0.89375 0.808333 0.895312 0.805556 0.895312 0.786111 0.896875 0.783333 0.896875 0.766667 0.898438 0.763889 0.898438 0.755556 0.9 0.752778 0.9 0.719444 0.901563 0.716667 0.901563 0.675 0.9 0.672222 0.9 0.638889 0.901563 0.636111 0.901563 0.555556 0.903125 0.552778 0.903125 0.511111 0.904688 0.508333 0.904688 0.461111 0.90625 0.458333 0.90625 0.433333 0.907812 0.430556 0.907812 0.366667 0.909375 0.363889 0.909375 0.330556 0.910937 0.327778 0.910937 0.297222 0.9125 0.294444 0.9125 0.272222 0.914062 0.269444 0.914062 0.263889 0.915625 0.261111 0.920313 0.261111 0.920313 0.0888889 0.914062 0.0888889 0.9125 0.0861111 0.910937 0.0861111 0.909375 0.0833333 0.9 0.0833333 0.898438 0.0805556 0.882812 0.0805556 0.88125 0.0777778 0.867188 0.0777778 0.865625 0.075 0.845312 0.075 0.84375 0.0722222 0.81875 0.0722222 0.817187 0.0694444 0.790625 0.0694444 0.789062 0.0666667 0.7875 0.0694444 0.782812 0.0694444 0.78125 0.0666667 0.767187 0.0666667 0.765625 0.0638889 0.745313 0.0638889 0.74375 0.0611111 0.623438 0.0611111 0.621875 0.0583333 0.6 0.0583333 0.598437 0.0555556 0.557813 0.0555556 0.55625 0.0527778 0.503125 0.0527778 0.501562 0.05 0.475 0.05 0.473437 0.0472222 0.473437 0.0388889 0.461595
67 0.159375 0.0388889 0.159375 0.844444 0.164062 0.844444 0.16875 0.852778 0.16875 0.855556 0.171875 0.861111 0.175 0.861111 0.176563 0.863889 0.178125 0.863889 0.182812 0.872222 0.184375 0.872222 0.185937 0.875 0.189063 0.875 0.190625 0.877778 0.19375 0.877778 0.195312 0.880556 0.203125 0.880556 0.204688 0.883333 0.207813 0.883333 0.209375 0.886111 0.217187 0.886111 0.21875 0.888889 0.235938 0.888889 0.2375 0.891667 0.25625 0.891667 0.257812 0.894444 0.265625 0.894444 0.267188 0.897222 0.276563 0.897222 0.278125 0.9 0.284375 0.9 0.285937 0.902778 0.307813 0.902778 0.309375 0.905556 0.320312 0.905556 0.321875 0.908333 0.332812 0.908333 0.334375 0.911111 0.34375 0.911111 0.345313 0.913889 0.35625 0.913889 0.357812 0.916667 0.392188 0.916667 0.39375 0.919444 0.40625 0.919444 0.407813 0.922222 0.428125 0.922222 0.429688 0.925 0.451562 0.925 0.453125 0.927778 0.454688 0.925 0.482812 0.925 0.484375 0.927778 0.49375 0.927778 0.495313 0.930556 0.507812 0.930556 0.509375 0.933333 0.517187 0.933333 0.51875 0.936111 0.526563 0.936111 0.528125 0.938889 0.54375 0.938889 0.545313 0.941667 0.559375 0.941667 0.560938 0.944444 0.573438 0.944444 0.575 0.947222 0.585938 0.947222 0.5875 0.95 0.6 0.95 0.601562 0.952778 0.61875 0.952778 0.620313 0.955556 0.632812 0.955556 0.634375 0.958333 0.654688 0.958333 0.65625 0.961111 0.670313 0.961111 0.671875 0.963889 0.68125 0.963889 0.682813 0.966667 0.695312 0.966667 0.696875 0.969444 0.707812 0.969444 0.709375 0.972222 0.725 0.972222 0.726562 0.975 0.754687 0.975 0.75625 0.977778 0.771875 0.977778 0.773438 0.980556 0.78125 0.980556 0.782812 0.983333 0.782812 0.991667 0.810938 0.991667 0.810938 0.983333 0.8125 0.980556 0.814062 0.980556 0.815625 0.977778 0.81875 0.977778 0.820312 0.975 0.826563 0.975 0.828125 0.972222 0.839063 0.972222 0.840625 0.969444 0.84375 0.969444 0.846875 0.963889 0.848437 0.963889 0.85 0.961111 0.853125 0.961111 0.854688 0.958333 0.85625 0.958333 0.857813 0.955556 0.859375 0.955556 0.860937 0.952778 0.864062 0.952778 0.867188 0.947222 0.86875 0.947222 0.871875 0.941667 0.873438 0.941667 0.875 0.938889 0.876562 0.938889 0.88125 0.930556 0.882812 0.930556 0.8875 0.922222 0.8875 0.919444 0.890625 0.913889 0.890625 0.891667 0.892187 0.888889 0.892187 0.844444 0.89375 0.841667 0.89375 0.808333 0.895312 0.805556 0.895312 0.786111 0.896875 0.783333 0.896875 0.766667 0.898438 0.763889 0.898438 0.755556 0.9 0.752778 0.9 0.719444 0.901563 0.716667 0.901563 0.675 0.9 0.672222 0.9 0.638889 0.901563 0.636111 0.901563 0.555556 0.903125 0.552778 0.903125 0.511111 0.904688 0.508333 0.904688 0.461111 0.90625 0.458333 0.90625 0.433333 0.907812 0.430556 0.907812 0.366667 0.909375 0.363889 0.909375 0.330556 0.910937 0.327778 0.910937 0.297222 0.9125 0.294444 0.9125 0.272222 0.914062 0.269444 0.914062 0.263889 0.915625 0.261111 0.920313 0.261111 0.920313 0.0888889 0.914062 0.0888889 0.9125 0.0861111 0.910937 0.0861111 0.909375 0.0833333 0.9 0.0833333 0.898438 0.0805556 0.882812 0.0805556 0.88125 0.0777778 0.867188 0.0777778 0.865625 0.075 0.845312 0.075 0.84375 0.0722222 0.81875 0.0722222 0.817187 0.0694444 0.790625 0.0694444 0.789062 0.0666667 0.7875 0.0694444 0.782812 0.0694444 0.78125 0.0666667 0.767187 0.0666667 0.765625 0.0638889 0.745313 0.0638889 0.74375 0.0611111 0.623438 0.0611111 0.621875 0.0583333 0.6 0.0583333 0.598437 0.0555556 0.557813 0.0555556 0.55625 0.0527778 0.503125 0.0527778 0.501562 0.05 0.475 0.05 0.473437 0.0472222 0.473437 0.0388889 0.292042
62 0.159375 0.0388889 0.159375 0.844444 0.164062 0.844444 0.16875 0.852778 0.16875 0.855556 0.171875 0.861111 0.175 0.861111 0.176563 0.863889 0.178125 0.863889 0.182812 0.872222 0.184375 0.872222 0.185937 0.875 0.189063 0.875 0.190625 0.877778 0.19375 0.877778 0.195312 0.880556 0.203125 0.880556 0.204688 0.883333 0.207813 0.883333 0.209375 0.886111 0.217187 0.886111 0.21875 0.888889 0.235938 0.888889 0.2375 0.891667 0.25625 0.891667 0.257812 0.894444 0.265625 0.894444 0.267188 0.897222 0.276563 0.897222 0.278125 0.9 0.284375 0.9 0.285937 0.902778 0.307813 0.902778 0.309375 0.905556 0.320312 0.905556 0.321875 0.908333 0.332812 0.908333 0.334375 0.911111 0.34375 0.911111 0.345313 0.913889 0.35625 0.913889 0.357812 0.916667 0.392188 0.916667 0.39375 0.919444 0.40625 0.919444 0.407813 0.922222 0.428125 0.922222 0.429688 0.925 0.451562 0.925 0.453125 0.927778 0.454688 0.925 0.482812 0.925 0.484375 0.927778 0.49375 0.927778 0.495313 0.930556 0.507812 0.930556 0.509375 0.933333 0.517187 0.933333 0.51875 0.936111 0.526563 0.936111 0.528125 0.938889 0.54375 0.938889 0.545313 0.941667 0.559375 0.941667 0.560938 0.944444 0.573438 0.944444 0.575 0.947222 0.585938 0.947222 0.5875 0.95 0.6 0.95 0.601562 0.952778 0.61875 0.952778 0.620313 0.955556 0.632812 0.955556 0.634375 0.958333 0.654688 0.958333 0.65625 0.961111 0.670313 0.961111 0.671875 0.963889 0.68125 0.963889 0.682813 0.966667 0.695312 0.966667 0.696875 0.969444 0.707812 0.969444 0.709375 0.972222 0.725 0.972222 0.726562 0.975 0.754687 0.975 0.75625 0.977778 0.771875 0.977778 0.773438 0.980556 0.78125 0.980556 0.782812 0.983333 0.782812 0.991667 0.810938 0.991667 0.810938 0.983333 0.8125 0.980556 0.814062 0.980556 0.815625 0.977778 0.81875 0.977778 0.820312 0.975 0.826563 0.975 0.828125 0.972222 0.839063 0.972222 0.840625 0.969444 0.84375 0.969444 0.846875 0.963889 0.848437 0.963889 0.85 0.961111 0.853125 0.961111 0.854688 0.958333 0.85625 0.958333 0.857813 0.955556 0.859375 0.955556 0.860937 0.952778 0.864062 0.952778 0.867188 0.947222 0.86875 0.947222 0.871875 0.941667 0.873438 0.941667 0.875 0.938889 0.876562 0.938889 0.88125 0.930556 0.882812 0.930556 0.8875 0.922222 0.8875 0.919444 0.890625 0.913889 0.890625 0.891667 0.892187 0.888889 0.892187 0.844444 0.89375 0.841667 0.89375 0.808333 0.895312 0.805556 0.895312 0.786111 0.896875 0.783333 0.896875 0.766667 0.898438 0.763889 0.898438 0.755556 0.9 0.752778 0.9 0.719444 0.901563 0.716667 0.901563 0.675 0.9 0.672222 0.9 0.638889 0.901563 0.636111 0.901563 0.555556 0.903125 0.552778 0.903125 0.511111 0.904688 0.508333 0.904688 0.461111 0.90625 0.458333 0.90625 0.433333 0.907812 0.430556 0.907812 0.366667 0.909375 0.363889 0.909375 0.330556 0.910937 0.327778 0.910937 0.297222 0.9125 0.294444 0.9125 0.272222 0.914062 0.269444 0.914062 0.263889 0.915625 0.261111 0.920313 0.261111 0.920313 0.0888889 0.914062 0.0888889 0.9125 0.0861111 0.910937 0.0861111 0.909375 0.0833333 0.9 0.0833333 0.898438 0.0805556 0.882812 0.0805556 0.88125 0.0777778 0.867188 0.0777778 0.865625 0.075 0.845312 0.075 0.84375 0.0722222 0.81875 0.0722222 0.817187 0.0694444 0.790625 0.0694444 0.789062 0.0666667 0.7875 0.0694444 0.782812 0.0694444 0.78125 0.0666667 0.767187 0.0666667 0.765625 0.0638889 0.745313 0.0638889 0.74375 0.0611111 0.623438 0.0611111 0.621875 0.0583333 0.6 0.0583333 0.598437 0.0555556 0.557813 0.0555556 0.55625 0.0527778 0.503125 0.0527778 0.501562 0.05 0.475 0.05 0.473437 0.0472222 0.473437 0.0388889 0.461595
67 0.159375 0.0388889 0.159375 0.844444 0.164062 0.844444 0.16875 0.852778 0.16875 0.855556 0.171875 0.861111 0.175 0.861111 0.176563 0.863889 0.178125 0.863889 0.182812 0.872222 0.184375 0.872222 0.185937 0.875 0.189063 0.875 0.190625 0.877778 0.19375 0.877778 0.195312 0.880556 0.203125 0.880556 0.204688 0.883333 0.207813 0.883333 0.209375 0.886111 0.217187 0.886111 0.21875 0.888889 0.235938 0.888889 0.2375 0.891667 0.25625 0.891667 0.257812 0.894444 0.265625 0.894444 0.267188 0.897222 0.276563 0.897222 0.278125 0.9 0.284375 0.9 0.285937 0.902778 0.307813 0.902778 0.309375 0.905556 0.320312 0.905556 0.321875 0.908333 0.332812 0.908333 0.334375 0.911111 0.34375 0.911111 0.345313 0.913889 0.35625 0.913889 0.357812 0.916667 0.392188 0.916667 0.39375 0.919444 0.40625 0.919444 0.407813 0.922222 0.428125 0.922222 0.429688 0.925 0.451562 0.925 0.453125 0.927778 0.454688 0.925 0.482812 0.925 0.484375 0.927778 0.49375 0.927778 0.495313 0.930556 0.507812 0.930556 0.509375 0.933333 0.517187 0.933333 0.51875 0.936111 0.526563 0.936111 0.528125 0.938889 0.54375 0.938889 0.545313 0.941667 0.559375 0.941667 0.560938 0.944444 0.573438 0.944444 0.575 0.947222 0.585938 0.947222 0.5875 0.95 0.6 0.95 0.601562 0.952778 0.61875 0.952778 0.620313 0.955556 0.632812 0.955556 0.634375 0.958333 0.654688 0.958333 0.65625 0.961111 0.670313 0.961111 0.671875 0.963889 0.68125 0.963889 0.682813 0.966667 0.695312 0.966667 0.696875 0.969444 0.707812 0.969444 0.709375 0.972222 0.725 0.972222 0.726562 0.975 0.754687 0.975 0.75625 0.977778 0.771875 0.977778 0.773438 0.980556 0.78125 0.980556 0.782812 0.983333 0.782812 0.991667 0.810938 0.991667 0.810938 0.983333 0.8125 0.980556 0.814062 0.980556 0.815625 0.977778 0.81875 0.977778 0.820312 0.975 0.826563 0.975 0.828125 0.972222 0.839063 0.972222 0.840625 0.969444 0.84375 0.969444 0.846875 0.963889 0.848437 0.963889 0.85 0.961111 0.853125 0.961111 0.854688 0.958333 0.85625 0.958333 0.857813 0.955556 0.859375 0.955556 0.860937 0.952778 0.864062 0.952778 0.867188 0.947222 0.86875 0.947222 0.871875 0.941667 0.873438 0.941667 0.875 0.938889 0.876562 0.938889 0.88125 0.930556 0.882812 0.930556 0.8875 0.922222 0.8875 0.919444 0.890625 0.913889 0.890625 0.891667 0.892187 0.888889 0.892187 0.844444 0.89375 0.841667 0.89375 0.808333 0.895312 0.805556 0.895312 0.786111 0.896875 0.783333 0.896875 0.766667 0.898438 0.763889 0.898438 0.755556 0.9 0.752778 0.9 0.719444 0.901563 0.716667 0.901563 0.675 0.9 0.672222 0.9 0.638889 0.901563 0.636111 0.901563 0.555556 0.903125 0.552778 0.903125 0.511111 0.904688 0.508333 0.904688 0.461111 0.90625 0.458333 0.90625 0.433333 0.907812 0.430556 0.907812 0.366667 0.909375 0.363889 0.909375 0.330556 0.910937 0.327778 0.910937 0.297222 0.9125 0.294444 0.9125 0.272222 0.914062 0.269444 0.914062 0.263889 0.915625 0.261111 0.920313 0.261111 0.920313 0.0888889 0.914062 0.0888889 0.9125 0.0861111 0.910937 0.0861111 0.909375 0.0833333 0.9 0.0833333 0.898438 0.0805556 0.882812 0.0805556 0.88125 0.0777778 0.867188 0.0777778 0.865625 0.075 0.845312 0.075 0.84375 0.0722222 0.81875 0.0722222 0.817187 0.0694444 0.790625 0.0694444 0.789062 0.0666667 0.7875 0.0694444 0.782812 0.0694444 0.78125 0.0666667 0.767187 0.0666667 0.765625 0.0638889 0.745313 0.0638889 0.74375 0.0611111 0.623438 0.0611111 0.621875 0.0583333 0.6 0.0583333 0.598437 0.0555556 0.557813 0.0555556 0.55625 0.0527778 0.503125 0.0527778 0.501562 0.05 0.475 0.05 0.473437 0.0472222 0.473437 0.0388889 0.292042
62 0.159375 0.0388889 0.159375 0.844444 0.164062 0.844444 0.16875 0.852778 0.16875 0.855556 0.171875 0.861111 0.175 0.861111 0.176563 0.863889 0.178125 0.863889 0.182812 0.872222 0.184375 0.872222 0.185937 0.875 0.189063 0.875 0.190625 0.877778 0.19375 0.877778 0.195312 0.880556 0.203125 0.880556 0.204688 0.883333 0.207813 0.883333 0.209375 0.886111 0.217187 0.886111 0.21875 0.888889 0.235938 0.888889 0.2375 0.891667 0.25625 0.891667 0.257812 0.894444 0.265625 0.894444 0.267188 0.897222 0.276563 0.897222 0.278125 0.9 0.284375 0.9 0.285937 0.902778 0.307813 0.902778 0.309375 0.905556 0.320312 0.905556 0.321875 0.908333 0.332812 0.908333 0.334375 0.911111 0.34375 0.911111 0.345313 0.913889 0.35625 0.913889 0.357812 0.916667 0.392188 0.916667 0.39375 0.919444 0.40625 0.919444 0.407813 0.922222 0.428125 0.922222 0.429688 0.925 0.451562 0.925 0.453125 0.927778 0.454688 0.925 0.482812 0.925 0.484375 0.927778 0.49375 0.927778 0.495313 0.930556 0.507812 0.930556 0.509375 0.933333 0.517187 0.933333 0.51875 0.936111 0.526563 0.936111 0.528125 0.938889 0.54375 0.938889 0.545313 0.941667 0.559375 0.941667 0.560938 0.944444 0.573438 0.944444 0.575 0.947222 0.585938 0.947222 0.5875 0.95 0.6 0.95 0.601562 0.952778 0.61875 0.952778 0.620313 0.955556 0.632812 0.955556 0.634375 0.958333 0.654688 0.958333 0.65625 0.961111 0.670313 0.961111 0.671875 0.963889 0.68125 0.963889 0.682813 0.966667 0.695312 0.966667 0.696875 0.969444 0.707812 0.969444 0.709375 0.972222 0.725 0.972222 0.726562 0.975 0.754687 0.975 0.75625 0.977778 0.771875 0.977778 0.773438 0.980556 0.78125 0.980556 0.782812 0.983333 0.782812 0.991667 0.810938 0.991667 0.810938 0.983333 0.8125 0.980556 0.814062 0.980556 0.815625 0.977778 0.81875 0.977778 0.820312 0.975 0.826563 0.975 0.828125 0.972222 0.839063 0.972222 0.840625 0.969444 0.84375 0.969444 0.846875 0.963889 0.848437 0.963889 0.85 0.961111 0.853125 0.961111 0.854688 0.958333 0.85625 0.958333 0.857813 0.955556 0.859375 0.955556 0.860937 0.952778 0.864062 0.952778 0.867188 0.947222 0.86875 0.947222 0.871875 0.941667 0.873438 0.941667 0.875 0.938889 0.876562 0.938889 0.88125 0.930556 0.882812 0.930556 0.8875 0.922222 0.8875 0.919444 0.890625 0.913889 0.890625 0.891667 0.892187 0.888889 0.892187 0.844444 0.89375 0.841667 0.89375 0.808333 0.895312 0.805556 0.895312 0.786111 0.896875 0.783333 0.896875 0.766667 0.898438 0.763889 0.898438 0.755556 0.9 0.752778 0.9 0.719444 0.901563 0.716667 0.901563 0.675 0.9 0.672222 0.9 0.638889 0.901563 0.636111 0.901563 0.555556 0.903125 0.552778 0.903125 0.511111 0.904688 0.508333 0.904688 0.461111 0.90625 0.458333 0.90625 0.433333 0.907812 0.430556 0.907812 0.366667 0.909375 0.363889 0.909375 0.330556 0.910937 0.327778 0.910937 0.297222 0.9125 0.294444 0.9125 0.272222 0.914062 0.269444 0.914062 0.263889 0.915625 0.261111 0.920313 0.261111 0.920313 0.0888889 0.914062 0.0888889 0.9125 0.0861111 0.910937 0.0861111 0.909375 0.0833333 0.9 0.0833333 0.898438 0.0805556 0.882812 0.0805556 0.88125 0.0777778 0.867188 0.0777778 0.865625 0.075 0.845312 0.075 0.84375 0.0722222 0.81875 0.0722222 0.817187 0.0694444 0.790625 0.0694444 0.789062 0.0666667 0.7875 0.0694444 0.782812 0.0694444 0.78125 0.0666667 0.767187 0.0666667 0.765625 0.0638889 0.745313 0.0638889 0.74375 0.0611111 0.623438 0.0611111 0.621875 0.0583333 0.6 0.0583333 0.598437 0.0555556 0.557813 0.0555556 0.55625 0.0527778 0.503125 0.0527778 0.501562 0.05 0.475 0.05 0.473437 0.0472222 0.473437 0.0388889 0.461595
67 0.159375 0.0388889 0.159375 0.844444 0.164062 0.844444 0.16875 0.852778 0.16875 0.855556 0.171875 0.861111 0.175 0.861111 0.176563 0.863889 0.178125 0.863889 0.182812 0.872222 0.184375 0.872222 0.185937 0.875 0.189063 0.875 0.190625 0.877778 0.19375 0.877778 0.195312 0.880556 0.203125 0.880556 0.204688 0.883333 0.207813 0.883333 0.209375 0.886111 0.217187 0.886111 0.21875 0.888889 0.235938 0.888889 0.2375 0.891667 0.25625 0.891667 0.257812 0.894444 0.265625 0.894444 0.267188 0.897222 0.276563 0.897222 0.278125 0.9 0.284375 0.9 0.285937 0.902778 0.307813 0.902778 0.309375 0.905556 0.320312 0.905556 0.321875 0.908333 0.332812 0.908333 0.334375 0.911111 0.34375 0.911111 0.345313 0.913889 0.35625 0.913889 0.357812 0.916667 0.392188 0.916667 0.39375 0.919444 0.40625 0.919444 0.407813 0.922222 0.428125 0.922222 0.429688 0.925 0.451562 0.925 0.453125 0.927778 0.454688 0.925 0.482812 0.925 0.484375 0.927778 0.49375 0.927778 0.495313 0.930556 0.507812 0.930556 0.509375 0.933333 0.517187 0.933333 0.51875 0.936111 0.526563 0.936111 0.528125 0.938889 0.54375 0.938889 0.545313 0.941667 0.559375 0.941667 0.560938 0.944444 0.573438 0.944444 0.575 0.947222 0.585938 0.947222 0.5875 0.95 0.6 0.95 0.601562 0.952778 0.61875 0.952778 0.620313 0.955556 0.632812 0.955556 0.634375 0.958333 0.654688 0.958333 0.65625 0.961111 0.670313 0.961111 0.671875 0.963889 0.68125 0.963889 0.682813 0.966667 0.695312 0.966667 0.696875 0.969444 0.707812 0.969444 0.709375 0.972222 0.725 0.972222 0.726562 0.975 0.754687 0.975 0.75625 0.977778 0.771875 0.977778 0.773438 0.980556 0.78125 0.980556 0.782812 0.983333 0.782812 0.991667 0.810938 0.991667 0.810938 0.983333 0.8125 0.980556 0.814062 0.980556 0.815625 0.977778 0.81875 0.977778 0.820312 0.975 0.826563 0.975 0.828125 0.972222 0.839063 0.972222 0.840625 0.969444 0.84375 0.969444 0.846875 0.963889 0.848437 0.963889 0.85 0.961111 0.853125 0.961111 0.854688 0.958333 0.85625 0.958333 0.857813 0.955556 0.859375 0.955556 0.860937 0.952778 0.864062 0.952778 0.867188 0.947222 0.86875 0.947222 0.871875 0.941667 0.873438 0.941667 0.875 0.938889 0.876562 0.938889 0.88125 0.930556 0.882812 0.930556 0.8875 0.922222 0.8875 0.919444 0.890625 0.913889 0.890625 0.891667 0.892187 0.888889 0.892187 0.844444 0.89375 0.841667 0.89375 0.808333 0.895312 0.805556 0.895312 0.786111 0.896875 0.783333 0.896875 0.766667 0.898438 0.763889 0.898438 0.755556 0.9 0.752778 0.9 0.719444 0.901563 0.716667 0.901563 0.675 0.9 0.672222 0.9 0.638889 0.901563 0.636111 0.901563 0.555556 0.903125 0.552778 0.903125 0.511111 0.904688 0.508333 0.904688 0.461111 0.90625 0.458333 0.90625 0.433333 0.907812 0.430556 0.907812 0.366667 0.909375 0.363889 0.909375 0.330556 0.910937 0.327778 0.910937 0.297222 0.9125 0.294444 0.9125 0.272222 0.914062 0.269444 0.914062 0.263889 0.915625 0.261111 0.920313 0.261111 0.920313 0.0888889 0.914062 0.0888889 0.9125 0.0861111 0.910937 0.0861111 0.909375 0.0833333 0.9 0.0833333 0.898438 0.0805556 0.882812 0.0805556 0.88125 0.0777778 0.867188 0.0777778 0.865625 0.075 0.845312 0.075 0.84375 0.0722222 0.81875 0.0722222 0.817187 0.0694444 0.790625 0.0694444 0.789062 0.0666667 0.7875 0.0694444 0.782812 0.0694444 0.78125 0.0666667 0.767187 0.0666667 0.765625 0.0638889 0.745313 0.0638889 0.74375 0.0611111 0.623438 0.0611111 0.621875 0.0583333 0.6 0.0583333 0.598437 0.0555556 0.557813 0.0555556 0.55625 0.0527778 0.503125 0.0527778 0.501562 0.05 0.475 0.05 0.473437 0.0472222 0.473437 0.0388889 0.292042
62 0.159375 0.0388889 0.159375 0.844444 0.164062 0.844444 0.16875 0.852778 0.16875 0.855556 0.171875 0.861111 0.175 0.861111 0.176563 0.863889 0.178125 0.863889 0.182812 0.872222 0.184375 0.872222 0.185937 0.875 0.189063 0.875 0.190625 0.877778 0.19375 0.877778 0.195312 0.880556 0.203125 0.880556 0.204688 0.883333 0.207813 0.883333 0.209375 0.886111 0.217187 0.886111 0.21875 0.888889 0.235938 0.888889 0.2375 0.891667 0.25625 0.891667 0.257812 0.894444 0.265625 0.894444 0.267188 0.897222 0.276563 0.897222 0.278125 0.9 0.284375 0.9 0.285937 0.902778 0.307813 0.902778 0.309375 0.905556 0.320312 0.905556 0.321875 0.908333 0.332812 0.908333 0.334375 0.911111 0.34375 0.911111 0.345313 0.913889 0.35625 0.913889 0.357812 0.916667 0.392188 0.916667 0.39375 0.919444 0.40625 0.919444 0.407813 0.922222 0.428125 0.922222 0.429688 0.925 0.451562 0.925 0.453125 0.927778 0.454688 0.925 0.482812 0.925 0.484375 0.927778 0.49375 0.927778 0.495313 0.930556 0.507812 0.930556 0.509375 0.933333 0.517187 0.933333 0.51875 0.936111 0.526563 0.936111 0.528125 0.938889 0.54375 0.938889 0.545313 0.941667 0.559375 0.941667 0.560938 0.944444 0.573438 0.944444 0.575 0.947222 0.585938 0.947222 0.5875 0.95 0.6 0.95 0.601562 0.952778 0.61875 0.952778 0.620313 0.955556 0.632812 0.955556 0.634375 0.958333 0.654688 0.958333 0.65625 0.961111 0.670313 0.961111 0.671875 0.963889 0.68125 0.963889 0.682813 0.966667 0.695312 0.966667 0.696875 0.969444 0.707812 0.969444 0.709375 0.972222 0.725 0.972222 0.726562 0.975 0.754687 0.975 0.75625 0.977778 0.771875 0.977778 0.773438 0.980556 0.78125 0.980556 0.782812 0.983333 0.782812 0.991667 0.810938 0.991667 0.810938 0.983333 0.8125 0.980556 0.814062 0.980556 0.815625 0.977778 0.81875 0.977778 0.820312 0.975 0.826563 0.975 0.828125 0.972222 0.839063 0.972222 0.840625 0.969444 0.84375 0.969444 0.846875 0.963889 0.848437 0.963889 0.85 0.961111 0.853125 0.961111 0.854688 0.958333 0.85625 0.958333 0.857813 0.955556 0.859375 0.955556 0.860937 0.952778 0.864062 0.952778 0.867188 0.947222 0.86875 0.947222 0.871875 0.941667 0.873438 0.941667 0.875 0.938889 0.876562 0.938889 0.88125 0.930556 0.882812 0.930556 0.8875 0.922222 0.8875 0.919444 0.890625 0.913889 0.890625 0.891667 0.892187 0.888889 0.892187 0.844444 0.89375 0.841667 0.89375 0.808333 0.895312 0.805556 0.895312 0.786111 0.896875 0.783333 0.896875 0.766667 0.898438 0.763889 0.898438 0.755556 0.9 0.752778 0.9 0.719444 0.901563 0.716667 0.901563 0.675 0.9 0.672222 0.9 0.638889 0.901563 0.636111 0.901563 0.555556 0.903125 0.552778 0.903125 0.511111 0.904688 0.508333 0.904688 0.461111 0.90625 0.458333 0.90625 0.433333 0.907812 0.430556 0.907812 0.366667 0.909375 0.363889 0.909375 0.330556 0.910937 0.327778 0.910937 0.297222 0.9125 0.294444 0.9125 0.272222 0.914062 0.269444 0.914062 0.263889 0.915625 0.261111 0.920313 0.261111 0.920313 0.0888889 0.914062 0.0888889 0.9125 0.0861111 0.910937 0.0861111 0.909375 0.0833333 0.9 0.0833333 0.898438 0.0805556 0.882812 0.0805556 0.88125 0.0777778 0.867188 0.0777778 0.865625 0.075 0.845312 0.075 0.84375 0.0722222 0.81875 0.0722222 0.817187 0.0694444 0.790625 0.0694444 0.789062 0.0666667 0.7875 0.0694444 0.782812 0.0694444 0.78125 0.0666667 0.767187 0.0666667 0.765625 0.0638889 0.745313 0.0638889 0.74375 0.0611111 0.623438 0.0611111 0.621875 0.0583333 0.6 0.0583333 0.598437 0.0555556 0.557813 0.0555556 0.55625 0.0527778 0.503125 0.0527778 0.501562 0.05 0.475 0.05 0.473437 0.0472222 0.473437 0.0388889 0.461595
67 0.159375 0.0388889 0.159375 0.844444 0.164062 0.844444 0.16875 0.852778 0.16875 0.855556 0.171875 0.861111 0.175 0.861111 0.176563 0.863889 0.178125 0.863889 0.182812 0.872222 0.184375 0.872222 0.185937 0.875 0.189063 0.875 0.190625 0.877778 0.19375 0.877778 0.195312 0.880556 0.203125 0.880556 0.204688 0.883333 0.207813 0.883333 0.209375 0.886111 0.217187 0.886111 0.21875 0.888889 0.235938 0.888889 0.2375 0.891667 0.25625 0.891667 0.257812 0.894444 0.265625 0.894444 0.267188 0.897222 0.276563 0.897222 0.278125 0.9 0.284375 0.9 0.285937 0.902778 0.307813 0.902778 0.309375 0.905556 0.320312 0.905556 0.321875 0.908333 0.332812 0.908333 0.334375 0.911111 0.34375 0.911111 0.345313 0.913889 0.35625 0.913889 0.357812 0.916667 0.392188 0.916667 0.39375 0.919444 0.40625 0.919444 0.407813 0.922222 0.428125 0.922222 0.429688 0.925 0.451562 0.925 0.453125 0.927778 0.454688 0.925 0.482812 0.925 0.484375 0.927778 0.49375 0.927778 0.495313 0.930556 0.507812 0.930556 0.509375 0.933333 0.517187 0.933333 0.51875 0.936111 0.526563 0.936111 0.528125 0.938889 0.54375 0.938889 0.545313 0.941667 0.559375 0.941667 0.560938 0.944444 0.573438 0.944444 0.575 0.947222 0.585938 0.947222 0.5875 0.95 0.6 0.95 0.601562 0.952778 0.61875 0.952778 0.620313 0.955556 0.632812 0.955556 0.634375 0.958333 0.654688 0.958333 0.65625 0.961111 0.670313 0.961111 0.671875 0.963889 0.68125 0.963889 0.682813 0.966667 0.695312 0.966667 0.696875 0.969444 0.707812 0.969444 0.709375 0.972222 0.725 0.972222 0.726562 0.975 0.754687 0.975 0.75625 0.977778 0.771875 0.977778 0.773438 0.980556 0.78125 0.980556 0.782812 0.983333 0.782812 0.991667 0.810938 0.991667 0.810938 0.983333 0.8125 0.980556 0.814062 0.980556 0.815625 0.977778 0.81875 0.977778 0.820312 0.975 0.826563 0.975 0.828125 0.972222 0.839063 0.972222 0.840625 0.969444 0.84375 0.969444 0.846875 0.963889 0.848437 0.963889 0.85 0.961111 0.853125 0.961111 0.854688 0.958333 0.85625 0.958333 0.857813 0.955556 0.859375 0.955556 0.860937 0.952778 0.864062 0.952778 0.867188 0.947222 0.86875 0.947222 0.871875 0.941667 0.873438 0.941667 0.875 0.938889 0.876562 0.938889 0.88125 0.930556 0.882812 0.930556 0.8875 0.922222 0.8875 0.919444 0.890625 0.913889 0.890625 0.891667 0.892187 0.888889 0.892187 0.844444 0.89375 0.841667 0.89375 0.808333 0.895312 0.805556 0.895312 0.786111 0.896875 0.783333 0.896875 0.766667 0.898438 0.763889 0.898438 0.755556 0.9 0.752778 0.9 0.719444 0.901563 0.716667 0.901563 0.675 0.9 0.672222 0.9 0.638889 0.901563 0.636111 0.901563 0.555556 0.903125 0.552778 0.903125 0.511111 0.904688 0.508333 0.904688 0.461111 0.90625 0.458333 0.90625 0.433333 0.907812 0.430556 0.907812 0.366667 0.909375 0.363889 0.909375 0.330556 0.910937 0.327778 0.910937 0.297222 0.9125 0.294444 0.9125 0.272222 0.914062 0.269444 0.914062 0.263889 0.915625 0.261111 0.920313 0.261111 0.920313 0.0888889 0.914062 0.0888889 0.9125 0.0861111 0.910937 0.0861111 0.909375 0.0833333 0.9 0.0833333 0.898438 0.0805556 0.882812 0.0805556 0.88125 0.0777778 0.867188 0.0777778 0.865625 0.075 0.845312 0.075 0.84375 0.0722222 0.81875 0.0722222 0.817187 0.0694444 0.790625 0.0694444 0.789062 0.0666667 0.7875 0.0694444 0.782812 0.0694444 0.78125 0.0666667 0.767187 0.0666667 0.765625 0.0638889 0.745313 0.0638889 0.74375 0.0611111 0.623438 0.0611111 0.621875 0.0583333 0.6 0.0583333 0.598437 0.0555556 0.557813 0.0555556 0.55625 0.0527778 0.503125 0.0527778 0.501562 0.05 0.475 0.05 0.473437 0.0472222 0.473437 0.0388889 0.292042
