0 0.4 0.372222 0.4 0.380556 0.398438 0.383333 0.398438 0.388889 0.396875 0.391667 0.396875 0.394444 0.395312 0.397222 0.395312 0.4 0.39375 0.402778 0.39375 0.411111 0.392188 0.413889 0.392188 0.441667 0.390625 0.444444 0.390625 0.466667 0.392188 0.469444 0.392188 0.480556 0.39375 0.483333 0.39375 0.486111 0.395312 0.488889 0.395312 0.494444 0.396875 0.497222 0.396875 0.519444 0.395312 0.522222 0.395312 0.525 0.384375 0.544444 0.382812 0.544444 0.378125 0.552778 0.376563 0.552778 0.370313 0.563889 0.36875 0.563889 0.3625 0.575 0.360938 0.575 0.35625 0.583333 0.354688 0.583333 0.346875 0.597222 0.345313 0.597222 0.3375 0.611111 0.3375 0.613889 0.332812 0.622222 0.332812 0.625 0.33125 0.627778 0.33125 0.630556 0.329688 0.633333 0.329688 0.636111 0.328125 0.638889 0.328125 0.641667 0.326562 0.644444 0.326562 0.647222 0.325 0.65 0.325 0.652778 0.323438 0.655556 0.323438 0.658333 0.321875 0.661111 0.321875 0.666667 0.320312 0.669444 0.320312 0.677778 0.31875 0.680556 0.31875 0.686111 0.317187 0.688889 0.317187 0.694444 0.315625 0.697222 0.315625 0.702778 0.314063 0.705556 0.314063 0.708333 0.3125 0.711111 0.3125 0.713889 0.310937 0.716667 0.310937 0.722222 0.309375 0.725 0.309375 0.727778 0.307813 0.730556 0.303125 0.730556 0.303125 0.883333 0.309375 0.883333 0.310937 0.886111 0.310937 0.888889 0.3125 0.891667 0.3125 0.894444 0.315625 0.9 0.317187 0.9 0.31875 0.902778 0.320312 0.902778 0.321875 0.905556 0.326562 0.905556 0.328125 0.908333 0.342187 0.908333 0.34375 0.911111 0.354688 0.911111 0.35625 0.913889 0.359375 0.913889 0.3625 0.919444 0.3625 0.922222 0.365625 0.927778 0.365625 0.938889 0.367188 0.941667 0.367188 1 0.534375 1 0.534375 0.983333 0.532812 0.980556 0.532812 0.972222 0.53125 0.969444 0.53125 0.963889 0.529688 0.961111 0.529688 0.955556 0.528125 0.952778 0.528125 0.944444 0.526563 0.941667 0.526563 0.936111 0.525 0.933333 0.525 0.922222 0.523438 0.919444 0.523438 0.911111 0.521875 0.908333 0.521875 0.888889 0.523438 0.886111 0.523438 0.877778 0.525 0.875 0.525 0.863889 0.526563 0.861111 0.526563 0.855556 0.532812 0.844444 0.534375 0.844444 0.535937 0.841667 0.5375 0.841667 0.540625 0.836111 0.542188 0.836111 0.545313 0.830556 0.546875 0.830556 0.55 0.825 0.551562 0.825 0.557813 0.813889 0.557813 0.811111 0.559375 0.808333 0.559375 0.805556 0.560938 0.802778 0.560938 0.8 0.5625 0.797222 0.5625 0.794444 0.567187 0.786111 0.567187 0.783333 0.56875 0.780556 0.56875 0.775 0.570312 0.772222 0.570312 0.758333 0.56875 0.755556 0.56875 0.741667 0.567187 0.738889 0.567187 0.727778 0.565625 0.725 0.565625 0.722222 0.564062 0.719444 0.564062 0.713889 0.5625 0.711111 0.5625 0.708333 0.559375 0.702778 0.559375 0.7 0.55625 0.694444 0.55625 0.691667 0.554688 0.688889 0.554688 0.686111 0.551562 0.680556 0.551562 0.677778 0.55 0.675 0.55 0.672222 0.545313 0.663889 0.545313 0.661111 0.54375 0.658333 0.54375 0.655556 0.539062 0.647222 0.539062 0.644444 0.5375 0.641667 0.5375 0.638889 0.535937 0.636111 0.535937 0.633333 0.532812 0.627778 0.532812 0.625 0.529688 0.619444 0.529688 0.616667 0.525 0.608333 0.525 0.605556 0.523438 0.602778 0.523438 0.597222 0.521875 0.594444 0.521875 0.591667 0.51875 0.586111 0.51875 0.583333 0.50625 0.561111 0.504687 0.561111 0.501562 0.555556 0.5 0.555556 0.498437 0.552778 0.496875 0.552778 0.495313 0.55 0.492188 0.55 0.490625 0.547222 0.4875 0.547222 0.485938 0.544444 0.484375 0.544444 0.482812 0.541667 0.479688 0.541667 0.478125 0.538889 0.476562 0.538889 0.475 0.536111 0.471875 0.536111 0.470313 0.533333 0.46875 0.533333 0.465625 0.527778 0.465625 0.522222 0.467187 0.519444 0.467187 0.508333 0.46875 0.505556 0.46875 0.466667 0.470313 0.463889 0.470313 0.419444 0.46875 0.416667 0.46875 0.411111 0.467187 0.408333 0.467187 0.405556 0.465625 0.402778 0.465625 0.4 0.4625 0.394444 0.4625 0.391667 0.459375 0.386111 0.459375 0.383333 0.457812 0.380556 0.457812 0.372222 0.942454
39 0.059375 0.772222 0.059375 0.847222 0.06875 0.847222 0.06875 0.830556 0.0703125 0.827778 0.0703125 0.825 0.071875 0.822222 0.0765625 0.822222 0.0765625 0.772222 0.263842
0 0.4 0.372222 0.4 0.380556 0.398438 0.383333 0.398438 0.388889 0.396875 0.391667 0.396875 0.394444 0.395312 0.397222 0.395312 0.4 0.39375 0.402778 0.39375 0.411111 0.392188 0.413889 0.392188 0.441667 0.390625 0.444444 0.390625 0.466667 0.392188 0.469444 0.392188 0.480556 0.39375 0.483333 0.39375 0.486111 0.395312 0.488889 0.395312 0.494444 0.396875 0.497222 0.396875 0.519444 0.395312 0.522222 0.395312 0.525 0.384375 0.544444 0.382812 0.544444 0.378125 0.552778 0.376563 0.552778 0.370313 0.563889 0.36875 0.563889 0.3625 0.575 0.360938 0.575 0.35625 0.583333 0.354688 0.583333 0.346875 0.597222 0.345313 0.597222 0.3375 0.611111 0.3375 0.613889 0.332812 0.622222 0.332812 0.625 0.33125 0.627778 0.33125 0.630556 0.329688 0.633333 0.329688 0.636111 0.328125 0.638889 0.328125 0.641667 0.326562 0.644444 0.326562 0.647222 0.325 0.65 0.325 0.652778 0.323438 0.655556 0.323438 0.658333 0.321875 0.661111 0.321875 0.666667 0.320312 0.669444 0.320312 0.677778 0.31875 0.680556 0.31875 0.686111 0.317187 0.688889 0.317187 0.694444 0.315625 0.697222 0.315625 0.702778 0.314063 0.705556 0.314063 0.708333 0.3125 0.711111 0.3125 0.713889 0.310937 0.716667 0.310937 0.722222 0.309375 0.725 0.309375 0.727778 0.307813 0.730556 0.303125 0.730556 0.303125 0.883333 0.309375 0.883333 0.310937 0.886111 0.310937 0.888889 0.3125 0.891667 0.3125 0.894444 0.315625 0.9 0.317187 0.9 0.31875 0.902778 0.320312 0.902778 0.321875 0.905556 0.326562 0.905556 0.328125 0.908333 0.342187 0.908333 0.34375 0.911111 0.354688 0.911111 0.35625 0.913889 0.359375 0.913889 0.3625 0.919444 0.3625 0.922222 0.365625 0.927778 0.365625 0.938889 0.367188 0.941667 0.367188 1 0.534375 1 0.534375 0.983333 0.532812 0.980556 0.532812 0.972222 0.53125 0.969444 0.53125 0.963889 0.529688 0.961111 0.529688 0.955556 0.528125 0.952778 0.528125 0.944444 0.526563 0.941667 0.526563 0.936111 0.525 0.933333 0.525 0.922222 0.523438 0.919444 0.523438 0.911111 0.521875 0.908333 0.521875 0.888889 0.523438 0.886111 0.523438 0.877778 0.525 0.875 0.525 0.863889 0.526563 0.861111 0.526563 0.855556 0.532812 0.844444 0.534375 0.844444 0.535937 0.841667 0.5375 0.841667 0.540625 0.836111 0.542188 0.836111 0.545313 0.830556 0.546875 0.830556 0.55 0.825 0.551562 0.825 0.557813 0.813889 0.557813 0.811111 0.559375 0.808333 0.559375 0.805556 0.560938 0.802778 0.560938 0.8 0.5625 0.797222 0.5625 0.794444 0.567187 0.786111 0.567187 0.783333 0.56875 0.780556 0.56875 0.775 0.570312 0.772222 0.570312 0.758333 0.56875 0.755556 0.56875 0.741667 0.567187 0.738889 0.567187 0.727778 0.565625 0.725 0.565625 0.722222 0.564062 0.719444 0.564062 0.713889 0.5625 0.711111 0.5625 0.708333 0.559375 0.702778 0.559375 0.7 0.55625 0.694444 0.55625 0.691667 0.554688 0.688889 0.554688 0.686111 0.551562 0.680556 0.551562 0.677778 0.55 0.675 0.55 0.672222 0.545313 0.663889 0.545313 0.661111 0.54375 0.658333 0.54375 0.655556 0.539062 0.647222 0.539062 0.644444 0.5375 0.641667 0.5375 0.638889 0.535937 0.636111 0.535937 0.633333 0.532812 0.627778 0.532812 0.625 0.529688 0.619444 0.529688 0.616667 0.525 0.608333 0.525 0.605556 0.523438 0.602778 0.523438 0.597222 0.521875 0.594444 0.521875 0.591667 0.51875 0.586111 0.51875 0.583333 0.50625 0.561111 0.504687 0.561111 0.501562 0.555556 0.5 0.555556 0.498437 0.552778 0.496875 0.552778 0.495313 0.55 0.492188 0.55 0.490625 0.547222 0.4875 0.547222 0.485938 0.544444 0.484375 0.544444 0.482812 0.541667 0.479688 0.541667 0.478125 0.538889 0.476562 0.538889 0.475 0.536111 0.471875 0.536111 0.470313 0.533333 0.46875 0.533333 0.465625 0.527778 0.465625 0.522222 0.467187 0.519444 0.467187 0.508333 0.46875 0.505556 0.46875 0.466667 0.470313 0.463889 0.470313 0.419444 0.46875 0.416667 0.46875 0.411111 0.467187 0.408333 0.467187 0.405556 0.465625 0.402778 0.465625 0.4 0.4625 0.394444 0.4625 0.391667 0.459375 0.386111 0.459375 0.383333 0.457812 0.380556 0.457812 0.372222 0.942454
39 0.059375 0.772222 0.059375 0.847222 0.06875 0.847222 0.06875 0.830556 0.0703125 0.827778 0.0703125 0.825 0.071875 0.822222 0.0765625 0.822222 0.0765625 0.772222 0.263842
0 0.4 0.372222 0.4 0.380556 0.398438 0.383333 0.398438 0.388889 0.396875 0.391667 0.396875 0.394444 0.395312 0.397222 0.395312 0.4 0.39375 0.402778 0.39375 0.411111 0.392188 0.413889 0.392188 0.441667 0.390625 0.444444 0.390625 0.466667 0.392188 0.469444 0.392188 0.480556 0.39375 0.483333 0.39375 0.486111 0.395312 0.488889 0.395312 0.494444 0.396875 0.497222 0.396875 0.519444 0.395312 0.522222 0.395312 0.525 0.384375 0.544444 0.382812 0.544444 0.378125 0.552778 0.376563 0.552778 0.370313 0.563889 0.36875 0.563889 0.3625 0.575 0.360938 0.575 0.35625 0.583333 0.354688 0.583333 0.346875 0.597222 0.345313 0.597222 0.3375 0.611111 0.3375 0.613889 0.332812 0.622222 0.332812 0.625 0.33125 0.627778 0.33125 0.630556 0.329688 0.633333 0.329688 0.636111 0.328125 0.638889 0.328125 0.641667 0.326562 0.644444 0.326562 0.647222 0.325 0.65 0.325 0.652778 0.323438 0.655556 0.323438 0.658333 0.321875 0.661111 0.321875 0.666667 0.320312 0.669444 0.320312 0.677778 0.31875 0.680556 0.31875 0.686111 0.317187 0.688889 0.317187 0.694444 0.315625 0.697222 0.315625 0.702778 0.314063 0.705556 0.314063 0.708333 0.3125 0.711111 0.3125 0.713889 0.310937 0.716667 0.310937 0.722222 0.309375 0.725 0.309375 0.727778 0.307813 0.730556 0.303125 0.730556 0.303125 0.883333 0.309375 0.883333 0.310937 0.886111 0.310937 0.888889 0.3125 0.891667 0.3125 0.894444 0.315625 0.9 0.317187 0.9 0.31875 0.902778 0.320312 0.902778 0.321875 0.905556 0.326562 0.905556 0.328125 0.908333 0.342187 0.908333 0.34375 0.911111 0.354688 0.911111 0.35625 0.913889 0.359375 0.913889 0.3625 0.919444 0.3625 0.922222 0.365625 0.927778 0.365625 0.938889 0.367188 0.941667 0.367188 1 0.534375 1 0.534375 0.983333 0.532812 0.980556 0.532812 0.972222 0.53125 0.969444 0.53125 0.963889 0.529688 0.961111 0.529688 0.955556 0.528125 0.952778 0.528125 0.944444 0.526563 0.941667 0.526563 0.936111 0.525 0.933333 0.525 0.922222 0.523438 0.919444 0.523438 0.911111 0.521875 0.908333 0.521875 0.888889 0.523438 0.886111 0.523438 0.877778 0.525 0.875 0.525 0.863889 0.526563 0.861111 0.526563 0.855556 0.532812 0.844444 0.534375 0.844444 0.535937 0.841667 0.5375 0.841667 0.540625 0.836111 0.542188 0.836111 0.545313 0.830556 0.546875 0.830556 0.55 0.825 0.551562 0.825 0.557813 0.813889 0.557813 0.811111 0.559375 0.808333 0.559375 0.805556 0.560938 0.802778 0.560938 0.8 0.5625 0.797222 0.5625 0.794444 0.567187 0.786111 0.567187 0.783333 0.56875 0.780556 0.56875 0.775 0.570312 0.772222 0.570312 0.758333 0.56875 0.755556 0.56875 0.741667 0.567187 0.738889 0.567187 0.727778 0.565625 0.725 0.565625 0.722222 0.564062 0.719444 0.564062 0.713889 0.5625 0.711111 0.5625 0.708333 0.559375 0.702778 0.559375 0.7 0.55625 0.694444 0.55625 0.691667 0.554688 0.688889 0.554688 0.686111 0.551562 0.680556 0.551562 0.677778 0.55 0.675 0.55 0.672222 0.545313 0.663889 0.545313 0.661111 0.54375 0.658333 0.54375 0.655556 0.539062 0.647222 0.539062 0.644444 0.5375 0.641667 0.5375 0.638889 0.535937 0.636111 0.535937 0.633333 0.532812 0.627778 0.532812 0.625 0.529688 0.619444 0.529688 0.616667 0.525 0.608333 0.525 0.605556 0.523438 0.602778 0.523438 0.597222 0.521875 0.594444 0.521875 0.591667 0.51875 0.586111 0.51875 0.583333 0.50625 0.561111 0.504687 0.561111 0.501562 0.555556 0.5 0.555556 0.498437 0.552778 0.496875 0.552778 0.495313 0.55 0.492188 0.55 0.490625 0.547222 0.4875 0.547222 0.485938 0.544444 0.484375 0.544444 0.482812 0.541667 0.479688 0.541667 0.478125 0.538889 0.476562 0.538889 0.475 0.536111 0.471875 0.536111 0.470313 0.533333 0.46875 0.533333 0.465625 0.527778 0.465625 0.522222 0.467187 0.519444 0.467187 0.508333 0.46875 0.505556 0.46875 0.466667 0.470313 0.463889 0.470313 0.419444 0.46875 0.416667 0.46875 0.411111 0.467187 0.408333 0.467187 0.405556 0.465625 0.402778 0.465625 0.4 0.4625 0.394444 0.4625 0.391667 0.459375 0.386111 0.459375 0.383333 0.457812 0.380556 0.457812 0.372222 0.942454
39 0.059375 0.772222 0.059375 0.847222 0.06875 0.847222 0.06875 0.830556 0.0703125 0.827778 0.0703125 0.825 0.071875 0.822222 0.0765625 0.822222 0.0765625 0.772222 0.263842
0 0.4 0.372222 0.4 0.380556 0.398438 0.383333 0.398438 0.388889 0.396875 0.391667 0.396875 0.394444 0.395312 0.397222 0.395312 0.4 0.39375 0.402778 0.39375 0.411111 0.392188 0.413889 0.392188 0.441667 0.390625 0.444444 0.390625 0.466667 0.392188 0.469444 0.392188 0.480556 0.39375 0.483333 0.39375 0.486111 0.395312 0.488889 0.395312 0.494444 0.396875 0.497222 0.396875 0.519444 0.395312 0.522222 0.395312 0.525 0.384375 0.544444 0.382812 0.544444 0.378125 0.552778 0.376563 0.552778 0.370313 0.563889 0.36875 0.563889 0.3625 0.575 0.360938 0.575 0.35625 0.583333 0.354688 0.583333 0.346875 0.597222 0.345313 0.597222 0.3375 0.611111 0.3375 0.613889 0.332812 0.622222 0.332812 0.625 0.33125 0.627778 0.33125 0.630556 0.329688 0.633333 0.329688 0.636111 0.328125 0.638889 0.328125 0.641667 0.326562 0.644444 0.326562 0.647222 0.325 0.65 0.325 0.652778 0.323438 0.655556 0.323438 0.658333 0.321875 0.661111 0.321875 0.666667 0.320312 0.669444 0.320312 0.677778 0.31875 0.680556 0.31875 0.686111 0.317187 0.688889 0.317187 0.694444 0.315625 0.697222 0.315625 0.702778 0.314063 0.705556 0.314063 0.708333 0.3125 0.711111 0.3125 0.713889 0.310937 0.716667 0.310937 0.722222 0.309375 0.725 0.309375 0.727778 0.307813 0.730556 0.303125 0.730556 0.303125 0.883333 0.309375 0.883333 0.310937 0.886111 0.310937 0.888889 0.3125 0.891667 0.3125 0.894444 0.315625 0.9 0.317187 0.9 0.31875 0.902778 0.320312 0.902778 0.321875 0.905556 0.326562 0.905556 0.328125 0.908333 0.342187 0.908333 0.34375 0.911111 0.354688 0.911111 0.35625 0.913889 0.359375 0.913889 0.3625 0.919444 0.3625 0.922222 0.365625 0.927778 0.365625 0.938889 0.367188 0.941667 0.367188 1 0.534375 1 0.534375 0.983333 0.532812 0.980556 0.532812 0.972222 0.53125 0.969444 0.53125 0.963889 0.529688 0.961111 0.529688 0.955556 0.528125 0.952778 0.528125 0.944444 0.526563 0.941667 0.526563 0.936111 0.525 0.933333 0.525 0.922222 0.523438 0.919444 0.523438 0.911111 0.521875 0.908333 0.521875 0.888889 0.523438 0.886111 0.523438 0.877778 0.525 0.875 0.525 0.863889 0.526563 0.861111 0.526563 0.855556 0.532812 0.844444 0.534375 0.844444 0.535937 0.841667 0.5375 0.841667 0.540625 0.836111 0.542188 0.836111 0.545313 0.830556 0.546875 0.830556 0.55 0.825 0.551562 0.825 0.557813 0.813889 0.557813 0.811111 0.559375 0.808333 0.559375 0.805556 0.560938 0.802778 0.560938 0.8 0.5625 0.797222 0.5625 0.794444 0.567187 0.786111 0.567187 0.783333 0.56875 0.780556 0.56875 0.775 0.570312 0.772222 0.570312 0.758333 0.56875 0.755556 0.56875 0.741667 0.567187 0.738889 0.567187 0.727778 0.565625 0.725 0.565625 0.722222 0.564062 0.719444 0.564062 0.713889 0.5625 0.711111 0.5625 0.708333 0.559375 0.702778 0.559375 0.7 0.55625 0.694444 0.55625 0.691667 0.554688 0.688889 0.554688 0.686111 0.551562 0.680556 0.551562 0.677778 0.55 0.675 0.55 0.672222 0.545313 0.663889 0.545313 0.661111 0.54375 0.658333 0.54375 0.655556 0.539062 0.647222 0.539062 0.644444 0.5375 0.641667 0.5375 0.638889 0.535937 0.636111 0.535937 0.633333 0.532812 0.627778 0.532812 0.625 0.529688 0.619444 0.529688 0.616667 0.525 0.608333 0.525 0.605556 0.523438 0.602778 0.523438 0.597222 0.521875 0.594444 0.521875 0.591667 0.51875 0.586111 0.51875 0.583333 0.50625 0.561111 0.504687 0.561111 0.501562 0.555556 0.5 0.555556 0.498437 0.552778 0.496875 0.552778 0.495313 0.55 0.492188 0.55 0.490625 0.547222 0.4875 0.547222 0.485938 0.544444 0.484375 0.544444 0.482812 0.541667 0.479688 0.541667 0.478125 0.538889 0.476562 0.538889 0.475 0.536111 0.471875 0.536111 0.470313 0.533333 0.46875 0.533333 0.465625 0.527778 0.465625 0.522222 0.467187 0.519444 0.467187 0.508333 0.46875 0.505556 0.46875 0.466667 0.470313 0.463889 0.470313 0.419444 0.46875 0.416667 0.46875 0.411111 0.467187 0.408333 0.467187 0.405556 0.465625 0.402778 0.465625 0.4 0.4625 0.394444 0.4625 0.391667 0.459375 0.386111 0.459375 0.383333 0.457812 0.380556 0.457812 0.372222 0.942454
39 0.059375 0.772222 0.059375 0.847222 0.06875 0.847222 0.06875 0.830556 0.0703125 0.827778 0.0703125 0.825 0.071875 0.822222 0.0765625 0.822222 0.0765625 0.772222 0.263842
0 0.4 0.372222 0.4 0.380556 0.398438 0.383333 0.398438 0.388889 0.396875 0.391667 0.396875 0.394444 0.395312 0.397222 0.395312 0.4 0.39375 0.402778 0.39375 0.411111 0.392188 0.413889 0.392188 0.441667 0.390625 0.444444 0.390625 0.466667 0.392188 0.469444 0.392188 0.480556 0.39375 0.483333 0.39375 0.486111 0.395312 0.488889 0.395312 0.494444 0.396875 0.497222 0.396875 0.519444 0.395312 0.522222 0.395312 0.525 0.384375 0.544444 0.382812 0.544444 0.378125 0.552778 0.376563 0.552778 0.370313 0.563889 0.36875 0.563889 0.3625 0.575 0.360938 0.575 0.35625 0.583333 0.354688 0.583333 0.346875 0.597222 0.345313 0.597222 0.3375 0.611111 0.3375 0.613889 0.332812 0.622222 0.332812 0.625 0.33125 0.627778 0.33125 0.630556 0.329688 0.633333 0.329688 0.636111 0.328125 0.638889 0.328125 0.641667 0.326562 0.644444 0.326562 0.647222 0.325 0.65 0.325 0.652778 0.323438 0.655556 0.323438 0.658333 0.321875 0.661111 0.321875 0.666667 0.320312 0.669444 0.320312 0.677778 0.31875 0.680556 0.31875 0.686111 0.317187 0.688889 0.317187 0.694444 0.315625 0.697222 0.315625 0.702778 0.314063 0.705556 0.314063 0.708333 0.3125 0.711111 0.3125 0.713889 0.310937 0.716667 0.310937 0.722222 0.309375 0.725 0.309375 0.727778 0.307813 0.730556 0.303125 0.730556 0.303125 0.883333 0.309375 0.883333 0.310937 0.886111 0.310937 0.888889 0.3125 0.891667 0.3125 0.894444 0.315625 0.9 0.317187 0.9 0.31875 0.902778 0.320312 0.902778 0.321875 0.905556 0.326562 0.905556 0.328125 0.908333 0.342187 0.908333 0.34375 0.911111 0.354688 0.911111 0.35625 0.913889 0.359375 0.913889 0.3625 0.919444 0.3625 0.922222 0.365625 0.927778 0.365625 0.938889 0.367188 0.941667 0.367188 1 0.534375 1 0.534375 0.983333 0.532812 0.980556 0.532812 0.972222 0.53125 0.969444 0.53125 0.963889 0.529688 0.961111 0.529688 0.955556 0.528125 0.952778 0.528125 0.944444 0.526563 0.941667 0.526563 0.936111 0.525 0.933333 0.525 0.922222 0.523438 0.919444 0.523438 0.911111 0.521875 0.908333 0.521875 0.888889 0.523438 0.886111 0.523438 0.877778 0.525 0.875 0.525 0.863889 0.526563 0.861111 0.526563 0.855556 0.532812 0.844444 0.534375 0.844444 0.535937 0.841667 0.5375 0.841667 0.540625 0.836111 0.542188 0.836111 0.545313 0.830556 0.546875 0.830556 0.55 0.825 0.551562 0.825 0.557813 0.813889 0.557813 0.811111 0.559375 0.808333 0.559375 0.805556 0.560938 0.802778 0.560938 0.8 0.5625 0.797222 0.5625 0.794444 0.567187 0.786111 0.567187 0.783333 0.56875 0.780556 0.56875 0.775 0.570312 0.772222 0.570312 0.758333 0.56875 0.755556 0.56875 0.741667 0.567187 0.738889 0.567187 0.727778 0.565625 0.725 0.565625 0.722222 0.564062 0.719444 0.564062 0.713889 0.5625 0.711111 0.5625 0.708333 0.559375 0.702778 0.559375 0.7 0.55625 0.694444 0.55625 0.691667 0.554688 0.688889 0.554688 0.686111 0.551562 0.680556 0.551562 0.677778 0.55 0.675 0.55 0.672222 0.545313 0.663889 0.545313 0.661111 0.54375 0.658333 0.54375 0.655556 0.539062 0.647222 0.539062 0.644444 0.5375 0.641667 0.5375 0.638889 0.535937 0.636111 0.535937 0.633333 0.532812 0.627778 0.532812 0.625 0.529688 0.619444 0.529688 0.616667 0.525 0.608333 0.525 0.605556 0.523438 0.602778 0.523438 0.597222 0.521875 0.594444 0.521875 0.591667 0.51875 0.586111 0.51875 0.583333 0.50625 0.561111 0.504687 0.561111 0.501562 0.555556 0.5 0.555556 0.498437 0.552778 0.496875 0.552778 0.495313 0.55 0.492188 0.55 0.490625 0.547222 0.4875 0.547222 0.485938 0.544444 0.484375 0.544444 0.482812 0.541667 0.479688 0.541667 0.478125 0.538889 0.476562 0.538889 0.475 0.536111 0.471875 0.536111 0.470313 0.533333 0.46875 0.533333 0.465625 0.527778 0.465625 0.522222 0.467187 0.519444 0.467187 0.508333 0.46875 0.505556 0.46875 0.466667 0.470313 0.463889 0.470313 0.419444 0.46875 0.416667 0.46875 0.411111 0.467187 0.408333 0.467187 0.405556 0.465625 0.402778 0.465625 0.4 0.4625 0.394444 0.4625 0.391667 0.459375 0.386111 0.459375 0.383333 0.457812 0.380556 0.457812 0.372222 0.942454
39 0.059375 0.772222 0.059375 0.847222 0.06875 0.847222 0.06875 0.830556 0.0703125 0.827778 0.0703125 0.825 0.071875 0.822222 0.0765625 0.822222 0.0765625 0.772222 0.263842
0 0.4 0.372222 0.4 0.380556 0.398438 0.383333 0.398438 0.388889 0.396875 0.391667 0.396875 0.394444 0.395312 0.397222 0.395312 0.4 0.39375 0.402778 0.39375 0.411111 0.392188 0.413889 0.392188 0.441667 0.390625 0.444444 0.390625 0.466667 0.392188 0.469444 0.392188 0.480556 0.39375 0.483333 0.39375 0.486111 0.395312 0.488889 0.395312 0.494444 0.396875 0.497222 0.396875 0.519444 0.395312 0.522222 0.395312 0.525 0.384375 0.544444 0.382812 0.544444 0.378125 0.552778 0.376563 0.552778 0.370313 0.563889 0.36875 0.563889 0.3625 0.575 0.360938 0.575 0.35625 0.583333 0.354688 0.583333 0.346875 0.597222 0.345313 0.597222 0.3375 0.611111 0.3375 0.613889 0.332812 0.622222 0.332812 0.625 0.33125 0.627778 0.33125 0.630556 0.329688 0.633333 0.329688 0.636111 0.328125 0.638889 0.328125 0.641667 0.326562 0.644444 0.326562 0.647222 0.325 0.65 0.325 0.652778 0.323438 0.655556 0.323438 0.658333 0.321875 0.661111 0.321875 0.666667 0.320312 0.669444 0.320312 0.677778 0.31875 0.680556 0.31875 0.686111 0.317187 0.688889 0.317187 0.694444 0.315625 0.697222 0.315625 0.702778 0.314063 0.705556 0.314063 0.708333 0.3125 0.711111 0.3125 0.713889 0.310937 0.716667 0.310937 0.722222 0.309375 0.725 0.309375 0.727778 0.307813 0.730556 0.303125 0.730556 0.303125 0.883333 0.309375 0.883333 0.310937 0.886111 0.310937 0.888889 0.3125 0.891667 0.3125 0.894444 0.315625 0.9 0.317187 0.9 0.31875 0.902778 0.320312 0.902778 0.321875 0.905556 0.326562 0.905556 0.328125 0.908333 0.342187 0.908333 0.34375 0.911111 0.354688 0.911111 0.35625 0.913889 0.359375 0.913889 0.3625 0.919444 0.3625 0.922222 0.365625 0.927778 0.365625 0.938889 0.367188 0.941667 0.367188 1 0.534375 1 0.534375 0.983333 0.532812 0.980556 0.532812 0.972222 0.53125 0.969444 0.53125 0.963889 0.529688 0.961111 0.529688 0.955556 0.528125 0.952778 0.528125 0.944444 0.526563 0.941667 0.526563 0.936111 0.525 0.933333 0.525 0.922222 0.523438 0.919444 0.523438 0.911111 0.521875 0.908333 0.521875 0.888889 0.523438 0.886111 0.523438 0.877778 0.525 0.875 0.525 0.863889 0.526563 0.861111 0.526563 0.855556 0.532812 0.844444 0.534375 0.844444 0.535937 0.841667 0.5375 0.841667 0.540625 0.836111 0.542188 0.836111 0.545313 0.830556 0.546875 0.830556 0.55 0.825 0.551562 0.825 0.557813 0.813889 0.557813 0.811111 0.559375 0.808333 0.559375 0.805556 0.560938 0.802778 0.560938 0.8 0.5625 0.797222 0.5625 0.794444 0.567187 0.786111 0.567187 0.783333 0.56875 0.780556 0.56875 0.775 0.570312 0.772222 0.570312 0.758333 0.56875 0.755556 0.56875 0.741667 0.567187 0.738889 0.567187 0.727778 0.565625 0.725 0.565625 0.722222 0.564062 0.719444 0.564062 0.713889 0.5625 0.711111 0.5625 0.708333 0.559375 0.702778 0.559375 0.7 0.55625 0.694444 0.55625 0.691667 0.554688 0.688889 0.554688 0.686111 0.551562 0.680556 0.551562 0.677778 0.55 0.675 0.55 0.672222 0.545313 0.663889 0.545313 0.661111 0.54375 0.658333 0.54375 0.655556 0.539062 0.647222 0.539062 0.644444 0.5375 0.641667 0.5375 0.638889 0.535937 0.636111 0.535937 0.633333 0.532812 0.627778 0.532812 0.625 0.529688 0.619444 0.529688 0.616667 0.525 0.608333 0.525 0.605556 0.523438 0.602778 0.523438 0.597222 0.521875 0.594444 0.521875 0.591667 0.51875 0.586111 0.51875 0.583333 0.50625 0.561111 0.504687 0.561111 0.501562 0.555556 0.5 0.555556 0.498437 0.552778 0.496875 0.552778 0.495313 0.55 0.492188 0.55 0.490625 0.547222 0.4875 0.547222 0.485938 0.544444 0.484375 0.544444 0.482812 0.541667 0.479688 0.541667 0.478125 0.538889 0.476562 0.538889 0.475 0.536111 0.471875 0.536111 0.470313 0.533333 0.46875 0.533333 0.465625 0.527778 0.465625 0.522222 0.467187 0.519444 0.467187 0.508333 0.46875 0.505556 0.46875 0.466667 0.470313 0.463889 0.470313 0.419444 0.46875 0.416667 0.46875 0.411111 0.467187 0.408333 0.467187 0.405556 0.465625 0.402778 0.465625 0.4 0.4625 0.394444 0.4625 0.391667 0.459375 0.386111 0.459375 0.383333 0.457812 0.380556 0.457812 0.372222 0.942454
39 0.059375 0.772222 0.059375 0.847222 0.06875 0.847222 0.06875 0.830556 0.0703125 0.827778 0.0703125 0.825 0.071875 0.822222 0.0765625 0.822222 0.0765625 0.772222 0.263842
0 0.4 0.372222 0.4 0.380556 0.398438 0.383333 0.398438 0.388889 0.396875 0.391667 0.396875 0.394444 0.395312 0.397222 0.395312 0.4 0.39375 0.402778 0.39375 0.411111 0.392188 0.413889 0.392188 0.441667 0.390625 0.444444 0.390625 0.466667 0.392188 0.469444 0.392188 0.480556 0.39375 0.483333 0.39375 0.486111 0.395312 0.488889 0.395312 0.494444 0.396875 0.497222 0.396875 0.519444 0.395312 0.522222 0.395312 0.525 0.384375 0.544444 0.382812 0.544444 0.378125 0.552778 0.376563 0.552778 0.370313 0.563889 0.36875 0.563889 0.3625 0.575 0.360938 0.575 0.35625 0.583333 0.354688 0.583333 0.346875 0.597222 0.345313 0.597222 0.3375 0.611111 0.3375 0.613889 0.332812 0.622222 0.332812 0.625 0.33125 0.627778 0.33125 0.630556 0.329688 0.633333 0.329688 0.636111 0.328125 0.638889 0.328125 0.641667 0.326562 0.644444 0.326562 0.647222 0.325 0.65 0.325 0.652778 0.323438 0.655556 0.323438 0.658333 0.321875 0.661111 0.321875 0.666667 0.320312 0.669444 0.320312 0.677778 0.31875 0.680556 0.31875 0.686111 0.317187 0.688889 0.317187 0.694444 0.315625 0.697222 0.315625 0.702778 0.314063 0.705556 0.314063 0.708333 0.3125 0.711111 0.3125 0.713889 0.310937 0.716667 0.310937 0.722222 0.309375 0.725 0.309375 0.727778 0.307813 0.730556 0.303125 0.730556 0.303125 0.883333 0.309375 0.883333 0.310937 0.886111 0.310937 0.888889 0.3125 0.891667 0.3125 0.894444 0.315625 0.9 0.317187 0.9 0.31875 0.902778 0.320312 0.902778 0.321875 0.905556 0.326562 0.905556 0.328125 0.908333 0.342187 0.908333 0.34375 0.911111 0.354688 0.911111 0.35625 0.913889 0.359375 0.913889 0.3625 0.919444 0.3625 0.922222 0.365625 0.927778 0.365625 0.938889 0.367188 0.941667 0.367188 1 0.534375 1 0.534375 0.983333 0.532812 0.980556 0.532812 0.972222 0.53125 0.969444 0.53125 0.963889 0.529688 0.961111 0.529688 0.955556 0.528125 0.952778 0.528125 0.944444 0.526563 0.941667 0.526563 0.936111 0.525 0.933333 0.525 0.922222 0.523438 0.919444 0.523438 0.911111 0.521875 0.908333 0.521875 0.888889 0.523438 0.886111 0.523438 0.877778 0.525 0.875 0.525 0.863889 0.526563 0.861111 0.526563 0.855556 0.532812 0.844444 0.534375 0.844444 0.535937 0.841667 0.5375 0.841667 0.540625 0.836111 0.542188 0.836111 0.545313 0.830556 0.546875 0.830556 0.55 0.825 0.551562 0.825 0.557813 0.813889 0.557813 0.811111 0.559375 0.808333 0.559375 0.805556 0.560938 0.802778 0.560938 0.8 0.5625 0.797222 0.5625 0.794444 0.567187 0.786111 0.567187 0.783333 0.56875 0.780556 0.56875 0.775 0.570312 0.772222 0.570312 0.758333 0.56875 0.755556 0.56875 0.741667 0.567187 0.738889 0.567187 0.727778 0.565625 0.725 0.565625 0.722222 0.564062 0.719444 0.564062 0.713889 0.5625 0.711111 0.5625 0.708333 0.559375 0.702778 0.559375 0.7 0.55625 0.694444 0.55625 0.691667 0.554688 0.688889 0.554688 0.686111 0.551562 0.680556 0.551562 0.677778 0.55 0.675 0.55 0.672222 0.545313 0.663889 0.545313 0.661111 0.54375 0.658333 0.54375 0.655556 0.539062 0.647222 0.539062 0.644444 0.5375 0.641667 0.5375 0.638889 0.535937 0.636111 0.535937 0.633333 0.532812 0.627778 0.532812 0.625 0.529688 0.619444 0.529688 0.616667 0.525 0.608333 0.525 0.605556 0.523438 0.602778 0.523438 0.597222 0.521875 0.594444 0.521875 0.591667 0.51875 0.586111 0.51875 0.583333 0.50625 0.561111 0.504687 0.561111 0.501562 0.555556 0.5 0.555556 0.498437 0.552778 0.496875 0.552778 0.495313 0.55 0.492188 0.55 0.490625 0.547222 0.4875 0.547222 0.485938 0.544444 0.484375 0.544444 0.482812 0.541667 0.479688 0.541667 0.478125 0.538889 0.476562 0.538889 0.475 0.536111 0.471875 0.536111 0.470313 0.533333 0.46875 0.533333 0.465625 0.527778 0.465625 0.522222 0.467187 0.519444 0.467187 0.508333 0.46875 0.505556 0.46875 0.466667 0.470313 0.463889 0.470313 0.419444 0.46875 0.416667 0.46875 0.411111 0.467187 0.408333 0.467187 0.405556 0.465625 0.402778 0.465625 0.4 0.4625 0.394444 0.4625 0.391667 0.459375 0.386111 0.459375 0.383333 0.457812 0.380556 0.457812 0.372222 0.942454
39 0.059375 0.772222 0.059375 0.847222 0.06875 0.847222 0.06875 0.830556 0.0703125 0.827778 0.0703125 0.825 0.071875 0.822222 0.0765625 0.822222 0.0765625 0.772222 0.263842
