67 0.471875 0.0722222 0.471875 0.0805556 0.470313 0.0833333 0.465625 0.0833333 0.465625 0.425 0.470313 0.425 0.48125 0.444444 0.48125 0.447222 0.482812 0.45 0.482812 0.458333 0.782812 0.458333 0.782812 0.447222 0.785937 0.441667 0.7875 0.441667 0.792188 0.433333 0.792188 0.430556 0.79375 0.427778 0.79375 0.425 0.795313 0.422222 0.795313 0.416667 0.796875 0.413889 0.796875 0.319444 0.798437 0.316667 0.798437 0.130556 0.8 0.127778 0.8 0.0944444 0.801562 0.0916667 0.801562 0.0722222 0.827185
67 0.135937 0.0611111 0.135937 0.0694444 0.132812 0.075 0.13125 0.075 0.129688 0.0777778 0.128125 0.0777778 0.126563 0.0805556 0.123438 0.0805556 0.117188 0.0916667 0.115625 0.0916667 0.1125 0.0972222 0.110937 0.0972222 0.109375 0.1 0.107813 0.1 0.10625 0.102778 0.103125 0.102778 0.101562 0.105556 0.1 0.105556 0.096875 0.111111 0.0953125 0.111111 0.09375 0.113889 0.0921875 0.113889 0.0890625 0.119444 0.0875 0.119444 0.084375 0.125 0.0828125 0.125 0.08125 0.127778 0.0796875 0.127778 0.075 0.136111 0.0734375 0.136111 0.071875 0.138889 0.0703125 0.138889 0.06875 0.141667 0.0671875 0.141667 0.0609375 0.152778 0.059375 0.152778 0.04375 0.180556 0.0421875 0.180556 0.0375 0.188889 0.0375 0.191667 0.028125 0.208333 0.028125 0.211111 0.025 0.216667 0.025 0.219444 0.01875 0.230556 0.01875 0.233333 0.0125 0.244444 0.0125 0.247222 0.0109375 0.25 0.0109375 0.252778 0.0015625 0.269444 0 0.269444 0 0.625 0.0015625 0.625 0.003125 0.627778 0.003125 0.630556 0.0046875 0.633333 0.0046875 0.638889 0.009375 0.647222 0.009375 0.65 0.0109375 0.652778 0.0109375 0.655556 0.0125 0.658333 0.0125 0.661111 0.01875 0.672222 0.01875 0.675 0.0203125 0.677778 0.0203125 0.680556 0.0234375 0.686111 0.0234375 0.688889 0.028125 0.697222 0.028125 0.7 0.0296875 0.702778 0.0296875 0.705556 0.0359375 0.716667 0.0359375 0.719444 0.0390625 0.725 0.040625 0.725 0.0453125 0.733333 0.046875 0.733333 0.0515625 0.741667 0.053125 0.741667 0.0578125 0.75 0.059375 0.75 0.0609375 0.752778 0.0625 0.752778 0.0640625 0.755556 0.065625 0.755556 0.0703125 0.763889 0.071875 0.763889 0.075 0.769444 0.0765625 0.769444 0.078125 0.772222 0.0796875 0.772222 0.08125 0.775 0.0828125 0.775 0.084375 0.777778 0.0859375 0.777778 0.0875 0.780556 0.0890625 0.780556 0.090625 0.783333 0.0921875 0.783333 0.09375 0.786111 0.0953125 0.786111 0.096875 0.788889 0.0984375 0.788889 0.1 0.791667 0.103125 0.791667 0.104687 0.794444 0.10625 0.794444 0.107813 0.797222 0.109375 0.797222 0.110937 0.8 0.114063 0.8 0.115625 0.802778 0.117188 0.802778 0.120312 0.808333 0.123438 0.808333 0.125 0.811111 0.126563 0.811111 0.128125 0.813889 0.13125 0.813889 0.134375 0.819444 0.1375 0.819444 0.139062 0.822222 0.142188 0.822222 0.14375 0.825 0.145313 0.825 0.146875 0.827778 0.146875 0.836111 0.223438 0.836111 0.223438 0.827778 0.225 0.825 0.226562 0.825 0.228125 0.822222 0.23125 0.822222 0.232812 0.819444 0.2375 0.819444 0.239063 0.816667 0.240625 0.816667 0.242188 0.813889 0.24375 0.813889 0.245312 0.811111 0.251563 0.811111 0.253125 0.808333 0.25625 0.808333 0.257812 0.805556 0.259375 0.805556 0.260938 0.802778 0.264062 0.802778 0.265625 0.8 0.267188 0.8 0.26875 0.797222 0.270312 0.797222 0.271875 0.794444 0.273438 0.794444 0.275 0.791667 0.276563 0.791667 0.278125 0.788889 0.279687 0.788889 0.28125 0.786111 0.282813 0.786111 0.284375 0.783333 0.285937 0.783333 0.2875 0.780556 0.289062 0.780556 0.290625 0.777778 0.292188 0.777778 0.295312 0.772222 0.296875 0.772222 0.3 0.766667 0.301562 0.766667 0.303125 0.763889 0.304688 0.763889 0.30625 0.761111 0.307813 0.761111 0.309375 0.758333 0.310937 0.758333 0.3125 0.755556 0.314063 0.755556 0.321875 0.741667 0.323438 0.741667 0.34375 0.705556 0.34375 0.702778 0.346875 0.697222 0.348437 0.697222 0.35 0.694444 0.35 0.691667 0.354688 0.683333 0.354688 0.680556 0.365625 0.661111 0.365625 0.658333 0.367188 0.655556 0.367188 0.652778 0.370313 0.647222 0.370313 0.644444 0.373437 0.638889 0.373437 0.636111 0.375 0.633333 0.375 0.630556 0.378125 0.625 0.378125 0.622222 0.38125 0.616667 0.38125 0.613889 0.384375 0.608333 0.384375 0.605556 0.385938 0.602778 0.385938 0.6 0.389062 0.594444 0.389062 0.591667 0.390625 0.588889 0.390625 0.586111 0.392188 0.583333 0.392188 0.580556 0.39375 0.577778 0.39375 0.575 0.396875 0.569444 0.396875 0.566667 0.398438 0.563889 0.398438 0.558333 0.404687 0.547222 0.404687 0.544444 0.40625 0.541667 0.40625 0.508333 0.407813 0.505556 0.407813 0.477778 0.409375 0.475 0.409375 0.45 0.410937 0.447222 0.410937 0.438889 0.4125 0.436111 0.4125 0.369444 0.410937 0.366667 0.410937 0.352778 0.409375 0.35 0.409375 0.333333 0.407813 0.330556 0.407813 0.325 0.40625 0.322222 0.40625 0.313889 0.404687 0.311111 0.404687 0.305556 0.403125 0.302778 0.403125 0.3 0.401563 0.297222 0.401563 0.294444 0.4 0.291667 0.4 0.286111 0.398438 0.283333 0.398438 0.277778 0.396875 0.275 0.396875 0.272222 0.395312 0.269444 0.395312 0.266667 0.39375 0.263889 0.39375 0.261111 0.392188 0.258333 0.392188 0.255556 0.390625 0.252778 0.390625 0.25 0.3875 0.244444 0.3875 0.241667 0.385938 0.238889 0.385938 0.236111 0.384375 0.233333 0.384375 0.230556 0.38125 0.225 0.38125 0.222222 0.376563 0.213889 0.376563 0.211111 0.371875 0.202778 0.371875 0.2 0.370313 0.197222 0.370313 0.194444 0.367188 0.188889 0.367188 0.186111 0.364062 0.180556 0.364062 0.177778 0.35625 0.163889 0.35625 0.161111 0.354688 0.161111 0.348437 0.15 0.346875 0.15 0.34375 0.144444 0.342187 0.144444 0.339063 0.138889 0.3375 0.138889 0.335938 0.136111 0.334375 0.136111 0.33125 0.130556 0.33125 0.127778 0.325 0.116667 0.323438 0.116667 0.321875 0.113889 0.320312 0.113889 0.31875 0.111111 0.317187 0.111111 0.314063 0.105556 0.310937 0.105556 0.309375 0.102778 0.307813 0.102778 0.30625 0.1 0.304688 0.1 0.303125 0.0972222 0.301562 0.0972222 0.3 0.0944444 0.296875 0.0944444 0.290625 0.0833333 0.289062 0.0833333 0.2875 0.0805556 0.284375 0.0805556 0.282813 0.0777778 0.279687 0.0777778 0.278125 0.075 0.275 0.075 0.271875 0.0694444 0.271875 0.0611111 0.458669
12 0.135937 0.0611111 0.135937 0.0694444 0.132812 0.075 0.13125 0.075 0.129688 0.0777778 0.128125 0.0777778 0.126563 0.0805556 0.123438 0.0805556 0.117188 0.0916667 0.115625 0.0916667 0.1125 0.0972222 0.110937 0.0972222 0.109375 0.1 0.107813 0.1 0.10625 0.102778 0.103125 0.102778 0.101562 0.105556 0.1 0.105556 0.096875 0.111111 0.0953125 0.111111 0.09375 0.113889 0.0921875 0.113889 0.0890625 0.119444 0.0875 0.119444 0.084375 0.125 0.0828125 0.125 0.08125 0.127778 0.0796875 0.127778 0.075 0.136111 0.0734375 0.136111 0.071875 0.138889 0.0703125 0.138889 0.06875 0.141667 0.0671875 0.141667 0.0609375 0.152778 0.059375 0.152778 0.04375 0.180556 0.0421875 0.180556 0.0375 0.188889 0.0375 0.191667 0.028125 0.208333 0.028125 0.211111 0.025 0.216667 0.025 0.219444 0.01875 0.230556 0.01875 0.233333 0.0125 0.244444 0.0125 0.247222 0.0109375 0.25 0.0109375 0.252778 0.0015625 0.269444 0 0.269444 0 0.625 0.0015625 0.625 0.003125 0.627778 0.003125 0.630556 0.0046875 0.633333 0.0046875 0.638889 0.009375 0.647222 0.009375 0.65 0.0109375 0.652778 0.0109375 0.655556 0.0125 0.658333 0.0125 0.661111 0.01875 0.672222 0.01875 0.675 0.0203125 0.677778 0.0203125 0.680556 0.0234375 0.686111 0.0234375 0.688889 0.028125 0.697222 0.028125 0.7 0.0296875 0.702778 0.0296875 0.705556 0.0359375 0.716667 0.0359375 0.719444 0.0390625 0.725 0.040625 0.725 0.0453125 0.733333 0.046875 0.733333 0.0515625 0.741667 0.053125 0.741667 0.0578125 0.75 0.059375 0.75 0.0609375 0.752778 0.0625 0.752778 0.0640625 0.755556 0.065625 0.755556 0.0703125 0.763889 0.071875 0.763889 0.075 0.769444 0.0765625 0.769444 0.078125 0.772222 0.0796875 0.772222 0.08125 0.775 0.0828125 0.775 0.084375 0.777778 0.0859375 0.777778 0.0875 0.780556 0.0890625 0.780556 0.090625 0.783333 0.0921875 0.783333 0.09375 0.786111 0.0953125 0.786111 0.096875 0.788889 0.0984375 0.788889 0.1 0.791667 0.103125 0.791667 0.104687 0.794444 0.10625 0.794444 0.107813 0.797222 0.109375 0.797222 0.110937 0.8 0.114063 0.8 0.115625 0.802778 0.117188 0.802778 0.120312 0.808333 0.123438 0.808333 0.125 0.811111 0.126563 0.811111 0.128125 0.813889 0.13125 0.813889 0.134375 0.819444 0.1375 0.819444 0.139062 0.822222 0.142188 0.822222 0.14375 0.825 0.145313 0.825 0.146875 0.827778 0.146875 0.836111 0.223438 0.836111 0.223438 0.827778 0.225 0.825 0.226562 0.825 0.228125 0.822222 0.23125 0.822222 0.232812 0.819444 0.2375 0.819444 0.239063 0.816667 0.240625 0.816667 0.242188 0.813889 0.24375 0.813889 0.245312 0.811111 0.251563 0.811111 0.253125 0.808333 0.25625 0.808333 0.257812 0.805556 0.259375 0.805556 0.260938 0.802778 0.264062 0.802778 0.265625 0.8 0.267188 0.8 0.26875 0.797222 0.270312 0.797222 0.271875 0.794444 0.273438 0.794444 0.275 0.791667 0.276563 0.791667 0.278125 0.788889 0.279687 0.788889 0.28125 0.786111 0.282813 0.786111 0.284375 0.783333 0.285937 0.783333 0.2875 0.780556 0.289062 0.780556 0.290625 0.777778 0.292188 0.777778 0.295312 0.772222 0.296875 0.772222 0.3 0.766667 0.301562 0.766667 0.303125 0.763889 0.304688 0.763889 0.30625 0.761111 0.307813 0.761111 0.309375 0.758333 0.310937 0.758333 0.3125 0.755556 0.314063 0.755556 0.321875 0.741667 0.323438 0.741667 0.34375 0.705556 0.34375 0.702778 0.346875 0.697222 0.348437 0.697222 0.35 0.694444 0.35 0.691667 0.354688 0.683333 0.354688 0.680556 0.365625 0.661111 0.365625 0.658333 0.367188 0.655556 0.367188 0.652778 0.370313 0.647222 0.370313 0.644444 0.373437 0.638889 0.373437 0.636111 0.375 0.633333 0.375 0.630556 0.378125 0.625 0.378125 0.622222 0.38125 0.616667 0.38125 0.613889 0.384375 0.608333 0.384375 0.605556 0.385938 0.602778 0.385938 0.6 0.389062 0.594444 0.389062 0.591667 0.390625 0.588889 0.390625 0.586111 0.392188 0.583333 0.392188 0.580556 0.39375 0.577778 0.39375 0.575 0.396875 0.569444 0.396875 0.566667 0.398438 0.563889 0.398438 0.558333 0.404687 0.547222 0.404687 0.544444 0.40625 0.541667 0.40625 0.508333 0.407813 0.505556 0.407813 0.477778 0.409375 0.475 0.409375 0.45 0.410937 0.447222 0.410937 0.438889 0.4125 0.436111 0.4125 0.369444 0.410937 0.366667 0.410937 0.352778 0.409375 0.35 0.409375 0.333333 0.407813 0.330556 0.407813 0.325 0.40625 0.322222 0.40625 0.313889 0.404687 0.311111 0.404687 0.305556 0.403125 0.302778 0.403125 0.3 0.401563 0.297222 0.401563 0.294444 0.4 0.291667 0.4 0.286111 0.398438 0.283333 0.398438 0.277778 0.396875 0.275 0.396875 0.272222 0.395312 0.269444 0.395312 0.266667 0.39375 0.263889 0.39375 0.261111 0.392188 0.258333 0.392188 0.255556 0.390625 0.252778 0.390625 0.25 0.3875 0.244444 0.3875 0.241667 0.385938 0.238889 0.385938 0.236111 0.384375 0.233333 0.384375 0.230556 0.38125 0.225 0.38125 0.222222 0.376563 0.213889 0.376563 0.211111 0.371875 0.202778 0.371875 0.2 0.370313 0.197222 0.370313 0.194444 0.367188 0.188889 0.367188 0.186111 0.364062 0.180556 0.364062 0.177778 0.35625 0.163889 0.35625 0.161111 0.354688 0.161111 0.348437 0.15 0.346875 0.15 0.34375 0.144444 0.342187 0.144444 0.339063 0.138889 0.3375 0.138889 0.335938 0.136111 0.334375 0.136111 0.33125 0.130556 0.33125 0.127778 0.325 0.116667 0.323438 0.116667 0.321875 0.113889 0.320312 0.113889 0.31875 0.111111 0.317187 0.111111 0.314063 0.105556 0.310937 0.105556 0.309375 0.102778 0.307813 0.102778 0.30625 0.1 0.304688 0.1 0.303125 0.0972222 0.301562 0.0972222 0.3 0.0944444 0.296875 0.0944444 0.290625 0.0833333 0.289062 0.0833333 0.2875 0.0805556 0.284375 0.0805556 0.282813 0.0777778 0.279687 0.0777778 0.278125 0.075 0.275 0.075 0.271875 0.0694444 0.271875 0.0611111 0.400057
67 0.471875 0.0722222 0.471875 0.0805556 0.470313 0.0833333 0.465625 0.0833333 0.465625 0.425 0.470313 0.425 0.48125 0.444444 0.48125 0.447222 0.482812 0.45 0.482812 0.458333 0.782812 0.458333 0.782812 0.447222 0.785937 0.441667 0.7875 0.441667 0.792188 0.433333 0.792188 0.430556 0.79375 0.427778 0.79375 0.425 0.795313 0.422222 0.795313 0.416667 0.796875 0.413889 0.796875 0.319444 0.798437 0.316667 0.798437 0.130556 0.8 0.127778 0.8 0.0944444 0.801562 0.0916667 0.801562 0.0722222 0.827185
67 0.135937 0.0611111 0.135937 0.0694444 0.132812 0.075 0.13125 0.075 0.129688 0.0777778 0.128125 0.0777778 0.126563 0.0805556 0.123438 0.0805556 0.117188 0.0916667 0.115625 0.0916667 0.1125 0.0972222 0.110937 0.0972222 0.109375 0.1 0.107813 0.1 0.10625 0.102778 0.103125 0.102778 0.101562 0.105556 0.1 0.105556 0.096875 0.111111 0.0953125 0.111111 0.09375 0.113889 0.0921875 0.113889 0.0890625 0.119444 0.0875 0.119444 0.084375 0.125 0.0828125 0.125 0.08125 0.127778 0.0796875 0.127778 0.075 0.136111 0.0734375 0.136111 0.071875 0.138889 0.0703125 0.138889 0.06875 0.141667 0.0671875 0.141667 0.0609375 0.152778 0.059375 0.152778 0.04375 0.180556 0.0421875 0.180556 0.0375 0.188889 0.0375 0.191667 0.028125 0.208333 0.028125 0.211111 0.025 0.216667 0.025 0.219444 0.01875 0.230556 0.01875 0.233333 0.0125 0.244444 0.0125 0.247222 0.0109375 0.25 0.0109375 0.252778 0.0015625 0.269444 0 0.269444 0 0.625 0.0015625 0.625 0.003125 0.627778 0.003125 0.630556 0.0046875 0.633333 0.0046875 0.638889 0.009375 0.647222 0.009375 0.65 0.0109375 0.652778 0.0109375 0.655556 0.0125 0.658333 0.0125 0.661111 0.01875 0.672222 0.01875 0.675 0.0203125 0.677778 0.0203125 0.680556 0.0234375 0.686111 0.0234375 0.688889 0.028125 0.697222 0.028125 0.7 0.0296875 0.702778 0.0296875 0.705556 0.0359375 0.716667 0.0359375 0.719444 0.0390625 0.725 0.040625 0.725 0.0453125 0.733333 0.046875 0.733333 0.0515625 0.741667 0.053125 0.741667 0.0578125 0.75 0.059375 0.75 0.0609375 0.752778 0.0625 0.752778 0.0640625 0.755556 0.065625 0.755556 0.0703125 0.763889 0.071875 0.763889 0.075 0.769444 0.0765625 0.769444 0.078125 0.772222 0.0796875 0.772222 0.08125 0.775 0.0828125 0.775 0.084375 0.777778 0.0859375 0.777778 0.0875 0.780556 0.0890625 0.780556 0.090625 0.783333 0.0921875 0.783333 0.09375 0.786111 0.0953125 0.786111 0.096875 0.788889 0.0984375 0.788889 0.1 0.791667 0.103125 0.791667 0.104687 0.794444 0.10625 0.794444 0.107813 0.797222 0.109375 0.797222 0.110937 0.8 0.114063 0.8 0.115625 0.802778 0.117188 0.802778 0.120312 0.808333 0.123438 0.808333 0.125 0.811111 0.126563 0.811111 0.128125 0.813889 0.13125 0.813889 0.134375 0.819444 0.1375 0.819444 0.139062 0.822222 0.142188 0.822222 0.14375 0.825 0.145313 0.825 0.146875 0.827778 0.146875 0.836111 0.223438 0.836111 0.223438 0.827778 0.225 0.825 0.226562 0.825 0.228125 0.822222 0.23125 0.822222 0.232812 0.819444 0.2375 0.819444 0.239063 0.816667 0.240625 0.816667 0.242188 0.813889 0.24375 0.813889 0.245312 0.811111 0.251563 0.811111 0.253125 0.808333 0.25625 0.808333 0.257812 0.805556 0.259375 0.805556 0.260938 0.802778 0.264062 0.802778 0.265625 0.8 0.267188 0.8 0.26875 0.797222 0.270312 0.797222 0.271875 0.794444 0.273438 0.794444 0.275 0.791667 0.276563 0.791667 0.278125 0.788889 0.279687 0.788889 0.28125 0.786111 0.282813 0.786111 0.284375 0.783333 0.285937 0.783333 0.2875 0.780556 0.289062 0.780556 0.290625 0.777778 0.292188 0.777778 0.295312 0.772222 0.296875 0.772222 0.3 0.766667 0.301562 0.766667 0.303125 0.763889 0.304688 0.763889 0.30625 0.761111 0.307813 0.761111 0.309375 0.758333 0.310937 0.758333 0.3125 0.755556 0.314063 0.755556 0.321875 0.741667 0.323438 0.741667 0.34375 0.705556 0.34375 0.702778 0.346875 0.697222 0.348437 0.697222 0.35 0.694444 0.35 0.691667 0.354688 0.683333 0.354688 0.680556 0.365625 0.661111 0.365625 0.658333 0.367188 0.655556 0.367188 0.652778 0.370313 0.647222 0.370313 0.644444 0.373437 0.638889 0.373437 0.636111 0.375 0.633333 0.375 0.630556 0.378125 0.625 0.378125 0.622222 0.38125 0.616667 0.38125 0.613889 0.384375 0.608333 0.384375 0.605556 0.385938 0.602778 0.385938 0.6 0.389062 0.594444 0.389062 0.591667 0.390625 0.588889 0.390625 0.586111 0.392188 0.583333 0.392188 0.580556 0.39375 0.577778 0.39375 0.575 0.396875 0.569444 0.396875 0.566667 0.398438 0.563889 0.398438 0.558333 0.404687 0.547222 0.404687 0.544444 0.40625 0.541667 0.40625 0.508333 0.407813 0.505556 0.407813 0.477778 0.409375 0.475 0.409375 0.45 0.410937 0.447222 0.410937 0.438889 0.4125 0.436111 0.4125 0.369444 0.410937 0.366667 0.410937 0.352778 0.409375 0.35 0.409375 0.333333 0.407813 0.330556 0.407813 0.325 0.40625 0.322222 0.40625 0.313889 0.404687 0.311111 0.404687 0.305556 0.403125 0.302778 0.403125 0.3 0.401563 0.297222 0.401563 0.294444 0.4 0.291667 0.4 0.286111 0.398438 0.283333 0.398438 0.277778 0.396875 0.275 0.396875 0.272222 0.395312 0.269444 0.395312 0.266667 0.39375 0.263889 0.39375 0.261111 0.392188 0.258333 0.392188 0.255556 0.390625 0.252778 0.390625 0.25 0.3875 0.244444 0.3875 0.241667 0.385938 0.238889 0.385938 0.236111 0.384375 0.233333 0.384375 0.230556 0.38125 0.225 0.38125 0.222222 0.376563 0.213889 0.376563 0.211111 0.371875 0.202778 0.371875 0.2 0.370313 0.197222 0.370313 0.194444 0.367188 0.188889 0.367188 0.186111 0.364062 0.180556 0.364062 0.177778 0.35625 0.163889 0.35625 0.161111 0.354688 0.161111 0.348437 0.15 0.346875 0.15 0.34375 0.144444 0.342187 0.144444 0.339063 0.138889 0.3375 0.138889 0.335938 0.136111 0.334375 0.136111 0.33125 0.130556 0.33125 0.127778 0.325 0.116667 0.323438 0.116667 0.321875 0.113889 0.320312 0.113889 0.31875 0.111111 0.317187 0.111111 0.314063 0.105556 0.310937 0.105556 0.309375 0.102778 0.307813 0.102778 0.30625 0.1 0.304688 0.1 0.303125 0.0972222 0.301562 0.0972222 0.3 0.0944444 0.296875 0.0944444 0.290625 0.0833333 0.289062 0.0833333 0.2875 0.0805556 0.284375 0.0805556 0.282813 0.0777778 0.279687 0.0777778 0.278125 0.075 0.275 0.075 0.271875 0.0694444 0.271875 0.0611111 0.458669
12 0.135937 0.0611111 0.135937 0.0694444 0.132812 0.075 0.13125 0.075 0.129688 0.0777778 0.128125 0.0777778 0.126563 0.0805556 0.123438 0.0805556 0.117188 0.0916667 0.115625 0.0916667 0.1125 0.0972222 0.110937 0.0972222 0.109375 0.1 0.107813 0.1 0.10625 0.102778 0.103125 0.102778 0.101562 0.105556 0.1 0.105556 0.096875 0.111111 0.0953125 0.111111 0.09375 0.113889 0.0921875 0.113889 0.0890625 0.119444 0.0875 0.119444 0.084375 0.125 0.0828125 0.125 0.08125 0.127778 0.0796875 0.127778 0.075 0.136111 0.0734375 0.136111 0.071875 0.138889 0.0703125 0.138889 0.06875 0.141667 0.0671875 0.141667 0.0609375 0.152778 0.059375 0.152778 0.04375 0.180556 0.0421875 0.180556 0.0375 0.188889 0.0375 0.191667 0.028125 0.208333 0.028125 0.211111 0.025 0.216667 0.025 0.219444 0.01875 0.230556 0.01875 0.233333 0.0125 0.244444 0.0125 0.247222 0.0109375 0.25 0.0109375 0.252778 0.0015625 0.269444 0 0.269444 0 0.625 0.0015625 0.625 0.003125 0.627778 0.003125 0.630556 0.0046875 0.633333 0.0046875 0.638889 0.009375 0.647222 0.009375 0.65 0.0109375 0.652778 0.0109375 0.655556 0.0125 0.658333 0.0125 0.661111 0.01875 0.672222 0.01875 0.675 0.0203125 0.677778 0.0203125 0.680556 0.0234375 0.686111 0.0234375 0.688889 0.028125 0.697222 0.028125 0.7 0.0296875 0.702778 0.0296875 0.705556 0.0359375 0.716667 0.0359375 0.719444 0.0390625 0.725 0.040625 0.725 0.0453125 0.733333 0.046875 0.733333 0.0515625 0.741667 0.053125 0.741667 0.0578125 0.75 0.059375 0.75 0.0609375 0.752778 0.0625 0.752778 0.0640625 0.755556 0.065625 0.755556 0.0703125 0.763889 0.071875 0.763889 0.075 0.769444 0.0765625 0.769444 0.078125 0.772222 0.0796875 0.772222 0.08125 0.775 0.0828125 0.775 0.084375 0.777778 0.0859375 0.777778 0.0875 0.780556 0.0890625 0.780556 0.090625 0.783333 0.0921875 0.783333 0.09375 0.786111 0.0953125 0.786111 0.096875 0.788889 0.0984375 0.788889 0.1 0.791667 0.103125 0.791667 0.104687 0.794444 0.10625 0.794444 0.107813 0.797222 0.109375 0.797222 0.110937 0.8 0.114063 0.8 0.115625 0.802778 0.117188 0.802778 0.120312 0.808333 0.123438 0.808333 0.125 0.811111 0.126563 0.811111 0.128125 0.813889 0.13125 0.813889 0.134375 0.819444 0.1375 0.819444 0.139062 0.822222 0.142188 0.822222 0.14375 0.825 0.145313 0.825 0.146875 0.827778 0.146875 0.836111 0.223438 0.836111 0.223438 0.827778 0.225 0.825 0.226562 0.825 0.228125 0.822222 0.23125 0.822222 0.232812 0.819444 0.2375 0.819444 0.239063 0.816667 0.240625 0.816667 0.242188 0.813889 0.24375 0.813889 0.245312 0.811111 0.251563 0.811111 0.253125 0.808333 0.25625 0.808333 0.257812 0.805556 0.259375 0.805556 0.260938 0.802778 0.264062 0.802778 0.265625 0.8 0.267188 0.8 0.26875 0.797222 0.270312 0.797222 0.271875 0.794444 0.273438 0.794444 0.275 0.791667 0.276563 0.791667 0.278125 0.788889 0.279687 0.788889 0.28125 0.786111 0.282813 0.786111 0.284375 0.783333 0.285937 0.783333 0.2875 0.780556 0.289062 0.780556 0.290625 0.777778 0.292188 0.777778 0.295312 0.772222 0.296875 0.772222 0.3 0.766667 0.301562 0.766667 0.303125 0.763889 0.304688 0.763889 0.30625 0.761111 0.307813 0.761111 0.309375 0.758333 0.310937 0.758333 0.3125 0.755556 0.314063 0.755556 0.321875 0.741667 0.323438 0.741667 0.34375 0.705556 0.34375 0.702778 0.346875 0.697222 0.348437 0.697222 0.35 0.694444 0.35 0.691667 0.354688 0.683333 0.354688 0.680556 0.365625 0.661111 0.365625 0.658333 0.367188 0.655556 0.367188 0.652778 0.370313 0.647222 0.370313 0.644444 0.373437 0.638889 0.373437 0.636111 0.375 0.633333 0.375 0.630556 0.378125 0.625 0.378125 0.622222 0.38125 0.616667 0.38125 0.613889 0.384375 0.608333 0.384375 0.605556 0.385938 0.602778 0.385938 0.6 0.389062 0.594444 0.389062 0.591667 0.390625 0.588889 0.390625 0.586111 0.392188 0.583333 0.392188 0.580556 0.39375 0.577778 0.39375 0.575 0.396875 0.569444 0.396875 0.566667 0.398438 0.563889 0.398438 0.558333 0.404687 0.547222 0.404687 0.544444 0.40625 0.541667 0.40625 0.508333 0.407813 0.505556 0.407813 0.477778 0.409375 0.475 0.409375 0.45 0.410937 0.447222 0.410937 0.438889 0.4125 0.436111 0.4125 0.369444 0.410937 0.366667 0.410937 0.352778 0.409375 0.35 0.409375 0.333333 0.407813 0.330556 0.407813 0.325 0.40625 0.322222 0.40625 0.313889 0.404687 0.311111 0.404687 0.305556 0.403125 0.302778 0.403125 0.3 0.401563 0.297222 0.401563 0.294444 0.4 0.291667 0.4 0.286111 0.398438 0.283333 0.398438 0.277778 0.396875 0.275 0.396875 0.272222 0.395312 0.269444 0.395312 0.266667 0.39375 0.263889 0.39375 0.261111 0.392188 0.258333 0.392188 0.255556 0.390625 0.252778 0.390625 0.25 0.3875 0.244444 0.3875 0.241667 0.385938 0.238889 0.385938 0.236111 0.384375 0.233333 0.384375 0.230556 0.38125 0.225 0.38125 0.222222 0.376563 0.213889 0.376563 0.211111 0.371875 0.202778 0.371875 0.2 0.370313 0.197222 0.370313 0.194444 0.367188 0.188889 0.367188 0.186111 0.364062 0.180556 0.364062 0.177778 0.35625 0.163889 0.35625 0.161111 0.354688 0.161111 0.348437 0.15 0.346875 0.15 0.34375 0.144444 0.342187 0.144444 0.339063 0.138889 0.3375 0.138889 0.335938 0.136111 0.334375 0.136111 0.33125 0.130556 0.33125 0.127778 0.325 0.116667 0.323438 0.116667 0.321875 0.113889 0.320312 0.113889 0.31875 0.111111 0.317187 0.111111 0.314063 0.105556 0.310937 0.105556 0.309375 0.102778 0.307813 0.102778 0.30625 0.1 0.304688 0.1 0.303125 0.0972222 0.301562 0.0972222 0.3 0.0944444 0.296875 0.0944444 0.290625 0.0833333 0.289062 0.0833333 0.2875 0.0805556 0.284375 0.0805556 0.282813 0.0777778 0.279687 0.0777778 0.278125 0.075 0.275 0.075 0.271875 0.0694444 0.271875 0.0611111 0.400057
67 0.471875 0.0722222 0.471875 0.0805556 0.470313 0.0833333 0.465625 0.0833333 0.465625 0.425 0.470313 0.425 0.48125 0.444444 0.48125 0.447222 0.482812 0.45 0.482812 0.458333 0.782812 0.458333 0.782812 0.447222 0.785937 0.441667 0.7875 0.441667 0.792188 0.433333 0.792188 0.430556 0.79375 0.427778 0.79375 0.425 0.795313 0.422222 0.795313 0.416667 0.796875 0.413889 0.796875 0.319444 0.798437 0.316667 0.798437 0.130556 0.8 0.127778 0.8 0.0944444 0.801562 0.0916667 0.801562 0.0722222 0.827185
67 0.135937 0.0611111 0.135937 0.0694444 0.132812 0.075 0.13125 0.075 0.129688 0.0777778 0.128125 0.0777778 0.126563 0.0805556 0.123438 0.0805556 0.117188 0.0916667 0.115625 0.0916667 0.1125 0.0972222 0.110937 0.0972222 0.109375 0.1 0.107813 0.1 0.10625 0.102778 0.103125 0.102778 0.101562 0.105556 0.1 0.105556 0.096875 0.111111 0.0953125 0.111111 0.09375 0.113889 0.0921875 0.113889 0.0890625 0.119444 0.0875 0.119444 0.084375 0.125 0.0828125 0.125 0.08125 0.127778 0.0796875 0.127778 0.075 0.136111 0.0734375 0.136111 0.071875 0.138889 0.0703125 0.138889 0.06875 0.141667 0.0671875 0.141667 0.0609375 0.152778 0.059375 0.152778 0.04375 0.180556 0.0421875 0.180556 0.0375 0.188889 0.0375 0.191667 0.028125 0.208333 0.028125 0.211111 0.025 0.216667 0.025 0.219444 0.01875 0.230556 0.01875 0.233333 0.0125 0.244444 0.0125 0.247222 0.0109375 0.25 0.0109375 0.252778 0.0015625 0.269444 0 0.269444 0 0.625 0.0015625 0.625 0.003125 0.627778 0.003125 0.630556 0.0046875 0.633333 0.0046875 0.638889 0.009375 0.647222 0.009375 0.65 0.0109375 0.652778 0.0109375 0.655556 0.0125 0.658333 0.0125 0.661111 0.01875 0.672222 0.01875 0.675 0.0203125 0.677778 0.0203125 0.680556 0.0234375 0.686111 0.0234375 0.688889 0.028125 0.697222 0.028125 0.7 0.0296875 0.702778 0.0296875 0.705556 0.0359375 0.716667 0.0359375 0.719444 0.0390625 0.725 0.040625 0.725 0.0453125 0.733333 0.046875 0.733333 0.0515625 0.741667 0.053125 0.741667 0.0578125 0.75 0.059375 0.75 0.0609375 0.752778 0.0625 0.752778 0.0640625 0.755556 0.065625 0.755556 0.0703125 0.763889 0.071875 0.763889 0.075 0.769444 0.0765625 0.769444 0.078125 0.772222 0.0796875 0.772222 0.08125 0.775 0.0828125 0.775 0.084375 0.777778 0.0859375 0.777778 0.0875 0.780556 0.0890625 0.780556 0.090625 0.783333 0.0921875 0.783333 0.09375 0.786111 0.0953125 0.786111 0.096875 0.788889 0.0984375 0.788889 0.1 0.791667 0.103125 0.791667 0.104687 0.794444 0.10625 0.794444 0.107813 0.797222 0.109375 0.797222 0.110937 0.8 0.114063 0.8 0.115625 0.802778 0.117188 0.802778 0.120312 0.808333 0.123438 0.808333 0.125 0.811111 0.126563 0.811111 0.128125 0.813889 0.13125 0.813889 0.134375 0.819444 0.1375 0.819444 0.139062 0.822222 0.142188 0.822222 0.14375 0.825 0.145313 0.825 0.146875 0.827778 0.146875 0.836111 0.223438 0.836111 0.223438 0.827778 0.225 0.825 0.226562 0.825 0.228125 0.822222 0.23125 0.822222 0.232812 0.819444 0.2375 0.819444 0.239063 0.816667 0.240625 0.816667 0.242188 0.813889 0.24375 0.813889 0.245312 0.811111 0.251563 0.811111 0.253125 0.808333 0.25625 0.808333 0.257812 0.805556 0.259375 0.805556 0.260938 0.802778 0.264062 0.802778 0.265625 0.8 0.267188 0.8 0.26875 0.797222 0.270312 0.797222 0.271875 0.794444 0.273438 0.794444 0.275 0.791667 0.276563 0.791667 0.278125 0.788889 0.279687 0.788889 0.28125 0.786111 0.282813 0.786111 0.284375 0.783333 0.285937 0.783333 0.2875 0.780556 0.289062 0.780556 0.290625 0.777778 0.292188 0.777778 0.295312 0.772222 0.296875 0.772222 0.3 0.766667 0.301562 0.766667 0.303125 0.763889 0.304688 0.763889 0.30625 0.761111 0.307813 0.761111 0.309375 0.758333 0.310937 0.758333 0.3125 0.755556 0.314063 0.755556 0.321875 0.741667 0.323438 0.741667 0.34375 0.705556 0.34375 0.702778 0.346875 0.697222 0.348437 0.697222 0.35 0.694444 0.35 0.691667 0.354688 0.683333 0.354688 0.680556 0.365625 0.661111 0.365625 0.658333 0.367188 0.655556 0.367188 0.652778 0.370313 0.647222 0.370313 0.644444 0.373437 0.638889 0.373437 0.636111 0.375 0.633333 0.375 0.630556 0.378125 0.625 0.378125 0.622222 0.38125 0.616667 0.38125 0.613889 0.384375 0.608333 0.384375 0.605556 0.385938 0.602778 0.385938 0.6 0.389062 0.594444 0.389062 0.591667 0.390625 0.588889 0.390625 0.586111 0.392188 0.583333 0.392188 0.580556 0.39375 0.577778 0.39375 0.575 0.396875 0.569444 0.396875 0.566667 0.398438 0.563889 0.398438 0.558333 0.404687 0.547222 0.404687 0.544444 0.40625 0.541667 0.40625 0.508333 0.407813 0.505556 0.407813 0.477778 0.409375 0.475 0.409375 0.45 0.410937 0.447222 0.410937 0.438889 0.4125 0.436111 0.4125 0.369444 0.410937 0.366667 0.410937 0.352778 0.409375 0.35 0.409375 0.333333 0.407813 0.330556 0.407813 0.325 0.40625 0.322222 0.40625 0.313889 0.404687 0.311111 0.404687 0.305556 0.403125 0.302778 0.403125 0.3 0.401563 0.297222 0.401563 0.294444 0.4 0.291667 0.4 0.286111 0.398438 0.283333 0.398438 0.277778 0.396875 0.275 0.396875 0.272222 0.395312 0.269444 0.395312 0.266667 0.39375 0.263889 0.39375 0.261111 0.392188 0.258333 0.392188 0.255556 0.390625 0.252778 0.390625 0.25 0.3875 0.244444 0.3875 0.241667 0.385938 0.238889 0.385938 0.236111 0.384375 0.233333 0.384375 0.230556 0.38125 0.225 0.38125 0.222222 0.376563 0.213889 0.376563 0.211111 0.371875 0.202778 0.371875 0.2 0.370313 0.197222 0.370313 0.194444 0.367188 0.188889 0.367188 0.186111 0.364062 0.180556 0.364062 0.177778 0.35625 0.163889 0.35625 0.161111 0.354688 0.161111 0.348437 0.15 0.346875 0.15 0.34375 0.144444 0.342187 0.144444 0.339063 0.138889 0.3375 0.138889 0.335938 0.136111 0.334375 0.136111 0.33125 0.130556 0.33125 0.127778 0.325 0.116667 0.323438 0.116667 0.321875 0.113889 0.320312 0.113889 0.31875 0.111111 0.317187 0.111111 0.314063 0.105556 0.310937 0.105556 0.309375 0.102778 0.307813 0.102778 0.30625 0.1 0.304688 0.1 0.303125 0.0972222 0.301562 0.0972222 0.3 0.0944444 0.296875 0.0944444 0.290625 0.0833333 0.289062 0.0833333 0.2875 0.0805556 0.284375 0.0805556 0.282813 0.0777778 0.279687 0.0777778 0.278125 0.075 0.275 0.075 0.271875 0.0694444 0.271875 0.0611111 0.458669
12 0.135937 0.0611111 0.135937 0.0694444 0.132812 0.075 0.13125 0.075 0.129688 0.0777778 0.128125 0.0777778 0.126563 0.0805556 0.123438 0.0805556 0.117188 0.0916667 0.115625 0.0916667 0.1125 0.0972222 0.110937 0.0972222 0.109375 0.1 0.107813 0.1 0.10625 0.102778 0.103125 0.102778 0.101562 0.105556 0.1 0.105556 0.096875 0.111111 0.0953125 0.111111 0.09375 0.113889 0.0921875 0.113889 0.0890625 0.119444 0.0875 0.119444 0.084375 0.125 0.0828125 0.125 0.08125 0.127778 0.0796875 0.127778 0.075 0.136111 0.0734375 0.136111 0.071875 0.138889 0.0703125 0.138889 0.06875 0.141667 0.0671875 0.141667 0.0609375 0.152778 0.059375 0.152778 0.04375 0.180556 0.0421875 0.180556 0.0375 0.188889 0.0375 0.191667 0.028125 0.208333 0.028125 0.211111 0.025 0.216667 0.025 0.219444 0.01875 0.230556 0.01875 0.233333 0.0125 0.244444 0.0125 0.247222 0.0109375 0.25 0.0109375 0.252778 0.0015625 0.269444 0 0.269444 0 0.625 0.0015625 0.625 0.003125 0.627778 0.003125 0.630556 0.0046875 0.633333 0.0046875 0.638889 0.009375 0.647222 0.009375 0.65 0.0109375 0.652778 0.0109375 0.655556 0.0125 0.658333 0.0125 0.661111 0.01875 0.672222 0.01875 0.675 0.0203125 0.677778 0.0203125 0.680556 0.0234375 0.686111 0.0234375 0.688889 0.028125 0.697222 0.028125 0.7 0.0296875 0.702778 0.0296875 0.705556 0.0359375 0.716667 0.0359375 0.719444 0.0390625 0.725 0.040625 0.725 0.0453125 0.733333 0.046875 0.733333 0.0515625 0.741667 0.053125 0.741667 0.0578125 0.75 0.059375 0.75 0.0609375 0.752778 0.0625 0.752778 0.0640625 0.755556 0.065625 0.755556 0.0703125 0.763889 0.071875 0.763889 0.075 0.769444 0.0765625 0.769444 0.078125 0.772222 0.0796875 0.772222 0.08125 0.775 0.0828125 0.775 0.084375 0.777778 0.0859375 0.777778 0.0875 0.780556 0.0890625 0.780556 0.090625 0.783333 0.0921875 0.783333 0.09375 0.786111 0.0953125 0.786111 0.096875 0.788889 0.0984375 0.788889 0.1 0.791667 0.103125 0.791667 0.104687 0.794444 0.10625 0.794444 0.107813 0.797222 0.109375 0.797222 0.110937 0.8 0.114063 0.8 0.115625 0.802778 0.117188 0.802778 0.120312 0.808333 0.123438 0.808333 0.125 0.811111 0.126563 0.811111 0.128125 0.813889 0.13125 0.813889 0.134375 0.819444 0.1375 0.819444 0.139062 0.822222 0.142188 0.822222 0.14375 0.825 0.145313 0.825 0.146875 0.827778 0.146875 0.836111 0.223438 0.836111 0.223438 0.827778 0.225 0.825 0.226562 0.825 0.228125 0.822222 0.23125 0.822222 0.232812 0.819444 0.2375 0.819444 0.239063 0.816667 0.240625 0.816667 0.242188 0.813889 0.24375 0.813889 0.245312 0.811111 0.251563 0.811111 0.253125 0.808333 0.25625 0.808333 0.257812 0.805556 0.259375 0.805556 0.260938 0.802778 0.264062 0.802778 0.265625 0.8 0.267188 0.8 0.26875 0.797222 0.270312 0.797222 0.271875 0.794444 0.273438 0.794444 0.275 0.791667 0.276563 0.791667 0.278125 0.788889 0.279687 0.788889 0.28125 0.786111 0.282813 0.786111 0.284375 0.783333 0.285937 0.783333 0.2875 0.780556 0.289062 0.780556 0.290625 0.777778 0.292188 0.777778 0.295312 0.772222 0.296875 0.772222 0.3 0.766667 0.301562 0.766667 0.303125 0.763889 0.304688 0.763889 0.30625 0.761111 0.307813 0.761111 0.309375 0.758333 0.310937 0.758333 0.3125 0.755556 0.314063 0.755556 0.321875 0.741667 0.323438 0.741667 0.34375 0.705556 0.34375 0.702778 0.346875 0.697222 0.348437 0.697222 0.35 0.694444 0.35 0.691667 0.354688 0.683333 0.354688 0.680556 0.365625 0.661111 0.365625 0.658333 0.367188 0.655556 0.367188 0.652778 0.370313 0.647222 0.370313 0.644444 0.373437 0.638889 0.373437 0.636111 0.375 0.633333 0.375 0.630556 0.378125 0.625 0.378125 0.622222 0.38125 0.616667 0.38125 0.613889 0.384375 0.608333 0.384375 0.605556 0.385938 0.602778 0.385938 0.6 0.389062 0.594444 0.389062 0.591667 0.390625 0.588889 0.390625 0.586111 0.392188 0.583333 0.392188 0.580556 0.39375 0.577778 0.39375 0.575 0.396875 0.569444 0.396875 0.566667 0.398438 0.563889 0.398438 0.558333 0.404687 0.547222 0.404687 0.544444 0.40625 0.541667 0.40625 0.508333 0.407813 0.505556 0.407813 0.477778 0.409375 0.475 0.409375 0.45 0.410937 0.447222 0.410937 0.438889 0.4125 0.436111 0.4125 0.369444 0.410937 0.366667 0.410937 0.352778 0.409375 0.35 0.409375 0.333333 0.407813 0.330556 0.407813 0.325 0.40625 0.322222 0.40625 0.313889 0.404687 0.311111 0.404687 0.305556 0.403125 0.302778 0.403125 0.3 0.401563 0.297222 0.401563 0.294444 0.4 0.291667 0.4 0.286111 0.398438 0.283333 0.398438 0.277778 0.396875 0.275 0.396875 0.272222 0.395312 0.269444 0.395312 0.266667 0.39375 0.263889 0.39375 0.261111 0.392188 0.258333 0.392188 0.255556 0.390625 0.252778 0.390625 0.25 0.3875 0.244444 0.3875 0.241667 0.385938 0.238889 0.385938 0.236111 0.384375 0.233333 0.384375 0.230556 0.38125 0.225 0.38125 0.222222 0.376563 0.213889 0.376563 0.211111 0.371875 0.202778 0.371875 0.2 0.370313 0.197222 0.370313 0.194444 0.367188 0.188889 0.367188 0.186111 0.364062 0.180556 0.364062 0.177778 0.35625 0.163889 0.35625 0.161111 0.354688 0.161111 0.348437 0.15 0.346875 0.15 0.34375 0.144444 0.342187 0.144444 0.339063 0.138889 0.3375 0.138889 0.335938 0.136111 0.334375 0.136111 0.33125 0.130556 0.33125 0.127778 0.325 0.116667 0.323438 0.116667 0.321875 0.113889 0.320312 0.113889 0.31875 0.111111 0.317187 0.111111 0.314063 0.105556 0.310937 0.105556 0.309375 0.102778 0.307813 0.102778 0.30625 0.1 0.304688 0.1 0.303125 0.0972222 0.301562 0.0972222 0.3 0.0944444 0.296875 0.0944444 0.290625 0.0833333 0.289062 0.0833333 0.2875 0.0805556 0.284375 0.0805556 0.282813 0.0777778 0.279687 0.0777778 0.278125 0.075 0.275 0.075 0.271875 0.0694444 0.271875 0.0611111 0.400057
67 0.471875 0.0722222 0.471875 0.0805556 0.470313 0.0833333 0.465625 0.0833333 0.465625 0.425 0.470313 0.425 0.48125 0.444444 0.48125 0.447222 0.482812 0.45 0.482812 0.458333 0.782812 0.458333 0.782812 0.447222 0.785937 0.441667 0.7875 0.441667 0.792188 0.433333 0.792188 0.430556 0.79375 0.427778 0.79375 0.425 0.795313 0.422222 0.795313 0.416667 0.796875 0.413889 0.796875 0.319444 0.798437 0.316667 0.798437 0.130556 0.8 0.127778 0.8 0.0944444 0.801562 0.0916667 0.801562 0.0722222 0.827185
67 0.135937 0.0611111 0.135937 0.0694444 0.132812 0.075 0.13125 0.075 0.129688 0.0777778 0.128125 0.0777778 0.126563 0.0805556 0.123438 0.0805556 0.117188 0.0916667 0.115625 0.0916667 0.1125 0.0972222 0.110937 0.0972222 0.109375 0.1 0.107813 0.1 0.10625 0.102778 0.103125 0.102778 0.101562 0.105556 0.1 0.105556 0.096875 0.111111 0.0953125 0.111111 0.09375 0.113889 0.0921875 0.113889 0.0890625 0.119444 0.0875 0.119444 0.084375 0.125 0.0828125 0.125 0.08125 0.127778 0.0796875 0.127778 0.075 0.136111 0.0734375 0.136111 0.071875 0.138889 0.0703125 0.138889 0.06875 0.141667 0.0671875 0.141667 0.0609375 0.152778 0.059375 0.152778 0.04375 0.180556 0.0421875 0.180556 0.0375 0.188889 0.0375 0.191667 0.028125 0.208333 0.028125 0.211111 0.025 0.216667 0.025 0.219444 0.01875 0.230556 0.01875 0.233333 0.0125 0.244444 0.0125 0.247222 0.0109375 0.25 0.0109375 0.252778 0.0015625 0.269444 0 0.269444 0 0.625 0.0015625 0.625 0.003125 0.627778 0.003125 0.630556 0.0046875 0.633333 0.0046875 0.638889 0.009375 0.647222 0.009375 0.65 0.0109375 0.652778 0.0109375 0.655556 0.0125 0.658333 0.0125 0.661111 0.01875 0.672222 0.01875 0.675 0.0203125 0.677778 0.0203125 0.680556 0.0234375 0.686111 0.0234375 0.688889 0.028125 0.697222 0.028125 0.7 0.0296875 0.702778 0.0296875 0.705556 0.0359375 0.716667 0.0359375 0.719444 0.0390625 0.725 0.040625 0.725 0.0453125 0.733333 0.046875 0.733333 0.0515625 0.741667 0.053125 0.741667 0.0578125 0.75 0.059375 0.75 0.0609375 0.752778 0.0625 0.752778 0.0640625 0.755556 0.065625 0.755556 0.0703125 0.763889 0.071875 0.763889 0.075 0.769444 0.0765625 0.769444 0.078125 0.772222 0.0796875 0.772222 0.08125 0.775 0.0828125 0.775 0.084375 0.777778 0.0859375 0.777778 0.0875 0.780556 0.0890625 0.780556 0.090625 0.783333 0.0921875 0.783333 0.09375 0.786111 0.0953125 0.786111 0.096875 0.788889 0.0984375 0.788889 0.1 0.791667 0.103125 0.791667 0.104687 0.794444 0.10625 0.794444 0.107813 0.797222 0.109375 0.797222 0.110937 0.8 0.114063 0.8 0.115625 0.802778 0.117188 0.802778 0.120312 0.808333 0.123438 0.808333 0.125 0.811111 0.126563 0.811111 0.128125 0.813889 0.13125 0.813889 0.134375 0.819444 0.1375 0.819444 0.139062 0.822222 0.142188 0.822222 0.14375 0.825 0.145313 0.825 0.146875 0.827778 0.146875 0.836111 0.223438 0.836111 0.223438 0.827778 0.225 0.825 0.226562 0.825 0.228125 0.822222 0.23125 0.822222 0.232812 0.819444 0.2375 0.819444 0.239063 0.816667 0.240625 0.816667 0.242188 0.813889 0.24375 0.813889 0.245312 0.811111 0.251563 0.811111 0.253125 0.808333 0.25625 0.808333 0.257812 0.805556 0.259375 0.805556 0.260938 0.802778 0.264062 0.802778 0.265625 0.8 0.267188 0.8 0.26875 0.797222 0.270312 0.797222 0.271875 0.794444 0.273438 0.794444 0.275 0.791667 0.276563 0.791667 0.278125 0.788889 0.279687 0.788889 0.28125 0.786111 0.282813 0.786111 0.284375 0.783333 0.285937 0.783333 0.2875 0.780556 0.289062 0.780556 0.290625 0.777778 0.292188 0.777778 0.295312 0.772222 0.296875 0.772222 0.3 0.766667 0.301562 0.766667 0.303125 0.763889 0.304688 0.763889 0.30625 0.761111 0.307813 0.761111 0.309375 0.758333 0.310937 0.758333 0.3125 0.755556 0.314063 0.755556 0.321875 0.741667 0.323438 0.741667 0.34375 0.705556 0.34375 0.702778 0.346875 0.697222 0.348437 0.697222 0.35 0.694444 0.35 0.691667 0.354688 0.683333 0.354688 0.680556 0.365625 0.661111 0.365625 0.658333 0.367188 0.655556 0.367188 0.652778 0.370313 0.647222 0.370313 0.644444 0.373437 0.638889 0.373437 0.636111 0.375 0.633333 0.375 0.630556 0.378125 0.625 0.378125 0.622222 0.38125 0.616667 0.38125 0.613889 0.384375 0.608333 0.384375 0.605556 0.385938 0.602778 0.385938 0.6 0.389062 0.594444 0.389062 0.591667 0.390625 0.588889 0.390625 0.586111 0.392188 0.583333 0.392188 0.580556 0.39375 0.577778 0.39375 0.575 0.396875 0.569444 0.396875 0.566667 0.398438 0.563889 0.398438 0.558333 0.404687 0.547222 0.404687 0.544444 0.40625 0.541667 0.40625 0.508333 0.407813 0.505556 0.407813 0.477778 0.409375 0.475 0.409375 0.45 0.410937 0.447222 0.410937 0.438889 0.4125 0.436111 0.4125 0.369444 0.410937 0.366667 0.410937 0.352778 0.409375 0.35 0.409375 0.333333 0.407813 0.330556 0.407813 0.325 0.40625 0.322222 0.40625 0.313889 0.404687 0.311111 0.404687 0.305556 0.403125 0.302778 0.403125 0.3 0.401563 0.297222 0.401563 0.294444 0.4 0.291667 0.4 0.286111 0.398438 0.283333 0.398438 0.277778 0.396875 0.275 0.396875 0.272222 0.395312 0.269444 0.395312 0.266667 0.39375 0.263889 0.39375 0.261111 0.392188 0.258333 0.392188 0.255556 0.390625 0.252778 0.390625 0.25 0.3875 0.244444 0.3875 0.241667 0.385938 0.238889 0.385938 0.236111 0.384375 0.233333 0.384375 0.230556 0.38125 0.225 0.38125 0.222222 0.376563 0.213889 0.376563 0.211111 0.371875 0.202778 0.371875 0.2 0.370313 0.197222 0.370313 0.194444 0.367188 0.188889 0.367188 0.186111 0.364062 0.180556 0.364062 0.177778 0.35625 0.163889 0.35625 0.161111 0.354688 0.161111 0.348437 0.15 0.346875 0.15 0.34375 0.144444 0.342187 0.144444 0.339063 0.138889 0.3375 0.138889 0.335938 0.136111 0.334375 0.136111 0.33125 0.130556 0.33125 0.127778 0.325 0.116667 0.323438 0.116667 0.321875 0.113889 0.320312 0.113889 0.31875 0.111111 0.317187 0.111111 0.314063 0.105556 0.310937 0.105556 0.309375 0.102778 0.307813 0.102778 0.30625 0.1 0.304688 0.1 0.303125 0.0972222 0.301562 0.0972222 0.3 0.0944444 0.296875 0.0944444 0.290625 0.0833333 0.289062 0.0833333 0.2875 0.0805556 0.284375 0.0805556 0.282813 0.0777778 0.279687 0.0777778 0.278125 0.075 0.275 0.075 0.271875 0.0694444 0.271875 0.0611111 0.458669
12 0.135937 0.0611111 0.135937 0.0694444 0.132812 0.075 0.13125 0.075 0.129688 0.0777778 0.128125 0.0777778 0.126563 0.0805556 0.123438 0.0805556 0.117188 0.0916667 0.115625 0.0916667 0.1125 0.0972222 0.110937 0.0972222 0.109375 0.1 0.107813 0.1 0.10625 0.102778 0.103125 0.102778 0.101562 0.105556 0.1 0.105556 0.096875 0.111111 0.0953125 0.111111 0.09375 0.113889 0.0921875 0.113889 0.0890625 0.119444 0.0875 0.119444 0.084375 0.125 0.0828125 0.125 0.08125 0.127778 0.0796875 0.127778 0.075 0.136111 0.0734375 0.136111 0.071875 0.138889 0.0703125 0.138889 0.06875 0.141667 0.0671875 0.141667 0.0609375 0.152778 0.059375 0.152778 0.04375 0.180556 0.0421875 0.180556 0.0375 0.188889 0.0375 0.191667 0.028125 0.208333 0.028125 0.211111 0.025 0.216667 0.025 0.219444 0.01875 0.230556 0.01875 0.233333 0.0125 0.244444 0.0125 0.247222 0.0109375 0.25 0.0109375 0.252778 0.0015625 0.269444 0 0.269444 0 0.625 0.0015625 0.625 0.003125 0.627778 0.003125 0.630556 0.0046875 0.633333 0.0046875 0.638889 0.009375 0.647222 0.009375 0.65 0.0109375 0.652778 0.0109375 0.655556 0.0125 0.658333 0.0125 0.661111 0.01875 0.672222 0.01875 0.675 0.0203125 0.677778 0.0203125 0.680556 0.0234375 0.686111 0.0234375 0.688889 0.028125 0.697222 0.028125 0.7 0.0296875 0.702778 0.0296875 0.705556 0.0359375 0.716667 0.0359375 0.719444 0.0390625 0.725 0.040625 0.725 0.0453125 0.733333 0.046875 0.733333 0.0515625 0.741667 0.053125 0.741667 0.0578125 0.75 0.059375 0.75 0.0609375 0.752778 0.0625 0.752778 0.0640625 0.755556 0.065625 0.755556 0.0703125 0.763889 0.071875 0.763889 0.075 0.769444 0.0765625 0.769444 0.078125 0.772222 0.0796875 0.772222 0.08125 0.775 0.0828125 0.775 0.084375 0.777778 0.0859375 0.777778 0.0875 0.780556 0.0890625 0.780556 0.090625 0.783333 0.0921875 0.783333 0.09375 0.786111 0.0953125 0.786111 0.096875 0.788889 0.0984375 0.788889 0.1 0.791667 0.103125 0.791667 0.104687 0.794444 0.10625 0.794444 0.107813 0.797222 0.109375 0.797222 0.110937 0.8 0.114063 0.8 0.115625 0.802778 0.117188 0.802778 0.120312 0.808333 0.123438 0.808333 0.125 0.811111 0.126563 0.811111 0.128125 0.813889 0.13125 0.813889 0.134375 0.819444 0.1375 0.819444 0.139062 0.822222 0.142188 0.822222 0.14375 0.825 0.145313 0.825 0.146875 0.827778 0.146875 0.836111 0.223438 0.836111 0.223438 0.827778 0.225 0.825 0.226562 0.825 0.228125 0.822222 0.23125 0.822222 0.232812 0.819444 0.2375 0.819444 0.239063 0.816667 0.240625 0.816667 0.242188 0.813889 0.24375 0.813889 0.245312 0.811111 0.251563 0.811111 0.253125 0.808333 0.25625 0.808333 0.257812 0.805556 0.259375 0.805556 0.260938 0.802778 0.264062 0.802778 0.265625 0.8 0.267188 0.8 0.26875 0.797222 0.270312 0.797222 0.271875 0.794444 0.273438 0.794444 0.275 0.791667 0.276563 0.791667 0.278125 0.788889 0.279687 0.788889 0.28125 0.786111 0.282813 0.786111 0.284375 0.783333 0.285937 0.783333 0.2875 0.780556 0.289062 0.780556 0.290625 0.777778 0.292188 0.777778 0.295312 0.772222 0.296875 0.772222 0.3 0.766667 0.301562 0.766667 0.303125 0.763889 0.304688 0.763889 0.30625 0.761111 0.307813 0.761111 0.309375 0.758333 0.310937 0.758333 0.3125 0.755556 0.314063 0.755556 0.321875 0.741667 0.323438 0.741667 0.34375 0.705556 0.34375 0.702778 0.346875 0.697222 0.348437 0.697222 0.35 0.694444 0.35 0.691667 0.354688 0.683333 0.354688 0.680556 0.365625 0.661111 0.365625 0.658333 0.367188 0.655556 0.367188 0.652778 0.370313 0.647222 0.370313 0.644444 0.373437 0.638889 0.373437 0.636111 0.375 0.633333 0.375 0.630556 0.378125 0.625 0.378125 0.622222 0.38125 0.616667 0.38125 0.613889 0.384375 0.608333 0.384375 0.605556 0.385938 0.602778 0.385938 0.6 0.389062 0.594444 0.389062 0.591667 0.390625 0.588889 0.390625 0.586111 0.392188 0.583333 0.392188 0.580556 0.39375 0.577778 0.39375 0.575 0.396875 0.569444 0.396875 0.566667 0.398438 0.563889 0.398438 0.558333 0.404687 0.547222 0.404687 0.544444 0.40625 0.541667 0.40625 0.508333 0.407813 0.505556 0.407813 0.477778 0.409375 0.475 0.409375 0.45 0.410937 0.447222 0.410937 0.438889 0.4125 0.436111 0.4125 0.369444 0.410937 0.366667 0.410937 0.352778 0.409375 0.35 0.409375 0.333333 0.407813 0.330556 0.407813 0.325 0.40625 0.322222 0.40625 0.313889 0.404687 0.311111 0.404687 0.305556 0.403125 0.302778 0.403125 0.3 0.401563 0.297222 0.401563 0.294444 0.4 0.291667 0.4 0.286111 0.398438 0.283333 0.398438 0.277778 0.396875 0.275 0.396875 0.272222 0.395312 0.269444 0.395312 0.266667 0.39375 0.263889 0.39375 0.261111 0.392188 0.258333 0.392188 0.255556 0.390625 0.252778 0.390625 0.25 0.3875 0.244444 0.3875 0.241667 0.385938 0.238889 0.385938 0.236111 0.384375 0.233333 0.384375 0.230556 0.38125 0.225 0.38125 0.222222 0.376563 0.213889 0.376563 0.211111 0.371875 0.202778 0.371875 0.2 0.370313 0.197222 0.370313 0.194444 0.367188 0.188889 0.367188 0.186111 0.364062 0.180556 0.364062 0.177778 0.35625 0.163889 0.35625 0.161111 0.354688 0.161111 0.348437 0.15 0.346875 0.15 0.34375 0.144444 0.342187 0.144444 0.339063 0.138889 0.3375 0.138889 0.335938 0.136111 0.334375 0.136111 0.33125 0.130556 0.33125 0.127778 0.325 0.116667 0.323438 0.116667 0.321875 0.113889 0.320312 0.113889 0.31875 0.111111 0.317187 0.111111 0.314063 0.105556 0.310937 0.105556 0.309375 0.102778 0.307813 0.102778 0.30625 0.1 0.304688 0.1 0.303125 0.0972222 0.301562 0.0972222 0.3 0.0944444 0.296875 0.0944444 0.290625 0.0833333 0.289062 0.0833333 0.2875 0.0805556 0.284375 0.0805556 0.282813 0.0777778 0.279687 0.0777778 0.278125 0.075 0.275 0.075 0.271875 0.0694444 0.271875 0.0611111 0.400057
67 0.471875 0.0722222 0.471875 0.0805556 0.470313 0.0833333 0.465625 0.0833333 0.465625 0.425 0.470313 0.425 0.48125 0.444444 0.48125 0.447222 0.482812 0.45 0.482812 0.458333 0.782812 0.458333 0.782812 0.447222 0.785937 0.441667 0.7875 0.441667 0.792188 0.433333 0.792188 0.430556 0.79375 0.427778 0.79375 0.425 0.795313 0.422222 0.795313 0.416667 0.796875 0.413889 0.796875 0.319444 0.798437 0.316667 0.798437 0.130556 0.8 0.127778 0.8 0.0944444 0.801562 0.0916667 0.801562 0.0722222 0.827185
67 0.135937 0.0611111 0.135937 0.0694444 0.132812 0.075 0.13125 0.075 0.129688 0.0777778 0.128125 0.0777778 0.126563 0.0805556 0.123438 0.0805556 0.117188 0.0916667 0.115625 0.0916667 0.1125 0.0972222 0.110937 0.0972222 0.109375 0.1 0.107813 0.1 0.10625 0.102778 0.103125 0.102778 0.101562 0.105556 0.1 0.105556 0.096875 0.111111 0.0953125 0.111111 0.09375 0.113889 0.0921875 0.113889 0.0890625 0.119444 0.0875 0.119444 0.084375 0.125 0.0828125 0.125 0.08125 0.127778 0.0796875 0.127778 0.075 0.136111 0.0734375 0.136111 0.071875 0.138889 0.0703125 0.138889 0.06875 0.141667 0.0671875 0.141667 0.0609375 0.152778 0.059375 0.152778 0.04375 0.180556 0.0421875 0.180556 0.0375 0.188889 0.0375 0.191667 0.028125 0.208333 0.028125 0.211111 0.025 0.216667 0.025 0.219444 0.01875 0.230556 0.01875 0.233333 0.0125 0.244444 0.0125 0.247222 0.0109375 0.25 0.0109375 0.252778 0.0015625 0.269444 0 0.269444 0 0.625 0.0015625 0.625 0.003125 0.627778 0.003125 0.630556 0.0046875 0.633333 0.0046875 0.638889 0.009375 0.647222 0.009375 0.65 0.0109375 0.652778 0.0109375 0.655556 0.0125 0.658333 0.0125 0.661111 0.01875 0.672222 0.01875 0.675 0.0203125 0.677778 0.0203125 0.680556 0.0234375 0.686111 0.0234375 0.688889 0.028125 0.697222 0.028125 0.7 0.0296875 0.702778 0.0296875 0.705556 0.0359375 0.716667 0.0359375 0.719444 0.0390625 0.725 0.040625 0.725 0.0453125 0.733333 0.046875 0.733333 0.0515625 0.741667 0.053125 0.741667 0.0578125 0.75 0.059375 0.75 0.0609375 0.752778 0.0625 0.752778 0.0640625 0.755556 0.065625 0.755556 0.0703125 0.763889 0.071875 0.763889 0.075 0.769444 0.0765625 0.769444 0.078125 0.772222 0.0796875 0.772222 0.08125 0.775 0.0828125 0.775 0.084375 0.777778 0.0859375 0.777778 0.0875 0.780556 0.0890625 0.780556 0.090625 0.783333 0.0921875 0.783333 0.09375 0.786111 0.0953125 0.786111 0.096875 0.788889 0.0984375 0.788889 0.1 0.791667 0.103125 0.791667 0.104687 0.794444 0.10625 0.794444 0.107813 0.797222 0.109375 0.797222 0.110937 0.8 0.114063 0.8 0.115625 0.802778 0.117188 0.802778 0.120312 0.808333 0.123438 0.808333 0.125 0.811111 0.126563 0.811111 0.128125 0.813889 0.13125 0.813889 0.134375 0.819444 0.1375 0.819444 0.139062 0.822222 0.142188 0.822222 0.14375 0.825 0.145313 0.825 0.146875 0.827778 0.146875 0.836111 0.223438 0.836111 0.223438 0.827778 0.225 0.825 0.226562 0.825 0.228125 0.822222 0.23125 0.822222 0.232812 0.819444 0.2375 0.819444 0.239063 0.816667 0.240625 0.816667 0.242188 0.813889 0.24375 0.813889 0.245312 0.811111 0.251563 0.811111 0.253125 0.808333 0.25625 0.808333 0.257812 0.805556 0.259375 0.805556 0.260938 0.802778 0.264062 0.802778 0.265625 0.8 0.267188 0.8 0.26875 0.797222 0.270312 0.797222 0.271875 0.794444 0.273438 0.794444 0.275 0.791667 0.276563 0.791667 0.278125 0.788889 0.279687 0.788889 0.28125 0.786111 0.282813 0.786111 0.284375 0.783333 0.285937 0.783333 0.2875 0.780556 0.289062 0.780556 0.290625 0.777778 0.292188 0.777778 0.295312 0.772222 0.296875 0.772222 0.3 0.766667 0.301562 0.766667 0.303125 0.763889 0.304688 0.763889 0.30625 0.761111 0.307813 0.761111 0.309375 0.758333 0.310937 0.758333 0.3125 0.755556 0.314063 0.755556 0.321875 0.741667 0.323438 0.741667 0.34375 0.705556 0.34375 0.702778 0.346875 0.697222 0.348437 0.697222 0.35 0.694444 0.35 0.691667 0.354688 0.683333 0.354688 0.680556 0.365625 0.661111 0.365625 0.658333 0.367188 0.655556 0.367188 0.652778 0.370313 0.647222 0.370313 0.644444 0.373437 0.638889 0.373437 0.636111 0.375 0.633333 0.375 0.630556 0.378125 0.625 0.378125 0.622222 0.38125 0.616667 0.38125 0.613889 0.384375 0.608333 0.384375 0.605556 0.385938 0.602778 0.385938 0.6 0.389062 0.594444 0.389062 0.591667 0.390625 0.588889 0.390625 0.586111 0.392188 0.583333 0.392188 0.580556 0.39375 0.577778 0.39375 0.575 0.396875 0.569444 0.396875 0.566667 0.398438 0.563889 0.398438 0.558333 0.404687 0.547222 0.404687 0.544444 0.40625 0.541667 0.40625 0.508333 0.407813 0.505556 0.407813 0.477778 0.409375 0.475 0.409375 0.45 0.410937 0.447222 0.410937 0.438889 0.4125 0.436111 0.4125 0.369444 0.410937 0.366667 0.410937 0.352778 0.409375 0.35 0.409375 0.333333 0.407813 0.330556 0.407813 0.325 0.40625 0.322222 0.40625 0.313889 0.404687 0.311111 0.404687 0.305556 0.403125 0.302778 0.403125 0.3 0.401563 0.297222 0.401563 0.294444 0.4 0.291667 0.4 0.286111 0.398438 0.283333 0.398438 0.277778 0.396875 0.275 0.396875 0.272222 0.395312 0.269444 0.395312 0.266667 0.39375 0.263889 0.39375 0.261111 0.392188 0.258333 0.392188 0.255556 0.390625 0.252778 0.390625 0.25 0.3875 0.244444 0.3875 0.241667 0.385938 0.238889 0.385938 0.236111 0.384375 0.233333 0.384375 0.230556 0.38125 0.225 0.38125 0.222222 0.376563 0.213889 0.376563 0.211111 0.371875 0.202778 0.371875 0.2 0.370313 0.197222 0.370313 0.194444 0.367188 0.188889 0.367188 0.186111 0.364062 0.180556 0.364062 0.177778 0.35625 0.163889 0.35625 0.161111 0.354688 0.161111 0.348437 0.15 0.346875 0.15 0.34375 0.144444 0.342187 0.144444 0.339063 0.138889 0.3375 0.138889 0.335938 0.136111 0.334375 0.136111 0.33125 0.130556 0.33125 0.127778 0.325 0.116667 0.323438 0.116667 0.321875 0.113889 0.320312 0.113889 0.31875 0.111111 0.317187 0.111111 0.314063 0.105556 0.310937 0.105556 0.309375 0.102778 0.307813 0.102778 0.30625 0.1 0.304688 0.1 0.303125 0.0972222 0.301562 0.0972222 0.3 0.0944444 0.296875 0.0944444 0.290625 0.0833333 0.289062 0.0833333 0.2875 0.0805556 0.284375 0.0805556 0.282813 0.0777778 0.279687 0.0777778 0.278125 0.075 0.275 0.075 0.271875 0.0694444 0.271875 0.0611111 0.458669
12 0.135937 0.0611111 0.135937 0.0694444 0.132812 0.075 0.13125 0.075 0.129688 0.0777778 0.128125 0.0777778 0.126563 0.0805556 0.123438 0.0805556 0.117188 0.0916667 0.115625 0.0916667 0.1125 0.0972222 0.110937 0.0972222 0.109375 0.1 0.107813 0.1 0.10625 0.102778 0.103125 0.102778 0.101562 0.105556 0.1 0.105556 0.096875 0.111111 0.0953125 0.111111 0.09375 0.113889 0.0921875 0.113889 0.0890625 0.119444 0.0875 0.119444 0.084375 0.125 0.0828125 0.125 0.08125 0.127778 0.0796875 0.127778 0.075 0.136111 0.0734375 0.136111 0.071875 0.138889 0.0703125 0.138889 0.06875 0.141667 0.0671875 0.141667 0.0609375 0.152778 0.059375 0.152778 0.04375 0.180556 0.0421875 0.180556 0.0375 0.188889 0.0375 0.191667 0.028125 0.208333 0.028125 0.211111 0.025 0.216667 0.025 0.219444 0.01875 0.230556 0.01875 0.233333 0.0125 0.244444 0.0125 0.247222 0.0109375 0.25 0.0109375 0.252778 0.0015625 0.269444 0 0.269444 0 0.625 0.0015625 0.625 0.003125 0.627778 0.003125 0.630556 0.0046875 0.633333 0.0046875 0.638889 0.009375 0.647222 0.009375 0.65 0.0109375 0.652778 0.0109375 0.655556 0.0125 0.658333 0.0125 0.661111 0.01875 0.672222 0.01875 0.675 0.0203125 0.677778 0.0203125 0.680556 0.0234375 0.686111 0.0234375 0.688889 0.028125 0.697222 0.028125 0.7 0.0296875 0.702778 0.0296875 0.705556 0.0359375 0.716667 0.0359375 0.719444 0.0390625 0.725 0.040625 0.725 0.0453125 0.733333 0.046875 0.733333 0.0515625 0.741667 0.053125 0.741667 0.0578125 0.75 0.059375 0.75 0.0609375 0.752778 0.0625 0.752778 0.0640625 0.755556 0.065625 0.755556 0.0703125 0.763889 0.071875 0.763889 0.075 0.769444 0.0765625 0.769444 0.078125 0.772222 0.0796875 0.772222 0.08125 0.775 0.0828125 0.775 0.084375 0.777778 0.0859375 0.777778 0.0875 0.780556 0.0890625 0.780556 0.090625 0.783333 0.0921875 0.783333 0.09375 0.786111 0.0953125 0.786111 0.096875 0.788889 0.0984375 0.788889 0.1 0.791667 0.103125 0.791667 0.104687 0.794444 0.10625 0.794444 0.107813 0.797222 0.109375 0.797222 0.110937 0.8 0.114063 0.8 0.115625 0.802778 0.117188 0.802778 0.120312 0.808333 0.123438 0.808333 0.125 0.811111 0.126563 0.811111 0.128125 0.813889 0.13125 0.813889 0.134375 0.819444 0.1375 0.819444 0.139062 0.822222 0.142188 0.822222 0.14375 0.825 0.145313 0.825 0.146875 0.827778 0.146875 0.836111 0.223438 0.836111 0.223438 0.827778 0.225 0.825 0.226562 0.825 0.228125 0.822222 0.23125 0.822222 0.232812 0.819444 0.2375 0.819444 0.239063 0.816667 0.240625 0.816667 0.242188 0.813889 0.24375 0.813889 0.245312 0.811111 0.251563 0.811111 0.253125 0.808333 0.25625 0.808333 0.257812 0.805556 0.259375 0.805556 0.260938 0.802778 0.264062 0.802778 0.265625 0.8 0.267188 0.8 0.26875 0.797222 0.270312 0.797222 0.271875 0.794444 0.273438 0.794444 0.275 0.791667 0.276563 0.791667 0.278125 0.788889 0.279687 0.788889 0.28125 0.786111 0.282813 0.786111 0.284375 0.783333 0.285937 0.783333 0.2875 0.780556 0.289062 0.780556 0.290625 0.777778 0.292188 0.777778 0.295312 0.772222 0.296875 0.772222 0.3 0.766667 0.301562 0.766667 0.303125 0.763889 0.304688 0.763889 0.30625 0.761111 0.307813 0.761111 0.309375 0.758333 0.310937 0.758333 0.3125 0.755556 0.314063 0.755556 0.321875 0.741667 0.323438 0.741667 0.34375 0.705556 0.34375 0.702778 0.346875 0.697222 0.348437 0.697222 0.35 0.694444 0.35 0.691667 0.354688 0.683333 0.354688 0.680556 0.365625 0.661111 0.365625 0.658333 0.367188 0.655556 0.367188 0.652778 0.370313 0.647222 0.370313 0.644444 0.373437 0.638889 0.373437 0.636111 0.375 0.633333 0.375 0.630556 0.378125 0.625 0.378125 0.622222 0.38125 0.616667 0.38125 0.613889 0.384375 0.608333 0.384375 0.605556 0.385938 0.602778 0.385938 0.6 0.389062 0.594444 0.389062 0.591667 0.390625 0.588889 0.390625 0.586111 0.392188 0.583333 0.392188 0.580556 0.39375 0.577778 0.39375 0.575 0.396875 0.569444 0.396875 0.566667 0.398438 0.563889 0.398438 0.558333 0.404687 0.547222 0.404687 0.544444 0.40625 0.541667 0.40625 0.508333 0.407813 0.505556 0.407813 0.477778 0.409375 0.475 0.409375 0.45 0.410937 0.447222 0.410937 0.438889 0.4125 0.436111 0.4125 0.369444 0.410937 0.366667 0.410937 0.352778 0.409375 0.35 0.409375 0.333333 0.407813 0.330556 0.407813 0.325 0.40625 0.322222 0.40625 0.313889 0.404687 0.311111 0.404687 0.305556 0.403125 0.302778 0.403125 0.3 0.401563 0.297222 0.401563 0.294444 0.4 0.291667 0.4 0.286111 0.398438 0.283333 0.398438 0.277778 0.396875 0.275 0.396875 0.272222 0.395312 0.269444 0.395312 0.266667 0.39375 0.263889 0.39375 0.261111 0.392188 0.258333 0.392188 0.255556 0.390625 0.252778 0.390625 0.25 0.3875 0.244444 0.3875 0.241667 0.385938 0.238889 0.385938 0.236111 0.384375 0.233333 0.384375 0.230556 0.38125 0.225 0.38125 0.222222 0.376563 0.213889 0.376563 0.211111 0.371875 0.202778 0.371875 0.2 0.370313 0.197222 0.370313 0.194444 0.367188 0.188889 0.367188 0.186111 0.364062 0.180556 0.364062 0.177778 0.35625 0.163889 0.35625 0.161111 0.354688 0.161111 0.348437 0.15 0.346875 0.15 0.34375 0.144444 0.342187 0.144444 0.339063 0.138889 0.3375 0.138889 0.335938 0.136111 0.334375 0.136111 0.33125 0.130556 0.33125 0.127778 0.325 0.116667 0.323438 0.116667 0.321875 0.113889 0.320312 0.113889 0.31875 0.111111 0.317187 0.111111 0.314063 0.105556 0.310937 0.105556 0.309375 0.102778 0.307813 0.102778 0.30625 0.1 0.304688 0.1 0.303125 0.0972222 0.301562 0.0972222 0.3 0.0944444 0.296875 0.0944444 0.290625 0.0833333 0.289062 0.0833333 0.2875 0.0805556 0.284375 0.0805556 0.282813 0.0777778 0.279687 0.0777778 0.278125 0.075 0.275 0.075 0.271875 0.0694444 0.271875 0.0611111 0.400057
67 0.471875 0.0722222 0.471875 0.0805556 0.470313 0.0833333 0.465625 0.0833333 0.465625 0.425 0.470313 0.425 0.48125 0.444444 0.48125 0.447222 0.482812 0.45 0.482812 0.458333 0.782812 0.458333 0.782812 0.447222 0.785937 0.441667 0.7875 0.441667 0.792188 0.433333 0.792188 0.430556 0.79375 0.427778 0.79375 0.425 0.795313 0.422222 0.795313 0.416667 0.796875 0.413889 0.796875 0.319444 0.798437 0.316667 0.798437 0.130556 0.8 0.127778 0.8 0.0944444 0.801562 0.0916667 0.801562 0.0722222 0.827185
67 0.135937 0.0611111 0.135937 0.0694444 0.132812 0.075 0.13125 0.075 0.129688 0.0777778 0.128125 0.0777778 0.126563 0.0805556 0.123438 0.0805556 0.117188 0.0916667 0.115625 0.0916667 0.1125 0.0972222 0.110937 0.0972222 0.109375 0.1 0.107813 0.1 0.10625 0.102778 0.103125 0.102778 0.101562 0.105556 0.1 0.105556 0.096875 0.111111 0.0953125 0.111111 0.09375 0.113889 0.0921875 0.113889 0.0890625 0.119444 0.0875 0.119444 0.084375 0.125 0.0828125 0.125 0.08125 0.127778 0.0796875 0.127778 0.075 0.136111 0.0734375 0.136111 0.071875 0.138889 0.0703125 0.138889 0.06875 0.141667 0.0671875 0.141667 0.0609375 0.152778 0.059375 0.152778 0.04375 0.180556 0.0421875 0.180556 0.0375 0.188889 0.0375 0.191667 0.028125 0.208333 0.028125 0.211111 0.025 0.216667 0.025 0.219444 0.01875 0.230556 0.01875 0.233333 0.0125 0.244444 0.0125 0.247222 0.0109375 0.25 0.0109375 0.252778 0.0015625 0.269444 0 0.269444 0 0.625 0.0015625 0.625 0.003125 0.627778 0.003125 0.630556 0.0046875 0.633333 0.0046875 0.638889 0.009375 0.647222 0.009375 0.65 0.0109375 0.652778 0.0109375 0.655556 0.0125 0.658333 0.0125 0.661111 0.01875 0.672222 0.01875 0.675 0.0203125 0.677778 0.0203125 0.680556 0.0234375 0.686111 0.0234375 0.688889 0.028125 0.697222 0.028125 0.7 0.0296875 0.702778 0.0296875 0.705556 0.0359375 0.716667 0.0359375 0.719444 0.0390625 0.725 0.040625 0.725 0.0453125 0.733333 0.046875 0.733333 0.0515625 0.741667 0.053125 0.741667 0.0578125 0.75 0.059375 0.75 0.0609375 0.752778 0.0625 0.752778 0.0640625 0.755556 0.065625 0.755556 0.0703125 0.763889 0.071875 0.763889 0.075 0.769444 0.0765625 0.769444 0.078125 0.772222 0.0796875 0.772222 0.08125 0.775 0.0828125 0.775 0.084375 0.777778 0.0859375 0.777778 0.0875 0.780556 0.0890625 0.780556 0.090625 0.783333 0.0921875 0.783333 0.09375 0.786111 0.0953125 0.786111 0.096875 0.788889 0.0984375 0.788889 0.1 0.791667 0.103125 0.791667 0.104687 0.794444 0.10625 0.794444 0.107813 0.797222 0.109375 0.797222 0.110937 0.8 0.114063 0.8 0.115625 0.802778 0.117188 0.802778 0.120312 0.808333 0.123438 0.808333 0.125 0.811111 0.126563 0.811111 0.128125 0.813889 0.13125 0.813889 0.134375 0.819444 0.1375 0.819444 0.139062 0.822222 0.142188 0.822222 0.14375 0.825 0.145313 0.825 0.146875 0.827778 0.146875 0.836111 0.223438 0.836111 0.223438 0.827778 0.225 0.825 0.226562 0.825 0.228125 0.822222 0.23125 0.822222 0.232812 0.819444 0.2375 0.819444 0.239063 0.816667 0.240625 0.816667 0.242188 0.813889 0.24375 0.813889 0.245312 0.811111 0.251563 0.811111 0.253125 0.808333 0.25625 0.808333 0.257812 0.805556 0.259375 0.805556 0.260938 0.802778 0.264062 0.802778 0.265625 0.8 0.267188 0.8 0.26875 0.797222 0.270312 0.797222 0.271875 0.794444 0.273438 0.794444 0.275 0.791667 0.276563 0.791667 0.278125 0.788889 0.279687 0.788889 0.28125 0.786111 0.282813 0.786111 0.284375 0.783333 0.285937 0.783333 0.2875 0.780556 0.289062 0.780556 0.290625 0.777778 0.292188 0.777778 0.295312 0.772222 0.296875 0.772222 0.3 0.766667 0.301562 0.766667 0.303125 0.763889 0.304688 0.763889 0.30625 0.761111 0.307813 0.761111 0.309375 0.758333 0.310937 0.758333 0.3125 0.755556 0.314063 0.755556 0.321875 0.741667 0.323438 0.741667 0.34375 0.705556 0.34375 0.702778 0.346875 0.697222 0.348437 0.697222 0.35 0.694444 0.35 0.691667 0.354688 0.683333 0.354688 0.680556 0.365625 0.661111 0.365625 0.658333 0.367188 0.655556 0.367188 0.652778 0.370313 0.647222 0.370313 0.644444 0.373437 0.638889 0.373437 0.636111 0.375 0.633333 0.375 0.630556 0.378125 0.625 0.378125 0.622222 0.38125 0.616667 0.38125 0.613889 0.384375 0.608333 0.384375 0.605556 0.385938 0.602778 0.385938 0.6 0.389062 0.594444 0.389062 0.591667 0.390625 0.588889 0.390625 0.586111 0.392188 0.583333 0.392188 0.580556 0.39375 0.577778 0.39375 0.575 0.396875 0.569444 0.396875 0.566667 0.398438 0.563889 0.398438 0.558333 0.404687 0.547222 0.404687 0.544444 0.40625 0.541667 0.40625 0.508333 0.407813 0.505556 0.407813 0.477778 0.409375 0.475 0.409375 0.45 0.410937 0.447222 0.410937 0.438889 0.4125 0.436111 0.4125 0.369444 0.410937 0.366667 0.410937 0.352778 0.409375 0.35 0.409375 0.333333 0.407813 0.330556 0.407813 0.325 0.40625 0.322222 0.40625 0.313889 0.404687 0.311111 0.404687 0.305556 0.403125 0.302778 0.403125 0.3 0.401563 0.297222 0.401563 0.294444 0.4 0.291667 0.4 0.286111 0.398438 0.283333 0.398438 0.277778 0.396875 0.275 0.396875 0.272222 0.395312 0.269444 0.395312 0.266667 0.39375 0.263889 0.39375 0.261111 0.392188 0.258333 0.392188 0.255556 0.390625 0.252778 0.390625 0.25 0.3875 0.244444 0.3875 0.241667 0.385938 0.238889 0.385938 0.236111 0.384375 0.233333 0.384375 0.230556 0.38125 0.225 0.38125 0.222222 0.376563 0.213889 0.376563 0.211111 0.371875 0.202778 0.371875 0.2 0.370313 0.197222 0.370313 0.194444 0.367188 0.188889 0.367188 0.186111 0.364062 0.180556 0.364062 0.177778 0.35625 0.163889 0.35625 0.161111 0.354688 0.161111 0.348437 0.15 0.346875 0.15 0.34375 0.144444 0.342187 0.144444 0.339063 0.138889 0.3375 0.138889 0.335938 0.136111 0.334375 0.136111 0.33125 0.130556 0.33125 0.127778 0.325 0.116667 0.323438 0.116667 0.321875 0.113889 0.320312 0.113889 0.31875 0.111111 0.317187 0.111111 0.314063 0.105556 0.310937 0.105556 0.309375 0.102778 0.307813 0.102778 0.30625 0.1 0.304688 0.1 0.303125 0.0972222 0.301562 0.0972222 0.3 0.0944444 0.296875 0.0944444 0.290625 0.0833333 0.289062 0.0833333 0.2875 0.0805556 0.284375 0.0805556 0.282813 0.0777778 0.279687 0.0777778 0.278125 0.075 0.275 0.075 0.271875 0.0694444 0.271875 0.0611111 0.458669
12 0.135937 0.0611111 0.135937 0.0694444 0.132812 0.075 0.13125 0.075 0.129688 0.0777778 0.128125 0.0777778 0.126563 0.0805556 0.123438 0.0805556 0.117188 0.0916667 0.115625 0.0916667 0.1125 0.0972222 0.110937 0.0972222 0.109375 0.1 0.107813 0.1 0.10625 0.102778 0.103125 0.102778 0.101562 0.105556 0.1 0.105556 0.096875 0.111111 0.0953125 0.111111 0.09375 0.113889 0.0921875 0.113889 0.0890625 0.119444 0.0875 0.119444 0.084375 0.125 0.0828125 0.125 0.08125 0.127778 0.0796875 0.127778 0.075 0.136111 0.0734375 0.136111 0.071875 0.138889 0.0703125 0.138889 0.06875 0.141667 0.0671875 0.141667 0.0609375 0.152778 0.059375 0.152778 0.04375 0.180556 0.0421875 0.180556 0.0375 0.188889 0.0375 0.191667 0.028125 0.208333 0.028125 0.211111 0.025 0.216667 0.025 0.219444 0.01875 0.230556 0.01875 0.233333 0.0125 0.244444 0.0125 0.247222 0.0109375 0.25 0.0109375 0.252778 0.0015625 0.269444 0 0.269444 0 0.625 0.0015625 0.625 0.003125 0.627778 0.003125 0.630556 0.0046875 0.633333 0.0046875 0.638889 0.009375 0.647222 0.009375 0.65 0.0109375 0.652778 0.0109375 0.655556 0.0125 0.658333 0.0125 0.661111 0.01875 0.672222 0.01875 0.675 0.0203125 0.677778 0.0203125 0.680556 0.0234375 0.686111 0.0234375 0.688889 0.028125 0.697222 0.028125 0.7 0.0296875 0.702778 0.0296875 0.705556 0.0359375 0.716667 0.0359375 0.719444 0.0390625 0.725 0.040625 0.725 0.0453125 0.733333 0.046875 0.733333 0.0515625 0.741667 0.053125 0.741667 0.0578125 0.75 0.059375 0.75 0.0609375 0.752778 0.0625 0.752778 0.0640625 0.755556 0.065625 0.755556 0.0703125 0.763889 0.071875 0.763889 0.075 0.769444 0.0765625 0.769444 0.078125 0.772222 0.0796875 0.772222 0.08125 0.775 0.0828125 0.775 0.084375 0.777778 0.0859375 0.777778 0.0875 0.780556 0.0890625 0.780556 0.090625 0.783333 0.0921875 0.783333 0.09375 0.786111 0.0953125 0.786111 0.096875 0.788889 0.0984375 0.788889 0.1 0.791667 0.103125 0.791667 0.104687 0.794444 0.10625 0.794444 0.107813 0.797222 0.109375 0.797222 0.110937 0.8 0.114063 0.8 0.115625 0.802778 0.117188 0.802778 0.120312 0.808333 0.123438 0.808333 0.125 0.811111 0.126563 0.811111 0.128125 0.813889 0.13125 0.813889 0.134375 0.819444 0.1375 0.819444 0.139062 0.822222 0.142188 0.822222 0.14375 0.825 0.145313 0.825 0.146875 0.827778 0.146875 0.836111 0.223438 0.836111 0.223438 0.827778 0.225 0.825 0.226562 0.825 0.228125 0.822222 0.23125 0.822222 0.232812 0.819444 0.2375 0.819444 0.239063 0.816667 0.240625 0.816667 0.242188 0.813889 0.24375 0.813889 0.245312 0.811111 0.251563 0.811111 0.253125 0.808333 0.25625 0.808333 0.257812 0.805556 0.259375 0.805556 0.260938 0.802778 0.264062 0.802778 0.265625 0.8 0.267188 0.8 0.26875 0.797222 0.270312 0.797222 0.271875 0.794444 0.273438 0.794444 0.275 0.791667 0.276563 0.791667 0.278125 0.788889 0.279687 0.788889 0.28125 0.786111 0.282813 0.786111 0.284375 0.783333 0.285937 0.783333 0.2875 0.780556 0.289062 0.780556 0.290625 0.777778 0.292188 0.777778 0.295312 0.772222 0.296875 0.772222 0.3 0.766667 0.301562 0.766667 0.303125 0.763889 0.304688 0.763889 0.30625 0.761111 0.307813 0.761111 0.309375 0.758333 0.310937 0.758333 0.3125 0.755556 0.314063 0.755556 0.321875 0.741667 0.323438 0.741667 0.34375 0.705556 0.34375 0.702778 0.346875 0.697222 0.348437 0.697222 0.35 0.694444 0.35 0.691667 0.354688 0.683333 0.354688 0.680556 0.365625 0.661111 0.365625 0.658333 0.367188 0.655556 0.367188 0.652778 0.370313 0.647222 0.370313 0.644444 0.373437 0.638889 0.373437 0.636111 0.375 0.633333 0.375 0.630556 0.378125 0.625 0.378125 0.622222 0.38125 0.616667 0.38125 0.613889 0.384375 0.608333 0.384375 0.605556 0.385938 0.602778 0.385938 0.6 0.389062 0.594444 0.389062 0.591667 0.390625 0.588889 0.390625 0.586111 0.392188 0.583333 0.392188 0.580556 0.39375 0.577778 0.39375 0.575 0.396875 0.569444 0.396875 0.566667 0.398438 0.563889 0.398438 0.558333 0.404687 0.547222 0.404687 0.544444 0.40625 0.541667 0.40625 0.508333 0.407813 0.505556 0.407813 0.477778 0.409375 0.475 0.409375 0.45 0.410937 0.447222 0.410937 0.438889 0.4125 0.436111 0.4125 0.369444 0.410937 0.366667 0.410937 0.352778 0.409375 0.35 0.409375 0.333333 0.407813 0.330556 0.407813 0.325 0.40625 0.322222 0.40625 0.313889 0.404687 0.311111 0.404687 0.305556 0.403125 0.302778 0.403125 0.3 0.401563 0.297222 0.401563 0.294444 0.4 0.291667 0.4 0.286111 0.398438 0.283333 0.398438 0.277778 0.396875 0.275 0.396875 0.272222 0.395312 0.269444 0.395312 0.266667 0.39375 0.263889 0.39375 0.261111 0.392188 0.258333 0.392188 0.255556 0.390625 0.252778 0.390625 0.25 0.3875 0.244444 0.3875 0.241667 0.385938 0.238889 0.385938 0.236111 0.384375 0.233333 0.384375 0.230556 0.38125 0.225 0.38125 0.222222 0.376563 0.213889 0.376563 0.211111 0.371875 0.202778 0.371875 0.2 0.370313 0.197222 0.370313 0.194444 0.367188 0.188889 0.367188 0.186111 0.364062 0.180556 0.364062 0.177778 0.35625 0.163889 0.35625 0.161111 0.354688 0.161111 0.348437 0.15 0.346875 0.15 0.34375 0.144444 0.342187 0.144444 0.339063 0.138889 0.3375 0.138889 0.335938 0.136111 0.334375 0.136111 0.33125 0.130556 0.33125 0.127778 0.325 0.116667 0.323438 0.116667 0.321875 0.113889 0.320312 0.113889 0.31875 0.111111 0.317187 0.111111 0.314063 0.105556 0.310937 0.105556 0.309375 0.102778 0.307813 0.102778 0.30625 0.1 0.304688 0.1 0.303125 0.0972222 0.301562 0.0972222 0.3 0.0944444 0.296875 0.0944444 0.290625 0.0833333 0.289062 0.0833333 0.2875 0.0805556 0.284375 0.0805556 0.282813 0.0777778 0.279687 0.0777778 0.278125 0.075 0.275 0.075 0.271875 0.0694444 0.271875 0.0611111 0.400057
67 0.471875 0.0722222 0.471875 0.0805556 0.470313 0.0833333 0.465625 0.0833333 0.465625 0.425 0.470313 0.425 0.48125 0.444444 0.48125 0.447222 0.482812 0.45 0.482812 0.458333 0.782812 0.458333 0.782812 0.447222 0.785937 0.441667 0.7875 0.441667 0.792188 0.433333 0.792188 0.430556 0.79375 0.427778 0.79375 0.425 0.795313 0.422222 0.795313 0.416667 0.796875 0.413889 0.796875 0.319444 0.798437 0.316667 0.798437 0.130556 0.8 0.127778 0.8 0.0944444 0.801562 0.0916667 0.801562 0.0722222 0.827185
67 0.135937 0.0611111 0.135937 0.0694444 0.132812 0.075 0.13125 0.075 0.129688 0.0777778 0.128125 0.0777778 0.126563 0.0805556 0.123438 0.0805556 0.117188 0.0916667 0.115625 0.0916667 0.1125 0.0972222 0.110937 0.0972222 0.109375 0.1 0.107813 0.1 0.10625 0.102778 0.103125 0.102778 0.101562 0.105556 0.1 0.105556 0.096875 0.111111 0.0953125 0.111111 0.09375 0.113889 0.0921875 0.113889 0.0890625 0.119444 0.0875 0.119444 0.084375 0.125 0.0828125 0.125 0.08125 0.127778 0.0796875 0.127778 0.075 0.136111 0.0734375 0.136111 0.071875 0.138889 0.0703125 0.138889 0.06875 0.141667 0.0671875 0.141667 0.0609375 0.152778 0.059375 0.152778 0.04375 0.180556 0.0421875 0.180556 0.0375 0.188889 0.0375 0.191667 0.028125 0.208333 0.028125 0.211111 0.025 0.216667 0.025 0.219444 0.01875 0.230556 0.01875 0.233333 0.0125 0.244444 0.0125 0.247222 0.0109375 0.25 0.0109375 0.252778 0.0015625 0.269444 0 0.269444 0 0.625 0.0015625 0.625 0.003125 0.627778 0.003125 0.630556 0.0046875 0.633333 0.0046875 0.638889 0.009375 0.647222 0.009375 0.65 0.0109375 0.652778 0.0109375 0.655556 0.0125 0.658333 0.0125 0.661111 0.01875 0.672222 0.01875 0.675 0.0203125 0.677778 0.0203125 0.680556 0.0234375 0.686111 0.0234375 0.688889 0.028125 0.697222 0.028125 0.7 0.0296875 0.702778 0.0296875 0.705556 0.0359375 0.716667 0.0359375 0.719444 0.0390625 0.725 0.040625 0.725 0.0453125 0.733333 0.046875 0.733333 0.0515625 0.741667 0.053125 0.741667 0.0578125 0.75 0.059375 0.75 0.0609375 0.752778 0.0625 0.752778 0.0640625 0.755556 0.065625 0.755556 0.0703125 0.763889 0.071875 0.763889 0.075 0.769444 0.0765625 0.769444 0.078125 0.772222 0.0796875 0.772222 0.08125 0.775 0.0828125 0.775 0.084375 0.777778 0.0859375 0.777778 0.0875 0.780556 0.0890625 0.780556 0.090625 0.783333 0.0921875 0.783333 0.09375 0.786111 0.0953125 0.786111 0.096875 0.788889 0.0984375 0.788889 0.1 0.791667 0.103125 0.791667 0.104687 0.794444 0.10625 0.794444 0.107813 0.797222 0.109375 0.797222 0.110937 0.8 0.114063 0.8 0.115625 0.802778 0.117188 0.802778 0.120312 0.808333 0.123438 0.808333 0.125 0.811111 0.126563 0.811111 0.128125 0.813889 0.13125 0.813889 0.134375 0.819444 0.1375 0.819444 0.139062 0.822222 0.142188 0.822222 0.14375 0.825 0.145313 0.825 0.146875 0.827778 0.146875 0.836111 0.223438 0.836111 0.223438 0.827778 0.225 0.825 0.226562 0.825 0.228125 0.822222 0.23125 0.822222 0.232812 0.819444 0.2375 0.819444 0.239063 0.816667 0.240625 0.816667 0.242188 0.813889 0.24375 0.813889 0.245312 0.811111 0.251563 0.811111 0.253125 0.808333 0.25625 0.808333 0.257812 0.805556 0.259375 0.805556 0.260938 0.802778 0.264062 0.802778 0.265625 0.8 0.267188 0.8 0.26875 0.797222 0.270312 0.797222 0.271875 0.794444 0.273438 0.794444 0.275 0.791667 0.276563 0.791667 0.278125 0.788889 0.279687 0.788889 0.28125 0.786111 0.282813 0.786111 0.284375 0.783333 0.285937 0.783333 0.2875 0.780556 0.289062 0.780556 0.290625 0.777778 0.292188 0.777778 0.295312 0.772222 0.296875 0.772222 0.3 0.766667 0.301562 0.766667 0.303125 0.763889 0.304688 0.763889 0.30625 0.761111 0.307813 0.761111 0.309375 0.758333 0.310937 0.758333 0.3125 0.755556 0.314063 0.755556 0.321875 0.741667 0.323438 0.741667 0.34375 0.705556 0.34375 0.702778 0.346875 0.697222 0.348437 0.697222 0.35 0.694444 0.35 0.691667 0.354688 0.683333 0.354688 0.680556 0.365625 0.661111 0.365625 0.658333 0.367188 0.655556 0.367188 0.652778 0.370313 0.647222 0.370313 0.644444 0.373437 0.638889 0.373437 0.636111 0.375 0.633333 0.375 0.630556 0.378125 0.625 0.378125 0.622222 0.38125 0.616667 0.38125 0.613889 0.384375 0.608333 0.384375 0.605556 0.385938 0.602778 0.385938 0.6 0.389062 0.594444 0.389062 0.591667 0.390625 0.588889 0.390625 0.586111 0.392188 0.583333 0.392188 0.580556 0.39375 0.577778 0.39375 0.575 0.396875 0.569444 0.396875 0.566667 0.398438 0.563889 0.398438 0.558333 0.404687 0.547222 0.404687 0.544444 0.40625 0.541667 0.40625 0.508333 0.407813 0.505556 0.407813 0.477778 0.409375 0.475 0.409375 0.45 0.410937 0.447222 0.410937 0.438889 0.4125 0.436111 0.4125 0.369444 0.410937 0.366667 0.410937 0.352778 0.409375 0.35 0.409375 0.333333 0.407813 0.330556 0.407813 0.325 0.40625 0.322222 0.40625 0.313889 0.404687 0.311111 0.404687 0.305556 0.403125 0.302778 0.403125 0.3 0.401563 0.297222 0.401563 0.294444 0.4 0.291667 0.4 0.286111 0.398438 0.283333 0.398438 0.277778 0.396875 0.275 0.396875 0.272222 0.395312 0.269444 0.395312 0.266667 0.39375 0.263889 0.39375 0.261111 0.392188 0.258333 0.392188 0.255556 0.390625 0.252778 0.390625 0.25 0.3875 0.244444 0.3875 0.241667 0.385938 0.238889 0.385938 0.236111 0.384375 0.233333 0.384375 0.230556 0.38125 0.225 0.38125 0.222222 0.376563 0.213889 0.376563 0.211111 0.371875 0.202778 0.371875 0.2 0.370313 0.197222 0.370313 0.194444 0.367188 0.188889 0.367188 0.186111 0.364062 0.180556 0.364062 0.177778 0.35625 0.163889 0.35625 0.161111 0.354688 0.161111 0.348437 0.15 0.346875 0.15 0.34375 0.144444 0.342187 0.144444 0.339063 0.138889 0.3375 0.138889 0.335938 0.136111 0.334375 0.136111 0.33125 0.130556 0.33125 0.127778 0.325 0.116667 0.323438 0.116667 0.321875 0.113889 0.320312 0.113889 0.31875 0.111111 0.317187 0.111111 0.314063 0.105556 0.310937 0.105556 0.309375 0.102778 0.307813 0.102778 0.30625 0.1 0.304688 0.1 0.303125 0.0972222 0.301562 0.0972222 0.3 0.0944444 0.296875 0.0944444 0.290625 0.0833333 0.289062 0.0833333 0.2875 0.0805556 0.284375 0.0805556 0.282813 0.0777778 0.279687 0.0777778 0.278125 0.075 0.275 0.075 0.271875 0.0694444 0.271875 0.0611111 0.458669
12 0.135937 0.0611111 0.135937 0.0694444 0.132812 0.075 0.13125 0.075 0.129688 0.0777778 0.128125 0.0777778 0.126563 0.0805556 0.123438 0.0805556 0.117188 0.0916667 0.115625 0.0916667 0.1125 0.0972222 0.110937 0.0972222 0.109375 0.1 0.107813 0.1 0.10625 0.102778 0.103125 0.102778 0.101562 0.105556 0.1 0.105556 0.096875 0.111111 0.0953125 0.111111 0.09375 0.113889 0.0921875 0.113889 0.0890625 0.119444 0.0875 0.119444 0.084375 0.125 0.0828125 0.125 0.08125 0.127778 0.0796875 0.127778 0.075 0.136111 0.0734375 0.136111 0.071875 0.138889 0.0703125 0.138889 0.06875 0.141667 0.0671875 0.141667 0.0609375 0.152778 0.059375 0.152778 0.04375 0.180556 0.0421875 0.180556 0.0375 0.188889 0.0375 0.191667 0.028125 0.208333 0.028125 0.211111 0.025 0.216667 0.025 0.219444 0.01875 0.230556 0.01875 0.233333 0.0125 0.244444 0.0125 0.247222 0.0109375 0.25 0.0109375 0.252778 0.0015625 0.269444 0 0.269444 0 0.625 0.0015625 0.625 0.003125 0.627778 0.003125 0.630556 0.0046875 0.633333 0.0046875 0.638889 0.009375 0.647222 0.009375 0.65 0.0109375 0.652778 0.0109375 0.655556 0.0125 0.658333 0.0125 0.661111 0.01875 0.672222 0.01875 0.675 0.0203125 0.677778 0.0203125 0.680556 0.0234375 0.686111 0.0234375 0.688889 0.028125 0.697222 0.028125 0.7 0.0296875 0.702778 0.0296875 0.705556 0.0359375 0.716667 0.0359375 0.719444 0.0390625 0.725 0.040625 0.725 0.0453125 0.733333 0.046875 0.733333 0.0515625 0.741667 0.053125 0.741667 0.0578125 0.75 0.059375 0.75 0.0609375 0.752778 0.0625 0.752778 0.0640625 0.755556 0.065625 0.755556 0.0703125 0.763889 0.071875 0.763889 0.075 0.769444 0.0765625 0.769444 0.078125 0.772222 0.0796875 0.772222 0.08125 0.775 0.0828125 0.775 0.084375 0.777778 0.0859375 0.777778 0.0875 0.780556 0.0890625 0.780556 0.090625 0.783333 0.0921875 0.783333 0.09375 0.786111 0.0953125 0.786111 0.096875 0.788889 0.0984375 0.788889 0.1 0.791667 0.103125 0.791667 0.104687 0.794444 0.10625 0.794444 0.107813 0.797222 0.109375 0.797222 0.110937 0.8 0.114063 0.8 0.115625 0.802778 0.117188 0.802778 0.120312 0.808333 0.123438 0.808333 0.125 0.811111 0.126563 0.811111 0.128125 0.813889 0.13125 0.813889 0.134375 0.819444 0.1375 0.819444 0.139062 0.822222 0.142188 0.822222 0.14375 0.825 0.145313 0.825 0.146875 0.827778 0.146875 0.836111 0.223438 0.836111 0.223438 0.827778 0.225 0.825 0.226562 0.825 0.228125 0.822222 0.23125 0.822222 0.232812 0.819444 0.2375 0.819444 0.239063 0.816667 0.240625 0.816667 0.242188 0.813889 0.24375 0.813889 0.245312 0.811111 0.251563 0.811111 0.253125 0.808333 0.25625 0.808333 0.257812 0.805556 0.259375 0.805556 0.260938 0.802778 0.264062 0.802778 0.265625 0.8 0.267188 0.8 0.26875 0.797222 0.270312 0.797222 0.271875 0.794444 0.273438 0.794444 0.275 0.791667 0.276563 0.791667 0.278125 0.788889 0.279687 0.788889 0.28125 0.786111 0.282813 0.786111 0.284375 0.783333 0.285937 0.783333 0.2875 0.780556 0.289062 0.780556 0.290625 0.777778 0.292188 0.777778 0.295312 0.772222 0.296875 0.772222 0.3 0.766667 0.301562 0.766667 0.303125 0.763889 0.304688 0.763889 0.30625 0.761111 0.307813 0.761111 0.309375 0.758333 0.310937 0.758333 0.3125 0.755556 0.314063 0.755556 0.321875 0.741667 0.323438 0.741667 0.34375 0.705556 0.34375 0.702778 0.346875 0.697222 0.348437 0.697222 0.35 0.694444 0.35 0.691667 0.354688 0.683333 0.354688 0.680556 0.365625 0.661111 0.365625 0.658333 0.367188 0.655556 0.367188 0.652778 0.370313 0.647222 0.370313 0.644444 0.373437 0.638889 0.373437 0.636111 0.375 0.633333 0.375 0.630556 0.378125 0.625 0.378125 0.622222 0.38125 0.616667 0.38125 0.613889 0.384375 0.608333 0.384375 0.605556 0.385938 0.602778 0.385938 0.6 0.389062 0.594444 0.389062 0.591667 0.390625 0.588889 0.390625 0.586111 0.392188 0.583333 0.392188 0.580556 0.39375 0.577778 0.39375 0.575 0.396875 0.569444 0.396875 0.566667 0.398438 0.563889 0.398438 0.558333 0.404687 0.547222 0.404687 0.544444 0.40625 0.541667 0.40625 0.508333 0.407813 0.505556 0.407813 0.477778 0.409375 0.475 0.409375 0.45 0.410937 0.447222 0.410937 0.438889 0.4125 0.436111 0.4125 0.369444 0.410937 0.366667 0.410937 0.352778 0.409375 0.35 0.409375 0.333333 0.407813 0.330556 0.407813 0.325 0.40625 0.322222 0.40625 0.313889 0.404687 0.311111 0.404687 0.305556 0.403125 0.302778 0.403125 0.3 0.401563 0.297222 0.401563 0.294444 0.4 0.291667 0.4 0.286111 0.398438 0.283333 0.398438 0.277778 0.396875 0.275 0.396875 0.272222 0.395312 0.269444 0.395312 0.266667 0.39375 0.263889 0.39375 0.261111 0.392188 0.258333 0.392188 0.255556 0.390625 0.252778 0.390625 0.25 0.3875 0.244444 0.3875 0.241667 0.385938 0.238889 0.385938 0.236111 0.384375 0.233333 0.384375 0.230556 0.38125 0.225 0.38125 0.222222 0.376563 0.213889 0.376563 0.211111 0.371875 0.202778 0.371875 0.2 0.370313 0.197222 0.370313 0.194444 0.367188 0.188889 0.367188 0.186111 0.364062 0.180556 0.364062 0.177778 0.35625 0.163889 0.35625 0.161111 0.354688 0.161111 0.348437 0.15 0.346875 0.15 0.34375 0.144444 0.342187 0.144444 0.339063 0.138889 0.3375 0.138889 0.335938 0.136111 0.334375 0.136111 0.33125 0.130556 0.33125 0.127778 0.325 0.116667 0.323438 0.116667 0.321875 0.113889 0.320312 0.113889 0.31875 0.111111 0.317187 0.111111 0.314063 0.105556 0.310937 0.105556 0.309375 0.102778 0.307813 0.102778 0.30625 0.1 0.304688 0.1 0.303125 0.0972222 0.301562 0.0972222 0.3 0.0944444 0.296875 0.0944444 0.290625 0.0833333 0.289062 0.0833333 0.2875 0.0805556 0.284375 0.0805556 0.282813 0.0777778 0.279687 0.0777778 0.278125 0.075 0.275 0.075 0.271875 0.0694444 0.271875 0.0611111 0.400057
