0 0.7 0.116667 0.7 0.127778 0.698438 0.130556 0.696875 0.130556 0.690625 0.141667 0.689062 0.141667 0.685938 0.147222 0.685938 0.15 0.68125 0.158333 0.68125 0.161111 0.679688 0.163889 0.679688 0.166667 0.678125 0.169444 0.678125 0.172222 0.676562 0.175 0.676562 0.202778 0.678125 0.205556 0.678125 0.219444 0.679688 0.222222 0.679688 0.233333 0.68125 0.236111 0.68125 0.252778 0.682813 0.255556 0.682813 0.266667 0.684375 0.269444 0.684375 0.272222 0.6875 0.277778 0.6875 0.280556 0.69375 0.291667 0.69375 0.297222 0.695312 0.3 0.695312 0.308333 0.6875 0.322222 0.685938 0.322222 0.684375 0.325 0.682813 0.325 0.68125 0.327778 0.679688 0.327778 0.676562 0.333333 0.675 0.333333 0.670313 0.341667 0.670313 0.344444 0.665625 0.352778 0.665625 0.355556 0.6625 0.361111 0.6625 0.363889 0.659375 0.369444 0.659375 0.372222 0.657812 0.375 0.657812 0.377778 0.65625 0.380556 0.65625 0.383333 0.654688 0.386111 0.654688 0.388889 0.653125 0.391667 0.653125 0.394444 0.651563 0.397222 0.651563 0.402778 0.65 0.405556 0.65 0.408333 0.648438 0.411111 0.648438 0.419444 0.646875 0.422222 0.646875 0.425 0.645312 0.427778 0.645312 0.436111 0.64375 0.438889 0.64375 0.441667 0.635938 0.455556 0.634375 0.455556 0.632812 0.458333 0.628125 0.458333 0.628125 0.547222 0.635938 0.547222 0.6375 0.55 0.645312 0.55 0.646875 0.552778 0.651563 0.552778 0.653125 0.555556 0.654688 0.555556 0.6625 0.569444 0.6625 0.577778 0.664062 0.580556 0.664062 0.594444 0.6625 0.597222 0.6625 0.608333 0.664062 0.611111 0.664062 0.613889 0.665625 0.616667 0.665625 0.619444 0.667188 0.622222 0.667188 0.625 0.66875 0.627778 0.66875 0.630556 0.670313 0.633333 0.670313 0.636111 0.671875 0.638889 0.671875 0.658333 0.673437 0.661111 0.673437 0.672222 0.675 0.675 0.675 0.686111 0.676562 0.688889 0.676562 0.694444 0.678125 0.697222 0.678125 0.702778 0.68125 0.708333 0.68125 0.711111 0.684375 0.716667 0.684375 0.719444 0.685938 0.719444 0.701563 0.747222 0.701563 0.75 0.704687 0.755556 0.704687 0.761111 0.70625 0.763889 0.70625 0.780556 0.707812 0.783333 0.707812 0.8 0.709375 0.802778 0.709375 0.813889 0.710938 0.816667 0.710938 0.836111 0.7125 0.838889 0.7125 0.866667 0.714063 0.869444 0.714063 0.880556 0.7125 0.883333 0.7125 0.908333 0.714063 0.911111 0.714063 0.958333 0.715625 0.961111 0.715625 0.977778 0.717188 0.980556 0.717188 0.991667 0.804688 0.991667 0.804688 0.944444 0.80625 0.941667 0.80625 0.905556 0.807813 0.902778 0.807813 0.863889 0.809375 0.861111 0.809375 0.783333 0.810938 0.780556 0.810938 0.766667 0.8125 0.763889 0.8125 0.744444 0.814062 0.741667 0.814062 0.636111 0.815625 0.633333 0.815625 0.630556 0.81875 0.625 0.81875 0.622222 0.820312 0.619444 0.820312 0.613889 0.821875 0.611111 0.821875 0.605556 0.823438 0.602778 0.823438 0.594444 0.828125 0.586111 0.829687 0.586111 0.83125 0.583333 0.832812 0.583333 0.834375 0.580556 0.840625 0.580556 0.842188 0.577778 0.845312 0.577778 0.846875 0.575 0.848437 0.575 0.85625 0.561111 0.85625 0.558333 0.857813 0.555556 0.857813 0.55 0.859375 0.547222 0.859375 0.538889 0.860937 0.536111 0.860937 0.527778 0.8625 0.525 0.8625 0.516667 0.864062 0.513889 0.864062 0.483333 0.8625 0.480556 0.8625 0.458333 0.860937 0.455556 0.860937 0.436111 0.859375 0.433333 0.859375 0.416667 0.857813 0.413889 0.857813 0.4 0.85625 0.397222 0.85625 0.386111 0.854688 0.383333 0.854688 0.377778 0.853125 0.375 0.853125 0.369444 0.851562 0.366667 0.851562 0.363889 0.85 0.361111 0.85 0.358333 0.848437 0.355556 0.848437 0.352778 0.846875 0.35 0.846875 0.347222 0.845312 0.344444 0.845312 0.338889 0.84375 0.336111 0.84375 0.333333 0.842188 0.330556 0.842188 0.327778 0.840625 0.325 0.840625 0.322222 0.83125 0.305556 0.829687 0.305556 0.826563 0.3 0.825 0.3 0.823438 0.297222 0.821875 0.297222 0.81875 0.291667 0.817187 0.291667 0.815625 0.288889 0.814062 0.288889 0.8125 0.286111 0.809375 0.286111 0.807813 0.283333 0.80625 0.283333 0.804688 0.280556 0.803125 0.280556 0.801562 0.277778 0.8 0.277778 0.798437 0.275 0.795313 0.275 0.79375 0.272222 0.790625 0.272222 0.789062 0.269444 0.7875 0.269444 0.785937 0.266667 0.784375 0.266667 0.778125 0.255556 0.778125 0.252778 0.771875 0.241667 0.770312 0.241667 0.765625 0.233333 0.765625 0.230556 0.764063 0.227778 0.764063 0.180556 0.7625 0.177778 0.7625 0.166667 0.760938 0.163889 0.760938 0.161111 0.759375 0.158333 0.759375 0.155556 0.757812 0.152778 0.757812 0.147222 0.754687 0.141667 0.754687 0.138889 0.746875 0.125 0.746875 0.116667 0.936526
67 0.665625 0.45 0.665625 0.480556 0.670313 0.480556 0.675 0.488889 0.675 0.491667 0.676562 0.494444 0.676562 0.502778 0.682813 0.502778 0.682813 0.494444 0.685938 0.488889 0.685938 0.469444 0.684375 0.466667 0.684375 0.463889 0.68125 0.458333 0.68125 0.45 0.41225
0 0.7 0.116667 0.7 0.127778 0.698438 0.130556 0.696875 0.130556 0.690625 0.141667 0.689062 0.141667 0.685938 0.147222 0.685938 0.15 0.68125 0.158333 0.68125 0.161111 0.679688 0.163889 0.679688 0.166667 0.678125 0.169444 0.678125 0.172222 0.676562 0.175 0.676562 0.202778 0.678125 0.205556 0.678125 0.219444 0.679688 0.222222 0.679688 0.233333 0.68125 0.236111 0.68125 0.252778 0.682813 0.255556 0.682813 0.266667 0.684375 0.269444 0.684375 0.272222 0.6875 0.277778 0.6875 0.280556 0.69375 0.291667 0.69375 0.297222 0.695312 0.3 0.695312 0.308333 0.6875 0.322222 0.685938 0.322222 0.684375 0.325 0.682813 0.325 0.68125 0.327778 0.679688 0.327778 0.676562 0.333333 0.675 0.333333 0.670313 0.341667 0.670313 0.344444 0.665625 0.352778 0.665625 0.355556 0.6625 0.361111 0.6625 0.363889 0.659375 0.369444 0.659375 0.372222 0.657812 0.375 0.657812 0.377778 0.65625 0.380556 0.65625 0.383333 0.654688 0.386111 0.654688 0.388889 0.653125 0.391667 0.653125 0.394444 0.651563 0.397222 0.651563 0.402778 0.65 0.405556 0.65 0.408333 0.648438 0.411111 0.648438 0.419444 0.646875 0.422222 0.646875 0.425 0.645312 0.427778 0.645312 0.436111 0.64375 0.438889 0.64375 0.441667 0.635938 0.455556 0.634375 0.455556 0.632812 0.458333 0.628125 0.458333 0.628125 0.547222 0.635938 0.547222 0.6375 0.55 0.645312 0.55 0.646875 0.552778 0.651563 0.552778 0.653125 0.555556 0.654688 0.555556 0.6625 0.569444 0.6625 0.577778 0.664062 0.580556 0.664062 0.594444 0.6625 0.597222 0.6625 0.608333 0.664062 0.611111 0.664062 0.613889 0.665625 0.616667 0.665625 0.619444 0.667188 0.622222 0.667188 0.625 0.66875 0.627778 0.66875 0.630556 0.670313 0.633333 0.670313 0.636111 0.671875 0.638889 0.671875 0.658333 0.673437 0.661111 0.673437 0.672222 0.675 0.675 0.675 0.686111 0.676562 0.688889 0.676562 0.694444 0.678125 0.697222 0.678125 0.702778 0.68125 0.708333 0.68125 0.711111 0.684375 0.716667 0.684375 0.719444 0.685938 0.719444 0.701563 0.747222 0.701563 0.75 0.704687 0.755556 0.704687 0.761111 0.70625 0.763889 0.70625 0.780556 0.707812 0.783333 0.707812 0.8 0.709375 0.802778 0.709375 0.813889 0.710938 0.816667 0.710938 0.836111 0.7125 0.838889 0.7125 0.866667 0.714063 0.869444 0.714063 0.880556 0.7125 0.883333 0.7125 0.908333 0.714063 0.911111 0.714063 0.958333 0.715625 0.961111 0.715625 0.977778 0.717188 0.980556 0.717188 0.991667 0.804688 0.991667 0.804688 0.944444 0.80625 0.941667 0.80625 0.905556 0.807813 0.902778 0.807813 0.863889 0.809375 0.861111 0.809375 0.783333 0.810938 0.780556 0.810938 0.766667 0.8125 0.763889 0.8125 0.744444 0.814062 0.741667 0.814062 0.636111 0.815625 0.633333 0.815625 0.630556 0.81875 0.625 0.81875 0.622222 0.820312 0.619444 0.820312 0.613889 0.821875 0.611111 0.821875 0.605556 0.823438 0.602778 0.823438 0.594444 0.828125 0.586111 0.829687 0.586111 0.83125 0.583333 0.832812 0.583333 0.834375 0.580556 0.840625 0.580556 0.842188 0.577778 0.845312 0.577778 0.846875 0.575 0.848437 0.575 0.85625 0.561111 0.85625 0.558333 0.857813 0.555556 0.857813 0.55 0.859375 0.547222 0.859375 0.538889 0.860937 0.536111 0.860937 0.527778 0.8625 0.525 0.8625 0.516667 0.864062 0.513889 0.864062 0.483333 0.8625 0.480556 0.8625 0.458333 0.860937 0.455556 0.860937 0.436111 0.859375 0.433333 0.859375 0.416667 0.857813 0.413889 0.857813 0.4 0.85625 0.397222 0.85625 0.386111 0.854688 0.383333 0.854688 0.377778 0.853125 0.375 0.853125 0.369444 0.851562 0.366667 0.851562 0.363889 0.85 0.361111 0.85 0.358333 0.848437 0.355556 0.848437 0.352778 0.846875 0.35 0.846875 0.347222 0.845312 0.344444 0.845312 0.338889 0.84375 0.336111 0.84375 0.333333 0.842188 0.330556 0.842188 0.327778 0.840625 0.325 0.840625 0.322222 0.83125 0.305556 0.829687 0.305556 0.826563 0.3 0.825 0.3 0.823438 0.297222 0.821875 0.297222 0.81875 0.291667 0.817187 0.291667 0.815625 0.288889 0.814062 0.288889 0.8125 0.286111 0.809375 0.286111 0.807813 0.283333 0.80625 0.283333 0.804688 0.280556 0.803125 0.280556 0.801562 0.277778 0.8 0.277778 0.798437 0.275 0.795313 0.275 0.79375 0.272222 0.790625 0.272222 0.789062 0.269444 0.7875 0.269444 0.785937 0.266667 0.784375 0.266667 0.778125 0.255556 0.778125 0.252778 0.771875 0.241667 0.770312 0.241667 0.765625 0.233333 0.765625 0.230556 0.764063 0.227778 0.764063 0.180556 0.7625 0.177778 0.7625 0.166667 0.760938 0.163889 0.760938 0.161111 0.759375 0.158333 0.759375 0.155556 0.757812 0.152778 0.757812 0.147222 0.754687 0.141667 0.754687 0.138889 0.746875 0.125 0.746875 0.116667 0.936526
67 0.665625 0.45 0.665625 0.480556 0.670313 0.480556 0.675 0.488889 0.675 0.491667 0.676562 0.494444 0.676562 0.502778 0.682813 0.502778 0.682813 0.494444 0.685938 0.488889 0.685938 0.469444 0.684375 0.466667 0.684375 0.463889 0.68125 0.458333 0.68125 0.45 0.41225
0 0.7 0.116667 0.7 0.127778 0.698438 0.130556 0.696875 0.130556 0.690625 0.141667 0.689062 0.141667 0.685938 0.147222 0.685938 0.15 0.68125 0.158333 0.68125 0.161111 0.679688 0.163889 0.679688 0.166667 0.678125 0.169444 0.678125 0.172222 0.676562 0.175 0.676562 0.202778 0.678125 0.205556 0.678125 0.219444 0.679688 0.222222 0.679688 0.233333 0.68125 0.236111 0.68125 0.252778 0.682813 0.255556 0.682813 0.266667 0.684375 0.269444 0.684375 0.272222 0.6875 0.277778 0.6875 0.280556 0.69375 0.291667 0.69375 0.297222 0.695312 0.3 0.695312 0.308333 0.6875 0.322222 0.685938 0.322222 0.684375 0.325 0.682813 0.325 0.68125 0.327778 0.679688 0.327778 0.676562 0.333333 0.675 0.333333 0.670313 0.341667 0.670313 0.344444 0.665625 0.352778 0.665625 0.355556 0.6625 0.361111 0.6625 0.363889 0.659375 0.369444 0.659375 0.372222 0.657812 0.375 0.657812 0.377778 0.65625 0.380556 0.65625 0.383333 0.654688 0.386111 0.654688 0.388889 0.653125 0.391667 0.653125 0.394444 0.651563 0.397222 0.651563 0.402778 0.65 0.405556 0.65 0.408333 0.648438 0.411111 0.648438 0.419444 0.646875 0.422222 0.646875 0.425 0.645312 0.427778 0.645312 0.436111 0.64375 0.438889 0.64375 0.441667 0.635938 0.455556 0.634375 0.455556 0.632812 0.458333 0.628125 0.458333 0.628125 0.547222 0.635938 0.547222 0.6375 0.55 0.645312 0.55 0.646875 0.552778 0.651563 0.552778 0.653125 0.555556 0.654688 0.555556 0.6625 0.569444 0.6625 0.577778 0.664062 0.580556 0.664062 0.594444 0.6625 0.597222 0.6625 0.608333 0.664062 0.611111 0.664062 0.613889 0.665625 0.616667 0.665625 0.619444 0.667188 0.622222 0.667188 0.625 0.66875 0.627778 0.66875 0.630556 0.670313 0.633333 0.670313 0.636111 0.671875 0.638889 0.671875 0.658333 0.673437 0.661111 0.673437 0.672222 0.675 0.675 0.675 0.686111 0.676562 0.688889 0.676562 0.694444 0.678125 0.697222 0.678125 0.702778 0.68125 0.708333 0.68125 0.711111 0.684375 0.716667 0.684375 0.719444 0.685938 0.719444 0.701563 0.747222 0.701563 0.75 0.704687 0.755556 0.704687 0.761111 0.70625 0.763889 0.70625 0.780556 0.707812 0.783333 0.707812 0.8 0.709375 0.802778 0.709375 0.813889 0.710938 0.816667 0.710938 0.836111 0.7125 0.838889 0.7125 0.866667 0.714063 0.869444 0.714063 0.880556 0.7125 0.883333 0.7125 0.908333 0.714063 0.911111 0.714063 0.958333 0.715625 0.961111 0.715625 0.977778 0.717188 0.980556 0.717188 0.991667 0.804688 0.991667 0.804688 0.944444 0.80625 0.941667 0.80625 0.905556 0.807813 0.902778 0.807813 0.863889 0.809375 0.861111 0.809375 0.783333 0.810938 0.780556 0.810938 0.766667 0.8125 0.763889 0.8125 0.744444 0.814062 0.741667 0.814062 0.636111 0.815625 0.633333 0.815625 0.630556 0.81875 0.625 0.81875 0.622222 0.820312 0.619444 0.820312 0.613889 0.821875 0.611111 0.821875 0.605556 0.823438 0.602778 0.823438 0.594444 0.828125 0.586111 0.829687 0.586111 0.83125 0.583333 0.832812 0.583333 0.834375 0.580556 0.840625 0.580556 0.842188 0.577778 0.845312 0.577778 0.846875 0.575 0.848437 0.575 0.85625 0.561111 0.85625 0.558333 0.857813 0.555556 0.857813 0.55 0.859375 0.547222 0.859375 0.538889 0.860937 0.536111 0.860937 0.527778 0.8625 0.525 0.8625 0.516667 0.864062 0.513889 0.864062 0.483333 0.8625 0.480556 0.8625 0.458333 0.860937 0.455556 0.860937 0.436111 0.859375 0.433333 0.859375 0.416667 0.857813 0.413889 0.857813 0.4 0.85625 0.397222 0.85625 0.386111 0.854688 0.383333 0.854688 0.377778 0.853125 0.375 0.853125 0.369444 0.851562 0.366667 0.851562 0.363889 0.85 0.361111 0.85 0.358333 0.848437 0.355556 0.848437 0.352778 0.846875 0.35 0.846875 0.347222 0.845312 0.344444 0.845312 0.338889 0.84375 0.336111 0.84375 0.333333 0.842188 0.330556 0.842188 0.327778 0.840625 0.325 0.840625 0.322222 0.83125 0.305556 0.829687 0.305556 0.826563 0.3 0.825 0.3 0.823438 0.297222 0.821875 0.297222 0.81875 0.291667 0.817187 0.291667 0.815625 0.288889 0.814062 0.288889 0.8125 0.286111 0.809375 0.286111 0.807813 0.283333 0.80625 0.283333 0.804688 0.280556 0.803125 0.280556 0.801562 0.277778 0.8 0.277778 0.798437 0.275 0.795313 0.275 0.79375 0.272222 0.790625 0.272222 0.789062 0.269444 0.7875 0.269444 0.785937 0.266667 0.784375 0.266667 0.778125 0.255556 0.778125 0.252778 0.771875 0.241667 0.770312 0.241667 0.765625 0.233333 0.765625 0.230556 0.764063 0.227778 0.764063 0.180556 0.7625 0.177778 0.7625 0.166667 0.760938 0.163889 0.760938 0.161111 0.759375 0.158333 0.759375 0.155556 0.757812 0.152778 0.757812 0.147222 0.754687 0.141667 0.754687 0.138889 0.746875 0.125 0.746875 0.116667 0.936526
67 0.665625 0.45 0.665625 0.480556 0.670313 0.480556 0.675 0.488889 0.675 0.491667 0.676562 0.494444 0.676562 0.502778 0.682813 0.502778 0.682813 0.494444 0.685938 0.488889 0.685938 0.469444 0.684375 0.466667 0.684375 0.463889 0.68125 0.458333 0.68125 0.45 0.41225
0 0.7 0.116667 0.7 0.127778 0.698438 0.130556 0.696875 0.130556 0.690625 0.141667 0.689062 0.141667 0.685938 0.147222 0.685938 0.15 0.68125 0.158333 0.68125 0.161111 0.679688 0.163889 0.679688 0.166667 0.678125 0.169444 0.678125 0.172222 0.676562 0.175 0.676562 0.202778 0.678125 0.205556 0.678125 0.219444 0.679688 0.222222 0.679688 0.233333 0.68125 0.236111 0.68125 0.252778 0.682813 0.255556 0.682813 0.266667 0.684375 0.269444 0.684375 0.272222 0.6875 0.277778 0.6875 0.280556 0.69375 0.291667 0.69375 0.297222 0.695312 0.3 0.695312 0.308333 0.6875 0.322222 0.685938 0.322222 0.684375 0.325 0.682813 0.325 0.68125 0.327778 0.679688 0.327778 0.676562 0.333333 0.675 0.333333 0.670313 0.341667 0.670313 0.344444 0.665625 0.352778 0.665625 0.355556 0.6625 0.361111 0.6625 0.363889 0.659375 0.369444 0.659375 0.372222 0.657812 0.375 0.657812 0.377778 0.65625 0.380556 0.65625 0.383333 0.654688 0.386111 0.654688 0.388889 0.653125 0.391667 0.653125 0.394444 0.651563 0.397222 0.651563 0.402778 0.65 0.405556 0.65 0.408333 0.648438 0.411111 0.648438 0.419444 0.646875 0.422222 0.646875 0.425 0.645312 0.427778 0.645312 0.436111 0.64375 0.438889 0.64375 0.441667 0.635938 0.455556 0.634375 0.455556 0.632812 0.458333 0.628125 0.458333 0.628125 0.547222 0.635938 0.547222 0.6375 0.55 0.645312 0.55 0.646875 0.552778 0.651563 0.552778 0.653125 0.555556 0.654688 0.555556 0.6625 0.569444 0.6625 0.577778 0.664062 0.580556 0.664062 0.594444 0.6625 0.597222 0.6625 0.608333 0.664062 0.611111 0.664062 0.613889 0.665625 0.616667 0.665625 0.619444 0.667188 0.622222 0.667188 0.625 0.66875 0.627778 0.66875 0.630556 0.670313 0.633333 0.670313 0.636111 0.671875 0.638889 0.671875 0.658333 0.673437 0.661111 0.673437 0.672222 0.675 0.675 0.675 0.686111 0.676562 0.688889 0.676562 0.694444 0.678125 0.697222 0.678125 0.702778 0.68125 0.708333 0.68125 0.711111 0.684375 0.716667 0.684375 0.719444 0.685938 0.719444 0.701563 0.747222 0.701563 0.75 0.704687 0.755556 0.704687 0.761111 0.70625 0.763889 0.70625 0.780556 0.707812 0.783333 0.707812 0.8 0.709375 0.802778 0.709375 0.813889 0.710938 0.816667 0.710938 0.836111 0.7125 0.838889 0.7125 0.866667 0.714063 0.869444 0.714063 0.880556 0.7125 0.883333 0.7125 0.908333 0.714063 0.911111 0.714063 0.958333 0.715625 0.961111 0.715625 0.977778 0.717188 0.980556 0.717188 0.991667 0.804688 0.991667 0.804688 0.944444 0.80625 0.941667 0.80625 0.905556 0.807813 0.902778 0.807813 0.863889 0.809375 0.861111 0.809375 0.783333 0.810938 0.780556 0.810938 0.766667 0.8125 0.763889 0.8125 0.744444 0.814062 0.741667 0.814062 0.636111 0.815625 0.633333 0.815625 0.630556 0.81875 0.625 0.81875 0.622222 0.820312 0.619444 0.820312 0.613889 0.821875 0.611111 0.821875 0.605556 0.823438 0.602778 0.823438 0.594444 0.828125 0.586111 0.829687 0.586111 0.83125 0.583333 0.832812 0.583333 0.834375 0.580556 0.840625 0.580556 0.842188 0.577778 0.845312 0.577778 0.846875 0.575 0.848437 0.575 0.85625 0.561111 0.85625 0.558333 0.857813 0.555556 0.857813 0.55 0.859375 0.547222 0.859375 0.538889 0.860937 0.536111 0.860937 0.527778 0.8625 0.525 0.8625 0.516667 0.864062 0.513889 0.864062 0.483333 0.8625 0.480556 0.8625 0.458333 0.860937 0.455556 0.860937 0.436111 0.859375 0.433333 0.859375 0.416667 0.857813 0.413889 0.857813 0.4 0.85625 0.397222 0.85625 0.386111 0.854688 0.383333 0.854688 0.377778 0.853125 0.375 0.853125 0.369444 0.851562 0.366667 0.851562 0.363889 0.85 0.361111 0.85 0.358333 0.848437 0.355556 0.848437 0.352778 0.846875 0.35 0.846875 0.347222 0.845312 0.344444 0.845312 0.338889 0.84375 0.336111 0.84375 0.333333 0.842188 0.330556 0.842188 0.327778 0.840625 0.325 0.840625 0.322222 0.83125 0.305556 0.829687 0.305556 0.826563 0.3 0.825 0.3 0.823438 0.297222 0.821875 0.297222 0.81875 0.291667 0.817187 0.291667 0.815625 0.288889 0.814062 0.288889 0.8125 0.286111 0.809375 0.286111 0.807813 0.283333 0.80625 0.283333 0.804688 0.280556 0.803125 0.280556 0.801562 0.277778 0.8 0.277778 0.798437 0.275 0.795313 0.275 0.79375 0.272222 0.790625 0.272222 0.789062 0.269444 0.7875 0.269444 0.785937 0.266667 0.784375 0.266667 0.778125 0.255556 0.778125 0.252778 0.771875 0.241667 0.770312 0.241667 0.765625 0.233333 0.765625 0.230556 0.764063 0.227778 0.764063 0.180556 0.7625 0.177778 0.7625 0.166667 0.760938 0.163889 0.760938 0.161111 0.759375 0.158333 0.759375 0.155556 0.757812 0.152778 0.757812 0.147222 0.754687 0.141667 0.754687 0.138889 0.746875 0.125 0.746875 0.116667 0.936526
67 0.665625 0.45 0.665625 0.480556 0.670313 0.480556 0.675 0.488889 0.675 0.491667 0.676562 0.494444 0.676562 0.502778 0.682813 0.502778 0.682813 0.494444 0.685938 0.488889 0.685938 0.469444 0.684375 0.466667 0.684375 0.463889 0.68125 0.458333 0.68125 0.45 0.41225
0 0.7 0.116667 0.7 0.127778 0.698438 0.130556 0.696875 0.130556 0.690625 0.141667 0.689062 0.141667 0.685938 0.147222 0.685938 0.15 0.68125 0.158333 0.68125 0.161111 0.679688 0.163889 0.679688 0.166667 0.678125 0.169444 0.678125 0.172222 0.676562 0.175 0.676562 0.202778 0.678125 0.205556 0.678125 0.219444 0.679688 0.222222 0.679688 0.233333 0.68125 0.236111 0.68125 0.252778 0.682813 0.255556 0.682813 0.266667 0.684375 0.269444 0.684375 0.272222 0.6875 0.277778 0.6875 0.280556 0.69375 0.291667 0.69375 0.297222 0.695312 0.3 0.695312 0.308333 0.6875 0.322222 0.685938 0.322222 0.684375 0.325 0.682813 0.325 0.68125 0.327778 0.679688 0.327778 0.676562 0.333333 0.675 0.333333 0.670313 0.341667 0.670313 0.344444 0.665625 0.352778 0.665625 0.355556 0.6625 0.361111 0.6625 0.363889 0.659375 0.369444 0.659375 0.372222 0.657812 0.375 0.657812 0.377778 0.65625 0.380556 0.65625 0.383333 0.654688 0.386111 0.654688 0.388889 0.653125 0.391667 0.653125 0.394444 0.651563 0.397222 0.651563 0.402778 0.65 0.405556 0.65 0.408333 0.648438 0.411111 0.648438 0.419444 0.646875 0.422222 0.646875 0.425 0.645312 0.427778 0.645312 0.436111 0.64375 0.438889 0.64375 0.441667 0.635938 0.455556 0.634375 0.455556 0.632812 0.458333 0.628125 0.458333 0.628125 0.547222 0.635938 0.547222 0.6375 0.55 0.645312 0.55 0.646875 0.552778 0.651563 0.552778 0.653125 0.555556 0.654688 0.555556 0.6625 0.569444 0.6625 0.577778 0.664062 0.580556 0.664062 0.594444 0.6625 0.597222 0.6625 0.608333 0.664062 0.611111 0.664062 0.613889 0.665625 0.616667 0.665625 0.619444 0.667188 0.622222 0.667188 0.625 0.66875 0.627778 0.66875 0.630556 0.670313 0.633333 0.670313 0.636111 0.671875 0.638889 0.671875 0.658333 0.673437 0.661111 0.673437 0.672222 0.675 0.675 0.675 0.686111 0.676562 0.688889 0.676562 0.694444 0.678125 0.697222 0.678125 0.702778 0.68125 0.708333 0.68125 0.711111 0.684375 0.716667 0.684375 0.719444 0.685938 0.719444 0.701563 0.747222 0.701563 0.75 0.704687 0.755556 0.704687 0.761111 0.70625 0.763889 0.70625 0.780556 0.707812 0.783333 0.707812 0.8 0.709375 0.802778 0.709375 0.813889 0.710938 0.816667 0.710938 0.836111 0.7125 0.838889 0.7125 0.866667 0.714063 0.869444 0.714063 0.880556 0.7125 0.883333 0.7125 0.908333 0.714063 0.911111 0.714063 0.958333 0.715625 0.961111 0.715625 0.977778 0.717188 0.980556 0.717188 0.991667 0.804688 0.991667 0.804688 0.944444 0.80625 0.941667 0.80625 0.905556 0.807813 0.902778 0.807813 0.863889 0.809375 0.861111 0.809375 0.783333 0.810938 0.780556 0.810938 0.766667 0.8125 0.763889 0.8125 0.744444 0.814062 0.741667 0.814062 0.636111 0.815625 0.633333 0.815625 0.630556 0.81875 0.625 0.81875 0.622222 0.820312 0.619444 0.820312 0.613889 0.821875 0.611111 0.821875 0.605556 0.823438 0.602778 0.823438 0.594444 0.828125 0.586111 0.829687 0.586111 0.83125 0.583333 0.832812 0.583333 0.834375 0.580556 0.840625 0.580556 0.842188 0.577778 0.845312 0.577778 0.846875 0.575 0.848437 0.575 0.85625 0.561111 0.85625 0.558333 0.857813 0.555556 0.857813 0.55 0.859375 0.547222 0.859375 0.538889 0.860937 0.536111 0.860937 0.527778 0.8625 0.525 0.8625 0.516667 0.864062 0.513889 0.864062 0.483333 0.8625 0.480556 0.8625 0.458333 0.860937 0.455556 0.860937 0.436111 0.859375 0.433333 0.859375 0.416667 0.857813 0.413889 0.857813 0.4 0.85625 0.397222 0.85625 0.386111 0.854688 0.383333 0.854688 0.377778 0.853125 0.375 0.853125 0.369444 0.851562 0.366667 0.851562 0.363889 0.85 0.361111 0.85 0.358333 0.848437 0.355556 0.848437 0.352778 0.846875 0.35 0.846875 0.347222 0.845312 0.344444 0.845312 0.338889 0.84375 0.336111 0.84375 0.333333 0.842188 0.330556 0.842188 0.327778 0.840625 0.325 0.840625 0.322222 0.83125 0.305556 0.829687 0.305556 0.826563 0.3 0.825 0.3 0.823438 0.297222 0.821875 0.297222 0.81875 0.291667 0.817187 0.291667 0.815625 0.288889 0.814062 0.288889 0.8125 0.286111 0.809375 0.286111 0.807813 0.283333 0.80625 0.283333 0.804688 0.280556 0.803125 0.280556 0.801562 0.277778 0.8 0.277778 0.798437 0.275 0.795313 0.275 0.79375 0.272222 0.790625 0.272222 0.789062 0.269444 0.7875 0.269444 0.785937 0.266667 0.784375 0.266667 0.778125 0.255556 0.778125 0.252778 0.771875 0.241667 0.770312 0.241667 0.765625 0.233333 0.765625 0.230556 0.764063 0.227778 0.764063 0.180556 0.7625 0.177778 0.7625 0.166667 0.760938 0.163889 0.760938 0.161111 0.759375 0.158333 0.759375 0.155556 0.757812 0.152778 0.757812 0.147222 0.754687 0.141667 0.754687 0.138889 0.746875 0.125 0.746875 0.116667 0.936526
67 0.665625 0.45 0.665625 0.480556 0.670313 0.480556 0.675 0.488889 0.675 0.491667 0.676562 0.494444 0.676562 0.502778 0.682813 0.502778 0.682813 0.494444 0.685938 0.488889 0.685938 0.469444 0.684375 0.466667 0.684375 0.463889 0.68125 0.458333 0.68125 0.45 0.41225
0 0.7 0.116667 0.7 0.127778 0.698438 0.130556 0.696875 0.130556 0.690625 0.141667 0.689062 0.141667 0.685938 0.147222 0.685938 0.15 0.68125 0.158333 0.68125 0.161111 0.679688 0.163889 0.679688 0.166667 0.678125 0.169444 0.678125 0.172222 0.676562 0.175 0.676562 0.202778 0.678125 0.205556 0.678125 0.219444 0.679688 0.222222 0.679688 0.233333 0.68125 0.236111 0.68125 0.252778 0.682813 0.255556 0.682813 0.266667 0.684375 0.269444 0.684375 0.272222 0.6875 0.277778 0.6875 0.280556 0.69375 0.291667 0.69375 0.297222 0.695312 0.3 0.695312 0.308333 0.6875 0.322222 0.685938 0.322222 0.684375 0.325 0.682813 0.325 0.68125 0.327778 0.679688 0.327778 0.676562 0.333333 0.675 0.333333 0.670313 0.341667 0.670313 0.344444 0.665625 0.352778 0.665625 0.355556 0.6625 0.361111 0.6625 0.363889 0.659375 0.369444 0.659375 0.372222 0.657812 0.375 0.657812 0.377778 0.65625 0.380556 0.65625 0.383333 0.654688 0.386111 0.654688 0.388889 0.653125 0.391667 0.653125 0.394444 0.651563 0.397222 0.651563 0.402778 0.65 0.405556 0.65 0.408333 0.648438 0.411111 0.648438 0.419444 0.646875 0.422222 0.646875 0.425 0.645312 0.427778 0.645312 0.436111 0.64375 0.438889 0.64375 0.441667 0.635938 0.455556 0.634375 0.455556 0.632812 0.458333 0.628125 0.458333 0.628125 0.547222 0.635938 0.547222 0.6375 0.55 0.645312 0.55 0.646875 0.552778 0.651563 0.552778 0.653125 0.555556 0.654688 0.555556 0.6625 0.569444 0.6625 0.577778 0.664062 0.580556 0.664062 0.594444 0.6625 0.597222 0.6625 0.608333 0.664062 0.611111 0.664062 0.613889 0.665625 0.616667 0.665625 0.619444 0.667188 0.622222 0.667188 0.625 0.66875 0.627778 0.66875 0.630556 0.670313 0.633333 0.670313 0.636111 0.671875 0.638889 0.671875 0.658333 0.673437 0.661111 0.673437 0.672222 0.675 0.675 0.675 0.686111 0.676562 0.688889 0.676562 0.694444 0.678125 0.697222 0.678125 0.702778 0.68125 0.708333 0.68125 0.711111 0.684375 0.716667 0.684375 0.719444 0.685938 0.719444 0.701563 0.747222 0.701563 0.75 0.704687 0.755556 0.704687 0.761111 0.70625 0.763889 0.70625 0.780556 0.707812 0.783333 0.707812 0.8 0.709375 0.802778 0.709375 0.813889 0.710938 0.816667 0.710938 0.836111 0.7125 0.838889 0.7125 0.866667 0.714063 0.869444 0.714063 0.880556 0.7125 0.883333 0.7125 0.908333 0.714063 0.911111 0.714063 0.958333 0.715625 0.961111 0.715625 0.977778 0.717188 0.980556 0.717188 0.991667 0.804688 0.991667 0.804688 0.944444 0.80625 0.941667 0.80625 0.905556 0.807813 0.902778 0.807813 0.863889 0.809375 0.861111 0.809375 0.783333 0.810938 0.780556 0.810938 0.766667 0.8125 0.763889 0.8125 0.744444 0.814062 0.741667 0.814062 0.636111 0.815625 0.633333 0.815625 0.630556 0.81875 0.625 0.81875 0.622222 0.820312 0.619444 0.820312 0.613889 0.821875 0.611111 0.821875 0.605556 0.823438 0.602778 0.823438 0.594444 0.828125 0.586111 0.829687 0.586111 0.83125 0.583333 0.832812 0.583333 0.834375 0.580556 0.840625 0.580556 0.842188 0.577778 0.845312 0.577778 0.846875 0.575 0.848437 0.575 0.85625 0.561111 0.85625 0.558333 0.857813 0.555556 0.857813 0.55 0.859375 0.547222 0.859375 0.538889 0.860937 0.536111 0.860937 0.527778 0.8625 0.525 0.8625 0.516667 0.864062 0.513889 0.864062 0.483333 0.8625 0.480556 0.8625 0.458333 0.860937 0.455556 0.860937 0.436111 0.859375 0.433333 0.859375 0.416667 0.857813 0.413889 0.857813 0.4 0.85625 0.397222 0.85625 0.386111 0.854688 0.383333 0.854688 0.377778 0.853125 0.375 0.853125 0.369444 0.851562 0.366667 0.851562 0.363889 0.85 0.361111 0.85 0.358333 0.848437 0.355556 0.848437 0.352778 0.846875 0.35 0.846875 0.347222 0.845312 0.344444 0.845312 0.338889 0.84375 0.336111 0.84375 0.333333 0.842188 0.330556 0.842188 0.327778 0.840625 0.325 0.840625 0.322222 0.83125 0.305556 0.829687 0.305556 0.826563 0.3 0.825 0.3 0.823438 0.297222 0.821875 0.297222 0.81875 0.291667 0.817187 0.291667 0.815625 0.288889 0.814062 0.288889 0.8125 0.286111 0.809375 0.286111 0.807813 0.283333 0.80625 0.283333 0.804688 0.280556 0.803125 0.280556 0.801562 0.277778 0.8 0.277778 0.798437 0.275 0.795313 0.275 0.79375 0.272222 0.790625 0.272222 0.789062 0.269444 0.7875 0.269444 0.785937 0.266667 0.784375 0.266667 0.778125 0.255556 0.778125 0.252778 0.771875 0.241667 0.770312 0.241667 0.765625 0.233333 0.765625 0.230556 0.764063 0.227778 0.764063 0.180556 0.7625 0.177778 0.7625 0.166667 0.760938 0.163889 0.760938 0.161111 0.759375 0.158333 0.759375 0.155556 0.757812 0.152778 0.757812 0.147222 0.754687 0.141667 0.754687 0.138889 0.746875 0.125 0.746875 0.116667 0.936526
67 0.665625 0.45 0.665625 0.480556 0.670313 0.480556 0.675 0.488889 0.675 0.491667 0.676562 0.494444 0.676562 0.502778 0.682813 0.502778 0.682813 0.494444 0.685938 0.488889 0.685938 0.469444 0.684375 0.466667 0.684375 0.463889 0.68125 0.458333 0.68125 0.45 0.41225
0 0.7 0.116667 0.7 0.127778 0.698438 0.130556 0.696875 0.130556 0.690625 0.141667 0.689062 0.141667 0.685938 0.147222 0.685938 0.15 0.68125 0.158333 0.68125 0.161111 0.679688 0.163889 0.679688 0.166667 0.678125 0.169444 0.678125 0.172222 0.676562 0.175 0.676562 0.202778 0.678125 0.205556 0.678125 0.219444 0.679688 0.222222 0.679688 0.233333 0.68125 0.236111 0.68125 0.252778 0.682813 0.255556 0.682813 0.266667 0.684375 0.269444 0.684375 0.272222 0.6875 0.277778 0.6875 0.280556 0.69375 0.291667 0.69375 0.297222 0.695312 0.3 0.695312 0.308333 0.6875 0.322222 0.685938 0.322222 0.684375 0.325 0.682813 0.325 0.68125 0.327778 0.679688 0.327778 0.676562 0.333333 0.675 0.333333 0.670313 0.341667 0.670313 0.344444 0.665625 0.352778 0.665625 0.355556 0.6625 0.361111 0.6625 0.363889 0.659375 0.369444 0.659375 0.372222 0.657812 0.375 0.657812 0.377778 0.65625 0.380556 0.65625 0.383333 0.654688 0.386111 0.654688 0.388889 0.653125 0.391667 0.653125 0.394444 0.651563 0.397222 0.651563 0.402778 0.65 0.405556 0.65 0.408333 0.648438 0.411111 0.648438 0.419444 0.646875 0.422222 0.646875 0.425 0.645312 0.427778 0.645312 0.436111 0.64375 0.438889 0.64375 0.441667 0.635938 0.455556 0.634375 0.455556 0.632812 0.458333 0.628125 0.458333 0.628125 0.547222 0.635938 0.547222 0.6375 0.55 0.645312 0.55 0.646875 0.552778 0.651563 0.552778 0.653125 0.555556 0.654688 0.555556 0.6625 0.569444 0.6625 0.577778 0.664062 0.580556 0.664062 0.594444 0.6625 0.597222 0.6625 0.608333 0.664062 0.611111 0.664062 0.613889 0.665625 0.616667 0.665625 0.619444 0.667188 0.622222 0.667188 0.625 0.66875 0.627778 0.66875 0.630556 0.670313 0.633333 0.670313 0.636111 0.671875 0.638889 0.671875 0.658333 0.673437 0.661111 0.673437 0.672222 0.675 0.675 0.675 0.686111 0.676562 0.688889 0.676562 0.694444 0.678125 0.697222 0.678125 0.702778 0.68125 0.708333 0.68125 0.711111 0.684375 0.716667 0.684375 0.719444 0.685938 0.719444 0.701563 0.747222 0.701563 0.75 0.704687 0.755556 0.704687 0.761111 0.70625 0.763889 0.70625 0.780556 0.707812 0.783333 0.707812 0.8 0.709375 0.802778 0.709375 0.813889 0.710938 0.816667 0.710938 0.836111 0.7125 0.838889 0.7125 0.866667 0.714063 0.869444 0.714063 0.880556 0.7125 0.883333 0.7125 0.908333 0.714063 0.911111 0.714063 0.958333 0.715625 0.961111 0.715625 0.977778 0.717188 0.980556 0.717188 0.991667 0.804688 0.991667 0.804688 0.944444 0.80625 0.941667 0.80625 0.905556 0.807813 0.902778 0.807813 0.863889 0.809375 0.861111 0.809375 0.783333 0.810938 0.780556 0.810938 0.766667 0.8125 0.763889 0.8125 0.744444 0.814062 0.741667 0.814062 0.636111 0.815625 0.633333 0.815625 0.630556 0.81875 0.625 0.81875 0.622222 0.820312 0.619444 0.820312 0.613889 0.821875 0.611111 0.821875 0.605556 0.823438 0.602778 0.823438 0.594444 0.828125 0.586111 0.829687 0.586111 0.83125 0.583333 0.832812 0.583333 0.834375 0.580556 0.840625 0.580556 0.842188 0.577778 0.845312 0.577778 0.846875 0.575 0.848437 0.575 0.85625 0.561111 0.85625 0.558333 0.857813 0.555556 0.857813 0.55 0.859375 0.547222 0.859375 0.538889 0.860937 0.536111 0.860937 0.527778 0.8625 0.525 0.8625 0.516667 0.864062 0.513889 0.864062 0.483333 0.8625 0.480556 0.8625 0.458333 0.860937 0.455556 0.860937 0.436111 0.859375 0.433333 0.859375 0.416667 0.857813 0.413889 0.857813 0.4 0.85625 0.397222 0.85625 0.386111 0.854688 0.383333 0.854688 0.377778 0.853125 0.375 0.853125 0.369444 0.851562 0.366667 0.851562 0.363889 0.85 0.361111 0.85 0.358333 0.848437 0.355556 0.848437 0.352778 0.846875 0.35 0.846875 0.347222 0.845312 0.344444 0.845312 0.338889 0.84375 0.336111 0.84375 0.333333 0.842188 0.330556 0.842188 0.327778 0.840625 0.325 0.840625 0.322222 0.83125 0.305556 0.829687 0.305556 0.826563 0.3 0.825 0.3 0.823438 0.297222 0.821875 0.297222 0.81875 0.291667 0.817187 0.291667 0.815625 0.288889 0.814062 0.288889 0.8125 0.286111 0.809375 0.286111 0.807813 0.283333 0.80625 0.283333 0.804688 0.280556 0.803125 0.280556 0.801562 0.277778 0.8 0.277778 0.798437 0.275 0.795313 0.275 0.79375 0.272222 0.790625 0.272222 0.789062 0.269444 0.7875 0.269444 0.785937 0.266667 0.784375 0.266667 0.778125 0.255556 0.778125 0.252778 0.771875 0.241667 0.770312 0.241667 0.765625 0.233333 0.765625 0.230556 0.764063 0.227778 0.764063 0.180556 0.7625 0.177778 0.7625 0.166667 0.760938 0.163889 0.760938 0.161111 0.759375 0.158333 0.759375 0.155556 0.757812 0.152778 0.757812 0.147222 0.754687 0.141667 0.754687 0.138889 0.746875 0.125 0.746875 0.116667 0.936526
67 0.665625 0.45 0.665625 0.480556 0.670313 0.480556 0.675 0.488889 0.675 0.491667 0.676562 0.494444 0.676562 0.502778 0.682813 0.502778 0.682813 0.494444 0.685938 0.488889 0.685938 0.469444 0.684375 0.466667 0.684375 0.463889 0.68125 0.458333 0.68125 0.45 0.41225
