62 0.003125 0.227778 0.003125 0.688889 0.009375 0.688889 0.0109375 0.691667 0.0109375 0.694444 0.0125 0.697222 0.0125 0.7 0.015625 0.705556 0.0109375 0.713889 0.009375 0.713889 0.0078125 0.716667 0.003125 0.716667 0.003125 0.813889 0.0515625 0.813889 0.0515625 0.805556 0.053125 0.802778 0.05625 0.802778 0.0578125 0.8 0.0703125 0.8 0.071875 0.797222 0.0875 0.797222 0.0890625 0.794444 0.09375 0.794444 0.0953125 0.791667 0.0984375 0.791667 0.1 0.788889 0.104687 0.788889 0.10625 0.786111 0.110937 0.786111 0.1125 0.783333 0.126563 0.783333 0.126563 0.738889 0.120312 0.738889 0.11875 0.736111 0.11875 0.733333 0.115625 0.727778 0.115625 0.722222 0.117188 0.719444 0.117188 0.716667 0.115625 0.713889 0.114063 0.713889 0.1125 0.711111 0.110937 0.711111 0.107813 0.705556 0.107813 0.694444 0.10625 0.691667 0.10625 0.672222 0.104687 0.669444 0.104687 0.625 0.10625 0.622222 0.10625 0.602778 0.107813 0.6 0.107813 0.588889 0.109375 0.586111 0.109375 0.583333 0.110937 0.580556 0.110937 0.572222 0.1125 0.569444 0.1125 0.563889 0.114063 0.561111 0.114063 0.519444 0.1125 0.516667 0.1125 0.469444 0.110937 0.466667 0.110937 0.441667 0.109375 0.438889 0.110937 0.436111 0.110937 0.425 0.1125 0.422222 0.1125 0.416667 0.114063 0.413889 0.114063 0.405556 0.115625 0.402778 0.115625 0.4 0.117188 0.397222 0.117188 0.391667 0.11875 0.388889 0.11875 0.338889 0.117188 0.336111 0.117188 0.277778 0.11875 0.275 0.11875 0.266667 0.117188 0.263889 0.117188 0.258333 0.11875 0.255556 0.11875 0.247222 0.117188 0.244444 0.117188 0.241667 0.115625 0.238889 0.115625 0.227778 0.52102
0 0.39375 0.45 0.39375 0.458333 0.390625 0.463889 0.389062 0.463889 0.3875 0.466667 0.385938 0.466667 0.38125 0.475 0.379687 0.475 0.379687 0.477778 0.371875 0.491667 0.371875 0.494444 0.367188 0.502778 0.367188 0.505556 0.3625 0.513889 0.3625 0.516667 0.359375 0.522222 0.359375 0.525 0.353125 0.536111 0.353125 0.538889 0.351562 0.541667 0.351562 0.544444 0.348437 0.55 0.348437 0.552778 0.346875 0.555556 0.346875 0.558333 0.345313 0.561111 0.345313 0.563889 0.34375 0.566667 0.34375 0.569444 0.342187 0.572222 0.342187 0.575 0.340625 0.577778 0.340625 0.580556 0.3375 0.586111 0.3375 0.588889 0.335938 0.591667 0.335938 0.594444 0.332812 0.6 0.332812 0.602778 0.329688 0.608333 0.329688 0.613889 0.326562 0.619444 0.326562 0.622222 0.323438 0.627778 0.323438 0.630556 0.317187 0.641667 0.317187 0.644444 0.3 0.675 0.298438 0.675 0.29375 0.683333 0.292188 0.683333 0.289062 0.688889 0.2875 0.688889 0.285937 0.691667 0.284375 0.691667 0.282813 0.694444 0.279687 0.694444 0.278125 0.697222 0.276563 0.697222 0.26875 0.711111 0.267188 0.711111 0.264062 0.716667 0.2625 0.716667 0.260938 0.719444 0.259375 0.719444 0.254687 0.727778 0.253125 0.727778 0.251563 0.730556 0.25 0.730556 0.239063 0.75 0.2375 0.75 0.232812 0.758333 0.23125 0.758333 0.21875 0.780556 0.21875 0.783333 0.214062 0.791667 0.214062 0.794444 0.210938 0.8 0.210938 0.802778 0.209375 0.805556 0.209375 0.808333 0.207813 0.811111 0.207813 0.813889 0.204688 0.819444 0.204688 0.822222 0.203125 0.825 0.203125 0.830556 0.201562 0.833333 0.201562 0.841667 0.2 0.844444 0.2 0.85 0.198437 0.852778 0.198437 0.861111 0.196875 0.863889 0.196875 0.869444 0.195312 0.872222 0.190625 0.872222 0.190625 0.991667 0.45625 0.991667 0.45625 0.975 0.457812 0.972222 0.457812 0.969444 0.45625 0.966667 0.45625 0.936111 0.454688 0.933333 0.454688 0.925 0.453125 0.922222 0.453125 0.919444 0.451562 0.916667 0.451562 0.911111 0.45 0.908333 0.45 0.902778 0.448438 0.9 0.448438 0.897222 0.446875 0.894444 0.446875 0.883333 0.445312 0.880556 0.445312 0.863889 0.44375 0.861111 0.44375 0.855556 0.442187 0.852778 0.442187 0.847222 0.440625 0.844444 0.440625 0.838889 0.439063 0.836111 0.439063 0.833333 0.4375 0.830556 0.4375 0.827778 0.434375 0.822222 0.434375 0.819444 0.432813 0.816667 0.432813 0.813889 0.429688 0.808333 0.429688 0.805556 0.428125 0.802778 0.428125 0.8 0.426562 0.797222 0.426562 0.791667 0.425 0.788889 0.425 0.783333 0.423438 0.780556 0.423438 0.775 0.421875 0.772222 0.421875 0.766667 0.420312 0.763889 0.420312 0.761111 0.41875 0.758333 0.41875 0.75 0.417188 0.747222 0.417188 0.738889 0.415625 0.736111 0.415625 0.730556 0.414062 0.727778 0.414062 0.725 0.4125 0.722222 0.410937 0.722222 0.409375 0.719444 0.407813 0.719444 0.40625 0.716667 0.4 0.716667 0.398438 0.713889 0.395312 0.713889 0.39375 0.711111 0.390625 0.711111 0.3875 0.705556 0.3875 0.702778 0.384375 0.697222 0.384375 0.694444 0.382812 0.691667 0.382812 0.675 0.38125 0.672222 0.382812 0.669444 0.382812 0.658333 0.384375 0.655556 0.384375 0.65 0.385938 0.647222 0.385938 0.644444 0.3875 0.641667 0.3875 0.636111 0.389062 0.633333 0.389062 0.630556 0.392188 0.625 0.392188 0.622222 0.39375 0.619444 0.39375 0.616667 0.395312 0.613889 0.395312 0.611111 0.398438 0.605556 0.398438 0.6 0.4 0.597222 0.4 0.591667 0.403125 0.586111 0.403125 0.583333 0.404687 0.580556 0.404687 0.575 0.40625 0.572222 0.40625 0.569444 0.409375 0.563889 0.409375 0.561111 0.410937 0.558333 0.410937 0.555556 0.417188 0.544444 0.417188 0.541667 0.423438 0.530556 0.423438 0.527778 0.425 0.525 0.425 0.522222 0.426562 0.519444 0.426562 0.516667 0.428125 0.513889 0.428125 0.511111 0.429688 0.508333 0.429688 0.505556 0.43125 0.502778 0.43125 0.472222 0.429688 0.469444 0.429688 0.466667 0.428125 0.463889 0.426562 0.463889 0.423438 0.458333 0.423438 0.45 0.332614
62 0.003125 0.227778 0.003125 0.688889 0.009375 0.688889 0.0109375 0.691667 0.0109375 0.694444 0.0125 0.697222 0.0125 0.7 0.015625 0.705556 0.0109375 0.713889 0.009375 0.713889 0.0078125 0.716667 0.003125 0.716667 0.003125 0.813889 0.0515625 0.813889 0.0515625 0.805556 0.053125 0.802778 0.05625 0.802778 0.0578125 0.8 0.0703125 0.8 0.071875 0.797222 0.0875 0.797222 0.0890625 0.794444 0.09375 0.794444 0.0953125 0.791667 0.0984375 0.791667 0.1 0.788889 0.104687 0.788889 0.10625 0.786111 0.110937 0.786111 0.1125 0.783333 0.126563 0.783333 0.126563 0.738889 0.120312 0.738889 0.11875 0.736111 0.11875 0.733333 0.115625 0.727778 0.115625 0.722222 0.117188 0.719444 0.117188 0.716667 0.115625 0.713889 0.114063 0.713889 0.1125 0.711111 0.110937 0.711111 0.107813 0.705556 0.107813 0.694444 0.10625 0.691667 0.10625 0.672222 0.104687 0.669444 0.104687 0.625 0.10625 0.622222 0.10625 0.602778 0.107813 0.6 0.107813 0.588889 0.109375 0.586111 0.109375 0.583333 0.110937 0.580556 0.110937 0.572222 0.1125 0.569444 0.1125 0.563889 0.114063 0.561111 0.114063 0.519444 0.1125 0.516667 0.1125 0.469444 0.110937 0.466667 0.110937 0.441667 0.109375 0.438889 0.110937 0.436111 0.110937 0.425 0.1125 0.422222 0.1125 0.416667 0.114063 0.413889 0.114063 0.405556 0.115625 0.402778 0.115625 0.4 0.117188 0.397222 0.117188 0.391667 0.11875 0.388889 0.11875 0.338889 0.117188 0.336111 0.117188 0.277778 0.11875 0.275 0.11875 0.266667 0.117188 0.263889 0.117188 0.258333 0.11875 0.255556 0.11875 0.247222 0.117188 0.244444 0.117188 0.241667 0.115625 0.238889 0.115625 0.227778 0.52102
0 0.39375 0.45 0.39375 0.458333 0.390625 0.463889 0.389062 0.463889 0.3875 0.466667 0.385938 0.466667 0.38125 0.475 0.379687 0.475 0.379687 0.477778 0.371875 0.491667 0.371875 0.494444 0.367188 0.502778 0.367188 0.505556 0.3625 0.513889 0.3625 0.516667 0.359375 0.522222 0.359375 0.525 0.353125 0.536111 0.353125 0.538889 0.351562 0.541667 0.351562 0.544444 0.348437 0.55 0.348437 0.552778 0.346875 0.555556 0.346875 0.558333 0.345313 0.561111 0.345313 0.563889 0.34375 0.566667 0.34375 0.569444 0.342187 0.572222 0.342187 0.575 0.340625 0.577778 0.340625 0.580556 0.3375 0.586111 0.3375 0.588889 0.335938 0.591667 0.335938 0.594444 0.332812 0.6 0.332812 0.602778 0.329688 0.608333 0.329688 0.613889 0.326562 0.619444 0.326562 0.622222 0.323438 0.627778 0.323438 0.630556 0.317187 0.641667 0.317187 0.644444 0.3 0.675 0.298438 0.675 0.29375 0.683333 0.292188 0.683333 0.289062 0.688889 0.2875 0.688889 0.285937 0.691667 0.284375 0.691667 0.282813 0.694444 0.279687 0.694444 0.278125 0.697222 0.276563 0.697222 0.26875 0.711111 0.267188 0.711111 0.264062 0.716667 0.2625 0.716667 0.260938 0.719444 0.259375 0.719444 0.254687 0.727778 0.253125 0.727778 0.251563 0.730556 0.25 0.730556 0.239063 0.75 0.2375 0.75 0.232812 0.758333 0.23125 0.758333 0.21875 0.780556 0.21875 0.783333 0.214062 0.791667 0.214062 0.794444 0.210938 0.8 0.210938 0.802778 0.209375 0.805556 0.209375 0.808333 0.207813 0.811111 0.207813 0.813889 0.204688 0.819444 0.204688 0.822222 0.203125 0.825 0.203125 0.830556 0.201562 0.833333 0.201562 0.841667 0.2 0.844444 0.2 0.85 0.198437 0.852778 0.198437 0.861111 0.196875 0.863889 0.196875 0.869444 0.195312 0.872222 0.190625 0.872222 0.190625 0.991667 0.45625 0.991667 0.45625 0.975 0.457812 0.972222 0.457812 0.969444 0.45625 0.966667 0.45625 0.936111 0.454688 0.933333 0.454688 0.925 0.453125 0.922222 0.453125 0.919444 0.451562 0.916667 0.451562 0.911111 0.45 0.908333 0.45 0.902778 0.448438 0.9 0.448438 0.897222 0.446875 0.894444 0.446875 0.883333 0.445312 0.880556 0.445312 0.863889 0.44375 0.861111 0.44375 0.855556 0.442187 0.852778 0.442187 0.847222 0.440625 0.844444 0.440625 0.838889 0.439063 0.836111 0.439063 0.833333 0.4375 0.830556 0.4375 0.827778 0.434375 0.822222 0.434375 0.819444 0.432813 0.816667 0.432813 0.813889 0.429688 0.808333 0.429688 0.805556 0.428125 0.802778 0.428125 0.8 0.426562 0.797222 0.426562 0.791667 0.425 0.788889 0.425 0.783333 0.423438 0.780556 0.423438 0.775 0.421875 0.772222 0.421875 0.766667 0.420312 0.763889 0.420312 0.761111 0.41875 0.758333 0.41875 0.75 0.417188 0.747222 0.417188 0.738889 0.415625 0.736111 0.415625 0.730556 0.414062 0.727778 0.414062 0.725 0.4125 0.722222 0.410937 0.722222 0.409375 0.719444 0.407813 0.719444 0.40625 0.716667 0.4 0.716667 0.398438 0.713889 0.395312 0.713889 0.39375 0.711111 0.390625 0.711111 0.3875 0.705556 0.3875 0.702778 0.384375 0.697222 0.384375 0.694444 0.382812 0.691667 0.382812 0.675 0.38125 0.672222 0.382812 0.669444 0.382812 0.658333 0.384375 0.655556 0.384375 0.65 0.385938 0.647222 0.385938 0.644444 0.3875 0.641667 0.3875 0.636111 0.389062 0.633333 0.389062 0.630556 0.392188 0.625 0.392188 0.622222 0.39375 0.619444 0.39375 0.616667 0.395312 0.613889 0.395312 0.611111 0.398438 0.605556 0.398438 0.6 0.4 0.597222 0.4 0.591667 0.403125 0.586111 0.403125 0.583333 0.404687 0.580556 0.404687 0.575 0.40625 0.572222 0.40625 0.569444 0.409375 0.563889 0.409375 0.561111 0.410937 0.558333 0.410937 0.555556 0.417188 0.544444 0.417188 0.541667 0.423438 0.530556 0.423438 0.527778 0.425 0.525 0.425 0.522222 0.426562 0.519444 0.426562 0.516667 0.428125 0.513889 0.428125 0.511111 0.429688 0.508333 0.429688 0.505556 0.43125 0.502778 0.43125 0.472222 0.429688 0.469444 0.429688 0.466667 0.428125 0.463889 0.426562 0.463889 0.423438 0.458333 0.423438 0.45 0.332614
62 0.003125 0.227778 0.003125 0.688889 0.009375 0.688889 0.0109375 0.691667 0.0109375 0.694444 0.0125 0.697222 0.0125 0.7 0.015625 0.705556 0.0109375 0.713889 0.009375 0.713889 0.0078125 0.716667 0.003125 0.716667 0.003125 0.813889 0.0515625 0.813889 0.0515625 0.805556 0.053125 0.802778 0.05625 0.802778 0.0578125 0.8 0.0703125 0.8 0.071875 0.797222 0.0875 0.797222 0.0890625 0.794444 0.09375 0.794444 0.0953125 0.791667 0.0984375 0.791667 0.1 0.788889 0.104687 0.788889 0.10625 0.786111 0.110937 0.786111 0.1125 0.783333 0.126563 0.783333 0.126563 0.738889 0.120312 0.738889 0.11875 0.736111 0.11875 0.733333 0.115625 0.727778 0.115625 0.722222 0.117188 0.719444 0.117188 0.716667 0.115625 0.713889 0.114063 0.713889 0.1125 0.711111 0.110937 0.711111 0.107813 0.705556 0.107813 0.694444 0.10625 0.691667 0.10625 0.672222 0.104687 0.669444 0.104687 0.625 0.10625 0.622222 0.10625 0.602778 0.107813 0.6 0.107813 0.588889 0.109375 0.586111 0.109375 0.583333 0.110937 0.580556 0.110937 0.572222 0.1125 0.569444 0.1125 0.563889 0.114063 0.561111 0.114063 0.519444 0.1125 0.516667 0.1125 0.469444 0.110937 0.466667 0.110937 0.441667 0.109375 0.438889 0.110937 0.436111 0.110937 0.425 0.1125 0.422222 0.1125 0.416667 0.114063 0.413889 0.114063 0.405556 0.115625 0.402778 0.115625 0.4 0.117188 0.397222 0.117188 0.391667 0.11875 0.388889 0.11875 0.338889 0.117188 0.336111 0.117188 0.277778 0.11875 0.275 0.11875 0.266667 0.117188 0.263889 0.117188 0.258333 0.11875 0.255556 0.11875 0.247222 0.117188 0.244444 0.117188 0.241667 0.115625 0.238889 0.115625 0.227778 0.52102
0 0.39375 0.45 0.39375 0.458333 0.390625 0.463889 0.389062 0.463889 0.3875 0.466667 0.385938 0.466667 0.38125 0.475 0.379687 0.475 0.379687 0.477778 0.371875 0.491667 0.371875 0.494444 0.367188 0.502778 0.367188 0.505556 0.3625 0.513889 0.3625 0.516667 0.359375 0.522222 0.359375 0.525 0.353125 0.536111 0.353125 0.538889 0.351562 0.541667 0.351562 0.544444 0.348437 0.55 0.348437 0.552778 0.346875 0.555556 0.346875 0.558333 0.345313 0.561111 0.345313 0.563889 0.34375 0.566667 0.34375 0.569444 0.342187 0.572222 0.342187 0.575 0.340625 0.577778 0.340625 0.580556 0.3375 0.586111 0.3375 0.588889 0.335938 0.591667 0.335938 0.594444 0.332812 0.6 0.332812 0.602778 0.329688 0.608333 0.329688 0.613889 0.326562 0.619444 0.326562 0.622222 0.323438 0.627778 0.323438 0.630556 0.317187 0.641667 0.317187 0.644444 0.3 0.675 0.298438 0.675 0.29375 0.683333 0.292188 0.683333 0.289062 0.688889 0.2875 0.688889 0.285937 0.691667 0.284375 0.691667 0.282813 0.694444 0.279687 0.694444 0.278125 0.697222 0.276563 0.697222 0.26875 0.711111 0.267188 0.711111 0.264062 0.716667 0.2625 0.716667 0.260938 0.719444 0.259375 0.719444 0.254687 0.727778 0.253125 0.727778 0.251563 0.730556 0.25 0.730556 0.239063 0.75 0.2375 0.75 0.232812 0.758333 0.23125 0.758333 0.21875 0.780556 0.21875 0.783333 0.214062 0.791667 0.214062 0.794444 0.210938 0.8 0.210938 0.802778 0.209375 0.805556 0.209375 0.808333 0.207813 0.811111 0.207813 0.813889 0.204688 0.819444 0.204688 0.822222 0.203125 0.825 0.203125 0.830556 0.201562 0.833333 0.201562 0.841667 0.2 0.844444 0.2 0.85 0.198437 0.852778 0.198437 0.861111 0.196875 0.863889 0.196875 0.869444 0.195312 0.872222 0.190625 0.872222 0.190625 0.991667 0.45625 0.991667 0.45625 0.975 0.457812 0.972222 0.457812 0.969444 0.45625 0.966667 0.45625 0.936111 0.454688 0.933333 0.454688 0.925 0.453125 0.922222 0.453125 0.919444 0.451562 0.916667 0.451562 0.911111 0.45 0.908333 0.45 0.902778 0.448438 0.9 0.448438 0.897222 0.446875 0.894444 0.446875 0.883333 0.445312 0.880556 0.445312 0.863889 0.44375 0.861111 0.44375 0.855556 0.442187 0.852778 0.442187 0.847222 0.440625 0.844444 0.440625 0.838889 0.439063 0.836111 0.439063 0.833333 0.4375 0.830556 0.4375 0.827778 0.434375 0.822222 0.434375 0.819444 0.432813 0.816667 0.432813 0.813889 0.429688 0.808333 0.429688 0.805556 0.428125 0.802778 0.428125 0.8 0.426562 0.797222 0.426562 0.791667 0.425 0.788889 0.425 0.783333 0.423438 0.780556 0.423438 0.775 0.421875 0.772222 0.421875 0.766667 0.420312 0.763889 0.420312 0.761111 0.41875 0.758333 0.41875 0.75 0.417188 0.747222 0.417188 0.738889 0.415625 0.736111 0.415625 0.730556 0.414062 0.727778 0.414062 0.725 0.4125 0.722222 0.410937 0.722222 0.409375 0.719444 0.407813 0.719444 0.40625 0.716667 0.4 0.716667 0.398438 0.713889 0.395312 0.713889 0.39375 0.711111 0.390625 0.711111 0.3875 0.705556 0.3875 0.702778 0.384375 0.697222 0.384375 0.694444 0.382812 0.691667 0.382812 0.675 0.38125 0.672222 0.382812 0.669444 0.382812 0.658333 0.384375 0.655556 0.384375 0.65 0.385938 0.647222 0.385938 0.644444 0.3875 0.641667 0.3875 0.636111 0.389062 0.633333 0.389062 0.630556 0.392188 0.625 0.392188 0.622222 0.39375 0.619444 0.39375 0.616667 0.395312 0.613889 0.395312 0.611111 0.398438 0.605556 0.398438 0.6 0.4 0.597222 0.4 0.591667 0.403125 0.586111 0.403125 0.583333 0.404687 0.580556 0.404687 0.575 0.40625 0.572222 0.40625 0.569444 0.409375 0.563889 0.409375 0.561111 0.410937 0.558333 0.410937 0.555556 0.417188 0.544444 0.417188 0.541667 0.423438 0.530556 0.423438 0.527778 0.425 0.525 0.425 0.522222 0.426562 0.519444 0.426562 0.516667 0.428125 0.513889 0.428125 0.511111 0.429688 0.508333 0.429688 0.505556 0.43125 0.502778 0.43125 0.472222 0.429688 0.469444 0.429688 0.466667 0.428125 0.463889 0.426562 0.463889 0.423438 0.458333 0.423438 0.45 0.332614
62 0.003125 0.227778 0.003125 0.688889 0.009375 0.688889 0.0109375 0.691667 0.0109375 0.694444 0.0125 0.697222 0.0125 0.7 0.015625 0.705556 0.0109375 0.713889 0.009375 0.713889 0.0078125 0.716667 0.003125 0.716667 0.003125 0.813889 0.0515625 0.813889 0.0515625 0.805556 0.053125 0.802778 0.05625 0.802778 0.0578125 0.8 0.0703125 0.8 0.071875 0.797222 0.0875 0.797222 0.0890625 0.794444 0.09375 0.794444 0.0953125 0.791667 0.0984375 0.791667 0.1 0.788889 0.104687 0.788889 0.10625 0.786111 0.110937 0.786111 0.1125 0.783333 0.126563 0.783333 0.126563 0.738889 0.120312 0.738889 0.11875 0.736111 0.11875 0.733333 0.115625 0.727778 0.115625 0.722222 0.117188 0.719444 0.117188 0.716667 0.115625 0.713889 0.114063 0.713889 0.1125 0.711111 0.110937 0.711111 0.107813 0.705556 0.107813 0.694444 0.10625 0.691667 0.10625 0.672222 0.104687 0.669444 0.104687 0.625 0.10625 0.622222 0.10625 0.602778 0.107813 0.6 0.107813 0.588889 0.109375 0.586111 0.109375 0.583333 0.110937 0.580556 0.110937 0.572222 0.1125 0.569444 0.1125 0.563889 0.114063 0.561111 0.114063 0.519444 0.1125 0.516667 0.1125 0.469444 0.110937 0.466667 0.110937 0.441667 0.109375 0.438889 0.110937 0.436111 0.110937 0.425 0.1125 0.422222 0.1125 0.416667 0.114063 0.413889 0.114063 0.405556 0.115625 0.402778 0.115625 0.4 0.117188 0.397222 0.117188 0.391667 0.11875 0.388889 0.11875 0.338889 0.117188 0.336111 0.117188 0.277778 0.11875 0.275 0.11875 0.266667 0.117188 0.263889 0.117188 0.258333 0.11875 0.255556 0.11875 0.247222 0.117188 0.244444 0.117188 0.241667 0.115625 0.238889 0.115625 0.227778 0.52102
0 0.39375 0.45 0.39375 0.458333 0.390625 0.463889 0.389062 0.463889 0.3875 0.466667 0.385938 0.466667 0.38125 0.475 0.379687 0.475 0.379687 0.477778 0.371875 0.491667 0.371875 0.494444 0.367188 0.502778 0.367188 0.505556 0.3625 0.513889 0.3625 0.516667 0.359375 0.522222 0.359375 0.525 0.353125 0.536111 0.353125 0.538889 0.351562 0.541667 0.351562 0.544444 0.348437 0.55 0.348437 0.552778 0.346875 0.555556 0.346875 0.558333 0.345313 0.561111 0.345313 0.563889 0.34375 0.566667 0.34375 0.569444 0.342187 0.572222 0.342187 0.575 0.340625 0.577778 0.340625 0.580556 0.3375 0.586111 0.3375 0.588889 0.335938 0.591667 0.335938 0.594444 0.332812 0.6 0.332812 0.602778 0.329688 0.608333 0.329688 0.613889 0.326562 0.619444 0.326562 0.622222 0.323438 0.627778 0.323438 0.630556 0.317187 0.641667 0.317187 0.644444 0.3 0.675 0.298438 0.675 0.29375 0.683333 0.292188 0.683333 0.289062 0.688889 0.2875 0.688889 0.285937 0.691667 0.284375 0.691667 0.282813 0.694444 0.279687 0.694444 0.278125 0.697222 0.276563 0.697222 0.26875 0.711111 0.267188 0.711111 0.264062 0.716667 0.2625 0.716667 0.260938 0.719444 0.259375 0.719444 0.254687 0.727778 0.253125 0.727778 0.251563 0.730556 0.25 0.730556 0.239063 0.75 0.2375 0.75 0.232812 0.758333 0.23125 0.758333 0.21875 0.780556 0.21875 0.783333 0.214062 0.791667 0.214062 0.794444 0.210938 0.8 0.210938 0.802778 0.209375 0.805556 0.209375 0.808333 0.207813 0.811111 0.207813 0.813889 0.204688 0.819444 0.204688 0.822222 0.203125 0.825 0.203125 0.830556 0.201562 0.833333 0.201562 0.841667 0.2 0.844444 0.2 0.85 0.198437 0.852778 0.198437 0.861111 0.196875 0.863889 0.196875 0.869444 0.195312 0.872222 0.190625 0.872222 0.190625 0.991667 0.45625 0.991667 0.45625 0.975 0.457812 0.972222 0.457812 0.969444 0.45625 0.966667 0.45625 0.936111 0.454688 0.933333 0.454688 0.925 0.453125 0.922222 0.453125 0.919444 0.451562 0.916667 0.451562 0.911111 0.45 0.908333 0.45 0.902778 0.448438 0.9 0.448438 0.897222 0.446875 0.894444 0.446875 0.883333 0.445312 0.880556 0.445312 0.863889 0.44375 0.861111 0.44375 0.855556 0.442187 0.852778 0.442187 0.847222 0.440625 0.844444 0.440625 0.838889 0.439063 0.836111 0.439063 0.833333 0.4375 0.830556 0.4375 0.827778 0.434375 0.822222 0.434375 0.819444 0.432813 0.816667 0.432813 0.813889 0.429688 0.808333 0.429688 0.805556 0.428125 0.802778 0.428125 0.8 0.426562 0.797222 0.426562 0.791667 0.425 0.788889 0.425 0.783333 0.423438 0.780556 0.423438 0.775 0.421875 0.772222 0.421875 0.766667 0.420312 0.763889 0.420312 0.761111 0.41875 0.758333 0.41875 0.75 0.417188 0.747222 0.417188 0.738889 0.415625 0.736111 0.415625 0.730556 0.414062 0.727778 0.414062 0.725 0.4125 0.722222 0.410937 0.722222 0.409375 0.719444 0.407813 0.719444 0.40625 0.716667 0.4 0.716667 0.398438 0.713889 0.395312 0.713889 0.39375 0.711111 0.390625 0.711111 0.3875 0.705556 0.3875 0.702778 0.384375 0.697222 0.384375 0.694444 0.382812 0.691667 0.382812 0.675 0.38125 0.672222 0.382812 0.669444 0.382812 0.658333 0.384375 0.655556 0.384375 0.65 0.385938 0.647222 0.385938 0.644444 0.3875 0.641667 0.3875 0.636111 0.389062 0.633333 0.389062 0.630556 0.392188 0.625 0.392188 0.622222 0.39375 0.619444 0.39375 0.616667 0.395312 0.613889 0.395312 0.611111 0.398438 0.605556 0.398438 0.6 0.4 0.597222 0.4 0.591667 0.403125 0.586111 0.403125 0.583333 0.404687 0.580556 0.404687 0.575 0.40625 0.572222 0.40625 0.569444 0.409375 0.563889 0.409375 0.561111 0.410937 0.558333 0.410937 0.555556 0.417188 0.544444 0.417188 0.541667 0.423438 0.530556 0.423438 0.527778 0.425 0.525 0.425 0.522222 0.426562 0.519444 0.426562 0.516667 0.428125 0.513889 0.428125 0.511111 0.429688 0.508333 0.429688 0.505556 0.43125 0.502778 0.43125 0.472222 0.429688 0.469444 0.429688 0.466667 0.428125 0.463889 0.426562 0.463889 0.423438 0.458333 0.423438 0.45 0.332614
62 0.003125 0.227778 0.003125 0.688889 0.009375 0.688889 0.0109375 0.691667 0.0109375 0.694444 0.0125 0.697222 0.0125 0.7 0.015625 0.705556 0.0109375 0.713889 0.009375 0.713889 0.0078125 0.716667 0.003125 0.716667 0.003125 0.813889 0.0515625 0.813889 0.0515625 0.805556 0.053125 0.802778 0.05625 0.802778 0.0578125 0.8 0.0703125 0.8 0.071875 0.797222 0.0875 0.797222 0.0890625 0.794444 0.09375 0.794444 0.0953125 0.791667 0.0984375 0.791667 0.1 0.788889 0.104687 0.788889 0.10625 0.786111 0.110937 0.786111 0.1125 0.783333 0.126563 0.783333 0.126563 0.738889 0.120312 0.738889 0.11875 0.736111 0.11875 0.733333 0.115625 0.727778 0.115625 0.722222 0.117188 0.719444 0.117188 0.716667 0.115625 0.713889 0.114063 0.713889 0.1125 0.711111 0.110937 0.711111 0.107813 0.705556 0.107813 0.694444 0.10625 0.691667 0.10625 0.672222 0.104687 0.669444 0.104687 0.625 0.10625 0.622222 0.10625 0.602778 0.107813 0.6 0.107813 0.588889 0.109375 0.586111 0.109375 0.583333 0.110937 0.580556 0.110937 0.572222 0.1125 0.569444 0.1125 0.563889 0.114063 0.561111 0.114063 0.519444 0.1125 0.516667 0.1125 0.469444 0.110937 0.466667 0.110937 0.441667 0.109375 0.438889 0.110937 0.436111 0.110937 0.425 0.1125 0.422222 0.1125 0.416667 0.114063 0.413889 0.114063 0.405556 0.115625 0.402778 0.115625 0.4 0.117188 0.397222 0.117188 0.391667 0.11875 0.388889 0.11875 0.338889 0.117188 0.336111 0.117188 0.277778 0.11875 0.275 0.11875 0.266667 0.117188 0.263889 0.117188 0.258333 0.11875 0.255556 0.11875 0.247222 0.117188 0.244444 0.117188 0.241667 0.115625 0.238889 0.115625 0.227778 0.52102
0 0.39375 0.45 0.39375 0.458333 0.390625 0.463889 0.389062 0.463889 0.3875 0.466667 0.385938 0.466667 0.38125 0.475 0.379687 0.475 0.379687 0.477778 0.371875 0.491667 0.371875 0.494444 0.367188 0.502778 0.367188 0.505556 0.3625 0.513889 0.3625 0.516667 0.359375 0.522222 0.359375 0.525 0.353125 0.536111 0.353125 0.538889 0.351562 0.541667 0.351562 0.544444 0.348437 0.55 0.348437 0.552778 0.346875 0.555556 0.346875 0.558333 0.345313 0.561111 0.345313 0.563889 0.34375 0.566667 0.34375 0.569444 0.342187 0.572222 0.342187 0.575 0.340625 0.577778 0.340625 0.580556 0.3375 0.586111 0.3375 0.588889 0.335938 0.591667 0.335938 0.594444 0.332812 0.6 0.332812 0.602778 0.329688 0.608333 0.329688 0.613889 0.326562 0.619444 0.326562 0.622222 0.323438 0.627778 0.323438 0.630556 0.317187 0.641667 0.317187 0.644444 0.3 0.675 0.298438 0.675 0.29375 0.683333 0.292188 0.683333 0.289062 0.688889 0.2875 0.688889 0.285937 0.691667 0.284375 0.691667 0.282813 0.694444 0.279687 0.694444 0.278125 0.697222 0.276563 0.697222 0.26875 0.711111 0.267188 0.711111 0.264062 0.716667 0.2625 0.716667 0.260938 0.719444 0.259375 0.719444 0.254687 0.727778 0.253125 0.727778 0.251563 0.730556 0.25 0.730556 0.239063 0.75 0.2375 0.75 0.232812 0.758333 0.23125 0.758333 0.21875 0.780556 0.21875 0.783333 0.214062 0.791667 0.214062 0.794444 0.210938 0.8 0.210938 0.802778 0.209375 0.805556 0.209375 0.808333 0.207813 0.811111 0.207813 0.813889 0.204688 0.819444 0.204688 0.822222 0.203125 0.825 0.203125 0.830556 0.201562 0.833333 0.201562 0.841667 0.2 0.844444 0.2 0.85 0.198437 0.852778 0.198437 0.861111 0.196875 0.863889 0.196875 0.869444 0.195312 0.872222 0.190625 0.872222 0.190625 0.991667 0.45625 0.991667 0.45625 0.975 0.457812 0.972222 0.457812 0.969444 0.45625 0.966667 0.45625 0.936111 0.454688 0.933333 0.454688 0.925 0.453125 0.922222 0.453125 0.919444 0.451562 0.916667 0.451562 0.911111 0.45 0.908333 0.45 0.902778 0.448438 0.9 0.448438 0.897222 0.446875 0.894444 0.446875 0.883333 0.445312 0.880556 0.445312 0.863889 0.44375 0.861111 0.44375 0.855556 0.442187 0.852778 0.442187 0.847222 0.440625 0.844444 0.440625 0.838889 0.439063 0.836111 0.439063 0.833333 0.4375 0.830556 0.4375 0.827778 0.434375 0.822222 0.434375 0.819444 0.432813 0.816667 0.432813 0.813889 0.429688 0.808333 0.429688 0.805556 0.428125 0.802778 0.428125 0.8 0.426562 0.797222 0.426562 0.791667 0.425 0.788889 0.425 0.783333 0.423438 0.780556 0.423438 0.775 0.421875 0.772222 0.421875 0.766667 0.420312 0.763889 0.420312 0.761111 0.41875 0.758333 0.41875 0.75 0.417188 0.747222 0.417188 0.738889 0.415625 0.736111 0.415625 0.730556 0.414062 0.727778 0.414062 0.725 0.4125 0.722222 0.410937 0.722222 0.409375 0.719444 0.407813 0.719444 0.40625 0.716667 0.4 0.716667 0.398438 0.713889 0.395312 0.713889 0.39375 0.711111 0.390625 0.711111 0.3875 0.705556 0.3875 0.702778 0.384375 0.697222 0.384375 0.694444 0.382812 0.691667 0.382812 0.675 0.38125 0.672222 0.382812 0.669444 0.382812 0.658333 0.384375 0.655556 0.384375 0.65 0.385938 0.647222 0.385938 0.644444 0.3875 0.641667 0.3875 0.636111 0.389062 0.633333 0.389062 0.630556 0.392188 0.625 0.392188 0.622222 0.39375 0.619444 0.39375 0.616667 0.395312 0.613889 0.395312 0.611111 0.398438 0.605556 0.398438 0.6 0.4 0.597222 0.4 0.591667 0.403125 0.586111 0.403125 0.583333 0.404687 0.580556 0.404687 0.575 0.40625 0.572222 0.40625 0.569444 0.409375 0.563889 0.409375 0.561111 0.410937 0.558333 0.410937 0.555556 0.417188 0.544444 0.417188 0.541667 0.423438 0.530556 0.423438 0.527778 0.425 0.525 0.425 0.522222 0.426562 0.519444 0.426562 0.516667 0.428125 0.513889 0.428125 0.511111 0.429688 0.508333 0.429688 0.505556 0.43125 0.502778 0.43125 0.472222 0.429688 0.469444 0.429688 0.466667 0.428125 0.463889 0.426562 0.463889 0.423438 0.458333 0.423438 0.45 0.332614
62 0.003125 0.227778 0.003125 0.688889 0.009375 0.688889 0.0109375 0.691667 0.0109375 0.694444 0.0125 0.697222 0.0125 0.7 0.015625 0.705556 0.0109375 0.713889 0.009375 0.713889 0.0078125 0.716667 0.003125 0.716667 0.003125 0.813889 0.0515625 0.813889 0.0515625 0.805556 0.053125 0.802778 0.05625 0.802778 0.0578125 0.8 0.0703125 0.8 0.071875 0.797222 0.0875 0.797222 0.0890625 0.794444 0.09375 0.794444 0.0953125 0.791667 0.0984375 0.791667 0.1 0.788889 0.104687 0.788889 0.10625 0.786111 0.110937 0.786111 0.1125 0.783333 0.126563 0.783333 0.126563 0.738889 0.120312 0.738889 0.11875 0.736111 0.11875 0.733333 0.115625 0.727778 0.115625 0.722222 0.117188 0.719444 0.117188 0.716667 0.115625 0.713889 0.114063 0.713889 0.1125 0.711111 0.110937 0.711111 0.107813 0.705556 0.107813 0.694444 0.10625 0.691667 0.10625 0.672222 0.104687 0.669444 0.104687 0.625 0.10625 0.622222 0.10625 0.602778 0.107813 0.6 0.107813 0.588889 0.109375 0.586111 0.109375 0.583333 0.110937 0.580556 0.110937 0.572222 0.1125 0.569444 0.1125 0.563889 0.114063 0.561111 0.114063 0.519444 0.1125 0.516667 0.1125 0.469444 0.110937 0.466667 0.110937 0.441667 0.109375 0.438889 0.110937 0.436111 0.110937 0.425 0.1125 0.422222 0.1125 0.416667 0.114063 0.413889 0.114063 0.405556 0.115625 0.402778 0.115625 0.4 0.117188 0.397222 0.117188 0.391667 0.11875 0.388889 0.11875 0.338889 0.117188 0.336111 0.117188 0.277778 0.11875 0.275 0.11875 0.266667 0.117188 0.263889 0.117188 0.258333 0.11875 0.255556 0.11875 0.247222 0.117188 0.244444 0.117188 0.241667 0.115625 0.238889 0.115625 0.227778 0.52102
0 0.39375 0.45 0.39375 0.458333 0.390625 0.463889 0.389062 0.463889 0.3875 0.466667 0.385938 0.466667 0.38125 0.475 0.379687 0.475 0.379687 0.477778 0.371875 0.491667 0.371875 0.494444 0.367188 0.502778 0.367188 0.505556 0.3625 0.513889 0.3625 0.516667 0.359375 0.522222 0.359375 0.525 0.353125 0.536111 0.353125 0.538889 0.351562 0.541667 0.351562 0.544444 0.348437 0.55 0.348437 0.552778 0.346875 0.555556 0.346875 0.558333 0.345313 0.561111 0.345313 0.563889 0.34375 0.566667 0.34375 0.569444 0.342187 0.572222 0.342187 0.575 0.340625 0.577778 0.340625 0.580556 0.3375 0.586111 0.3375 0.588889 0.335938 0.591667 0.335938 0.594444 0.332812 0.6 0.332812 0.602778 0.329688 0.608333 0.329688 0.613889 0.326562 0.619444 0.326562 0.622222 0.323438 0.627778 0.323438 0.630556 0.317187 0.641667 0.317187 0.644444 0.3 0.675 0.298438 0.675 0.29375 0.683333 0.292188 0.683333 0.289062 0.688889 0.2875 0.688889 0.285937 0.691667 0.284375 0.691667 0.282813 0.694444 0.279687 0.694444 0.278125 0.697222 0.276563 0.697222 0.26875 0.711111 0.267188 0.711111 0.264062 0.716667 0.2625 0.716667 0.260938 0.719444 0.259375 0.719444 0.254687 0.727778 0.253125 0.727778 0.251563 0.730556 0.25 0.730556 0.239063 0.75 0.2375 0.75 0.232812 0.758333 0.23125 0.758333 0.21875 0.780556 0.21875 0.783333 0.214062 0.791667 0.214062 0.794444 0.210938 0.8 0.210938 0.802778 0.209375 0.805556 0.209375 0.808333 0.207813 0.811111 0.207813 0.813889 0.204688 0.819444 0.204688 0.822222 0.203125 0.825 0.203125 0.830556 0.201562 0.833333 0.201562 0.841667 0.2 0.844444 0.2 0.85 0.198437 0.852778 0.198437 0.861111 0.196875 0.863889 0.196875 0.869444 0.195312 0.872222 0.190625 0.872222 0.190625 0.991667 0.45625 0.991667 0.45625 0.975 0.457812 0.972222 0.457812 0.969444 0.45625 0.966667 0.45625 0.936111 0.454688 0.933333 0.454688 0.925 0.453125 0.922222 0.453125 0.919444 0.451562 0.916667 0.451562 0.911111 0.45 0.908333 0.45 0.902778 0.448438 0.9 0.448438 0.897222 0.446875 0.894444 0.446875 0.883333 0.445312 0.880556 0.445312 0.863889 0.44375 0.861111 0.44375 0.855556 0.442187 0.852778 0.442187 0.847222 0.440625 0.844444 0.440625 0.838889 0.439063 0.836111 0.439063 0.833333 0.4375 0.830556 0.4375 0.827778 0.434375 0.822222 0.434375 0.819444 0.432813 0.816667 0.432813 0.813889 0.429688 0.808333 0.429688 0.805556 0.428125 0.802778 0.428125 0.8 0.426562 0.797222 0.426562 0.791667 0.425 0.788889 0.425 0.783333 0.423438 0.780556 0.423438 0.775 0.421875 0.772222 0.421875 0.766667 0.420312 0.763889 0.420312 0.761111 0.41875 0.758333 0.41875 0.75 0.417188 0.747222 0.417188 0.738889 0.415625 0.736111 0.415625 0.730556 0.414062 0.727778 0.414062 0.725 0.4125 0.722222 0.410937 0.722222 0.409375 0.719444 0.407813 0.719444 0.40625 0.716667 0.4 0.716667 0.398438 0.713889 0.395312 0.713889 0.39375 0.711111 0.390625 0.711111 0.3875 0.705556 0.3875 0.702778 0.384375 0.697222 0.384375 0.694444 0.382812 0.691667 0.382812 0.675 0.38125 0.672222 0.382812 0.669444 0.382812 0.658333 0.384375 0.655556 0.384375 0.65 0.385938 0.647222 0.385938 0.644444 0.3875 0.641667 0.3875 0.636111 0.389062 0.633333 0.389062 0.630556 0.392188 0.625 0.392188 0.622222 0.39375 0.619444 0.39375 0.616667 0.395312 0.613889 0.395312 0.611111 0.398438 0.605556 0.398438 0.6 0.4 0.597222 0.4 0.591667 0.403125 0.586111 0.403125 0.583333 0.404687 0.580556 0.404687 0.575 0.40625 0.572222 0.40625 0.569444 0.409375 0.563889 0.409375 0.561111 0.410937 0.558333 0.410937 0.555556 0.417188 0.544444 0.417188 0.541667 0.423438 0.530556 0.423438 0.527778 0.425 0.525 0.425 0.522222 0.426562 0.519444 0.426562 0.516667 0.428125 0.513889 0.428125 0.511111 0.429688 0.508333 0.429688 0.505556 0.43125 0.502778 0.43125 0.472222 0.429688 0.469444 0.429688 0.466667 0.428125 0.463889 0.426562 0.463889 0.423438 0.458333 0.423438 0.45 0.332614
62 0.003125 0.227778 0.003125 0.688889 0.009375 0.688889 0.0109375 0.691667 0.0109375 0.694444 0.0125 0.697222 0.0125 0.7 0.015625 0.705556 0.0109375 0.713889 0.009375 0.713889 0.0078125 0.716667 0.003125 0.716667 0.003125 0.813889 0.0515625 0.813889 0.0515625 0.805556 0.053125 0.802778 0.05625 0.802778 0.0578125 0.8 0.0703125 0.8 0.071875 0.797222 0.0875 0.797222 0.0890625 0.794444 0.09375 0.794444 0.0953125 0.791667 0.0984375 0.791667 0.1 0.788889 0.104687 0.788889 0.10625 0.786111 0.110937 0.786111 0.1125 0.783333 0.126563 0.783333 0.126563 0.738889 0.120312 0.738889 0.11875 0.736111 0.11875 0.733333 0.115625 0.727778 0.115625 0.722222 0.117188 0.719444 0.117188 0.716667 0.115625 0.713889 0.114063 0.713889 0.1125 0.711111 0.110937 0.711111 0.107813 0.705556 0.107813 0.694444 0.10625 0.691667 0.10625 0.672222 0.104687 0.669444 0.104687 0.625 0.10625 0.622222 0.10625 0.602778 0.107813 0.6 0.107813 0.588889 0.109375 0.586111 0.109375 0.583333 0.110937 0.580556 0.110937 0.572222 0.1125 0.569444 0.1125 0.563889 0.114063 0.561111 0.114063 0.519444 0.1125 0.516667 0.1125 0.469444 0.110937 0.466667 0.110937 0.441667 0.109375 0.438889 0.110937 0.436111 0.110937 0.425 0.1125 0.422222 0.1125 0.416667 0.114063 0.413889 0.114063 0.405556 0.115625 0.402778 0.115625 0.4 0.117188 0.397222 0.117188 0.391667 0.11875 0.388889 0.11875 0.338889 0.117188 0.336111 0.117188 0.277778 0.11875 0.275 0.11875 0.266667 0.117188 0.263889 0.117188 0.258333 0.11875 0.255556 0.11875 0.247222 0.117188 0.244444 0.117188 0.241667 0.115625 0.238889 0.115625 0.227778 0.52102
0 0.39375 0.45 0.39375 0.458333 0.390625 0.463889 0.389062 0.463889 0.3875 0.466667 0.385938 0.466667 0.38125 0.475 0.379687 0.475 0.379687 0.477778 0.371875 0.491667 0.371875 0.494444 0.367188 0.502778 0.367188 0.505556 0.3625 0.513889 0.3625 0.516667 0.359375 0.522222 0.359375 0.525 0.353125 0.536111 0.353125 0.538889 0.351562 0.541667 0.351562 0.544444 0.348437 0.55 0.348437 0.552778 0.346875 0.555556 0.346875 0.558333 0.345313 0.561111 0.345313 0.563889 0.34375 0.566667 0.34375 0.569444 0.342187 0.572222 0.342187 0.575 0.340625 0.577778 0.340625 0.580556 0.3375 0.586111 0.3375 0.588889 0.335938 0.591667 0.335938 0.594444 0.332812 0.6 0.332812 0.602778 0.329688 0.608333 0.329688 0.613889 0.326562 0.619444 0.326562 0.622222 0.323438 0.627778 0.323438 0.630556 0.317187 0.641667 0.317187 0.644444 0.3 0.675 0.298438 0.675 0.29375 0.683333 0.292188 0.683333 0.289062 0.688889 0.2875 0.688889 0.285937 0.691667 0.284375 0.691667 0.282813 0.694444 0.279687 0.694444 0.278125 0.697222 0.276563 0.697222 0.26875 0.711111 0.267188 0.711111 0.264062 0.716667 0.2625 0.716667 0.260938 0.719444 0.259375 0.719444 0.254687 0.727778 0.253125 0.727778 0.251563 0.730556 0.25 0.730556 0.239063 0.75 0.2375 0.75 0.232812 0.758333 0.23125 0.758333 0.21875 0.780556 0.21875 0.783333 0.214062 0.791667 0.214062 0.794444 0.210938 0.8 0.210938 0.802778 0.209375 0.805556 0.209375 0.808333 0.207813 0.811111 0.207813 0.813889 0.204688 0.819444 0.204688 0.822222 0.203125 0.825 0.203125 0.830556 0.201562 0.833333 0.201562 0.841667 0.2 0.844444 0.2 0.85 0.198437 0.852778 0.198437 0.861111 0.196875 0.863889 0.196875 0.869444 0.195312 0.872222 0.190625 0.872222 0.190625 0.991667 0.45625 0.991667 0.45625 0.975 0.457812 0.972222 0.457812 0.969444 0.45625 0.966667 0.45625 0.936111 0.454688 0.933333 0.454688 0.925 0.453125 0.922222 0.453125 0.919444 0.451562 0.916667 0.451562 0.911111 0.45 0.908333 0.45 0.902778 0.448438 0.9 0.448438 0.897222 0.446875 0.894444 0.446875 0.883333 0.445312 0.880556 0.445312 0.863889 0.44375 0.861111 0.44375 0.855556 0.442187 0.852778 0.442187 0.847222 0.440625 0.844444 0.440625 0.838889 0.439063 0.836111 0.439063 0.833333 0.4375 0.830556 0.4375 0.827778 0.434375 0.822222 0.434375 0.819444 0.432813 0.816667 0.432813 0.813889 0.429688 0.808333 0.429688 0.805556 0.428125 0.802778 0.428125 0.8 0.426562 0.797222 0.426562 0.791667 0.425 0.788889 0.425 0.783333 0.423438 0.780556 0.423438 0.775 0.421875 0.772222 0.421875 0.766667 0.420312 0.763889 0.420312 0.761111 0.41875 0.758333 0.41875 0.75 0.417188 0.747222 0.417188 0.738889 0.415625 0.736111 0.415625 0.730556 0.414062 0.727778 0.414062 0.725 0.4125 0.722222 0.410937 0.722222 0.409375 0.719444 0.407813 0.719444 0.40625 0.716667 0.4 0.716667 0.398438 0.713889 0.395312 0.713889 0.39375 0.711111 0.390625 0.711111 0.3875 0.705556 0.3875 0.702778 0.384375 0.697222 0.384375 0.694444 0.382812 0.691667 0.382812 0.675 0.38125 0.672222 0.382812 0.669444 0.382812 0.658333 0.384375 0.655556 0.384375 0.65 0.385938 0.647222 0.385938 0.644444 0.3875 0.641667 0.3875 0.636111 0.389062 0.633333 0.389062 0.630556 0.392188 0.625 0.392188 0.622222 0.39375 0.619444 0.39375 0.616667 0.395312 0.613889 0.395312 0.611111 0.398438 0.605556 0.398438 0.6 0.4 0.597222 0.4 0.591667 0.403125 0.586111 0.403125 0.583333 0.404687 0.580556 0.404687 0.575 0.40625 0.572222 0.40625 0.569444 0.409375 0.563889 0.409375 0.561111 0.410937 0.558333 0.410937 0.555556 0.417188 0.544444 0.417188 0.541667 0.423438 0.530556 0.423438 0.527778 0.425 0.525 0.425 0.522222 0.426562 0.519444 0.426562 0.516667 0.428125 0.513889 0.428125 0.511111 0.429688 0.508333 0.429688 0.505556 0.43125 0.502778 0.43125 0.472222 0.429688 0.469444 0.429688 0.466667 0.428125 0.463889 0.426562 0.463889 0.423438 0.458333 0.423438 0.45 0.332614
