62 0.159375 0.0388889 0.159375 0.85 0.164062 0.85 0.170312 0.861111 0.171875 0.861111 0.173438 0.863889 0.176563 0.863889 0.179688 0.869444 0.18125 0.869444 0.184375 0.875 0.1875 0.875 0.189063 0.877778 0.192188 0.877778 0.19375 0.880556 0.2 0.880556 0.201562 0.883333 0.20625 0.883333 0.207813 0.886111 0.2125 0.886111 0.214062 0.888889 0.225 0.888889 0.226562 0.891667 0.228125 0.891667 0.229687 0.888889 0.239063 0.888889 0.240625 0.891667 0.242188 0.888889 0.246875 0.888889 0.248437 0.891667 0.2625 0.891667 0.264062 0.894444 0.271875 0.894444 0.273438 0.897222 0.279687 0.897222 0.28125 0.9 0.2875 0.9 0.289062 0.902778 0.304688 0.902778 0.30625 0.905556 0.31875 0.905556 0.320312 0.908333 0.334375 0.908333 0.335938 0.911111 0.35 0.911111 0.351562 0.913889 0.370313 0.913889 0.371875 0.916667 0.379687 0.916667 0.38125 0.913889 0.392188 0.913889 0.39375 0.916667 0.40625 0.916667 0.407813 0.919444 0.428125 0.919444 0.429688 0.922222 0.448438 0.922222 0.45 0.925 0.48125 0.925 0.482812 0.927778 0.49375 0.927778 0.495313 0.930556 0.510938 0.930556 0.5125 0.933333 0.520312 0.933333 0.521875 0.936111 0.53125 0.936111 0.532812 0.938889 0.553125 0.938889 0.554688 0.941667 0.567187 0.941667 0.56875 0.944444 0.58125 0.944444 0.582812 0.947222 0.592188 0.947222 0.59375 0.95 0.60625 0.95 0.607813 0.952778 0.620313 0.952778 0.621875 0.955556 0.634375 0.955556 0.635938 0.958333 0.660937 0.958333 0.6625 0.961111 0.676562 0.961111 0.678125 0.963889 0.685938 0.963889 0.6875 0.966667 0.701563 0.966667 0.703125 0.969444 0.707812 0.969444 0.709375 0.972222 0.709375 0.980556 0.840625 0.980556 0.840625 0.969444 0.842188 0.966667 0.84375 0.966667 0.845312 0.963889 0.846875 0.963889 0.848437 0.961111 0.851562 0.961111 0.853125 0.958333 0.854688 0.958333 0.85625 0.955556 0.857813 0.955556 0.859375 0.952778 0.8625 0.952778 0.864062 0.95 0.865625 0.95 0.870313 0.941667 0.871875 0.941667 0.873438 0.938889 0.875 0.938889 0.876562 0.936111 0.878125 0.936111 0.882812 0.927778 0.884375 0.927778 0.885938 0.925 0.885938 0.922222 0.889063 0.916667 0.889063 0.911111 0.890625 0.908333 0.890625 0.886111 0.892187 0.883333 0.892187 0.833333 0.89375 0.830556 0.89375 0.791667 0.895312 0.788889 0.895312 0.769444 0.896875 0.766667 0.896875 0.755556 0.898438 0.752778 0.898438 0.725 0.9 0.722222 0.9 0.702778 0.901563 0.7 0.901563 0.688889 0.9 0.686111 0.9 0.602778 0.901563 0.6 0.901563 0.541667 0.903125 0.538889 0.903125 0.491667 0.904688 0.488889 0.904688 0.45 0.90625 0.447222 0.90625 0.419444 0.907812 0.416667 0.907812 0.363889 0.909375 0.361111 0.909375 0.322222 0.910937 0.319444 0.910937 0.288889 0.9125 0.286111 0.9125 0.266667 0.914062 0.263889 0.914062 0.219444 0.915625 0.216667 0.920313 0.216667 0.920313 0.0888889 0.914062 0.0888889 0.9125 0.0861111 0.910937 0.0861111 0.909375 0.0833333 0.904688 0.0833333 0.903125 0.0805556 0.885938 0.0805556 0.884375 0.0777778 0.871875 0.0777778 0.870313 0.075 0.854688 0.075 0.853125 0.0722222 0.83125 0.0722222 0.829687 0.0694444 0.792188 0.0694444 0.790625 0.0666667 0.765625 0.0666667 0.764063 0.0638889 0.745313 0.0638889 0.74375 0.0611111 0.632812 0.0611111 0.63125 0.0583333 0.6 0.0583333 0.598437 0.0555556 0.557813 0.0555556 0.55625 0.0527778 0.503125 0.0527778 0.501562 0.05 0.479688 0.05 0.478125 0.0472222 0.478125 0.0388889 0.436985
67 0.159375 0.0388889 0.159375 0.85 0.164062 0.85 0.170312 0.861111 0.171875 0.861111 0.173438 0.863889 0.176563 0.863889 0.179688 0.869444 0.18125 0.869444 0.184375 0.875 0.1875 0.875 0.189063 0.877778 0.192188 0.877778 0.19375 0.880556 0.2 0.880556 0.201562 0.883333 0.20625 0.883333 0.207813 0.886111 0.2125 0.886111 0.214062 0.888889 0.225 0.888889 0.226562 0.891667 0.228125 0.891667 0.229687 0.888889 0.239063 0.888889 0.240625 0.891667 0.242188 0.888889 0.246875 0.888889 0.248437 0.891667 0.2625 0.891667 0.264062 0.894444 0.271875 0.894444 0.273438 0.897222 0.279687 0.897222 0.28125 0.9 0.2875 0.9 0.289062 0.902778 0.304688 0.902778 0.30625 0.905556 0.31875 0.905556 0.320312 0.908333 0.334375 0.908333 0.335938 0.911111 0.35 0.911111 0.351562 0.913889 0.370313 0.913889 0.371875 0.916667 0.379687 0.916667 0.38125 0.913889 0.392188 0.913889 0.39375 0.916667 0.40625 0.916667 0.407813 0.919444 0.428125 0.919444 0.429688 0.922222 0.448438 0.922222 0.45 0.925 0.48125 0.925 0.482812 0.927778 0.49375 0.927778 0.495313 0.930556 0.510938 0.930556 0.5125 0.933333 0.520312 0.933333 0.521875 0.936111 0.53125 0.936111 0.532812 0.938889 0.553125 0.938889 0.554688 0.941667 0.567187 0.941667 0.56875 0.944444 0.58125 0.944444 0.582812 0.947222 0.592188 0.947222 0.59375 0.95 0.60625 0.95 0.607813 0.952778 0.620313 0.952778 0.621875 0.955556 0.634375 0.955556 0.635938 0.958333 0.660937 0.958333 0.6625 0.961111 0.676562 0.961111 0.678125 0.963889 0.685938 0.963889 0.6875 0.966667 0.701563 0.966667 0.703125 0.969444 0.707812 0.969444 0.709375 0.972222 0.709375 0.980556 0.840625 0.980556 0.840625 0.969444 0.842188 0.966667 0.84375 0.966667 0.845312 0.963889 0.846875 0.963889 0.848437 0.961111 0.851562 0.961111 0.853125 0.958333 0.854688 0.958333 0.85625 0.955556 0.857813 0.955556 0.859375 0.952778 0.8625 0.952778 0.864062 0.95 0.865625 0.95 0.870313 0.941667 0.871875 0.941667 0.873438 0.938889 0.875 0.938889 0.876562 0.936111 0.878125 0.936111 0.882812 0.927778 0.884375 0.927778 0.885938 0.925 0.885938 0.922222 0.889063 0.916667 0.889063 0.911111 0.890625 0.908333 0.890625 0.886111 0.892187 0.883333 0.892187 0.833333 0.89375 0.830556 0.89375 0.791667 0.895312 0.788889 0.895312 0.769444 0.896875 0.766667 0.896875 0.755556 0.898438 0.752778 0.898438 0.725 0.9 0.722222 0.9 0.702778 0.901563 0.7 0.901563 0.688889 0.9 0.686111 0.9 0.602778 0.901563 0.6 0.901563 0.541667 0.903125 0.538889 0.903125 0.491667 0.904688 0.488889 0.904688 0.45 0.90625 0.447222 0.90625 0.419444 0.907812 0.416667 0.907812 0.363889 0.909375 0.361111 0.909375 0.322222 0.910937 0.319444 0.910937 0.288889 0.9125 0.286111 0.9125 0.266667 0.914062 0.263889 0.914062 0.219444 0.915625 0.216667 0.920313 0.216667 0.920313 0.0888889 0.914062 0.0888889 0.9125 0.0861111 0.910937 0.0861111 0.909375 0.0833333 0.904688 0.0833333 0.903125 0.0805556 0.885938 0.0805556 0.884375 0.0777778 0.871875 0.0777778 0.870313 0.075 0.854688 0.075 0.853125 0.0722222 0.83125 0.0722222 0.829687 0.0694444 0.792188 0.0694444 0.790625 0.0666667 0.765625 0.0666667 0.764063 0.0638889 0.745313 0.0638889 0.74375 0.0611111 0.632812 0.0611111 0.63125 0.0583333 0.6 0.0583333 0.598437 0.0555556 0.557813 0.0555556 0.55625 0.0527778 0.503125 0.0527778 0.501562 0.05 0.479688 0.05 0.478125 0.0472222 0.478125 0.0388889 0.324085
62 0.159375 0.0388889 0.159375 0.85 0.164062 0.85 0.170312 0.861111 0.171875 0.861111 0.173438 0.863889 0.176563 0.863889 0.179688 0.869444 0.18125 0.869444 0.184375 0.875 0.1875 0.875 0.189063 0.877778 0.192188 0.877778 0.19375 0.880556 0.2 0.880556 0.201562 0.883333 0.20625 0.883333 0.207813 0.886111 0.2125 0.886111 0.214062 0.888889 0.225 0.888889 0.226562 0.891667 0.228125 0.891667 0.229687 0.888889 0.239063 0.888889 0.240625 0.891667 0.242188 0.888889 0.246875 0.888889 0.248437 0.891667 0.2625 0.891667 0.264062 0.894444 0.271875 0.894444 0.273438 0.897222 0.279687 0.897222 0.28125 0.9 0.2875 0.9 0.289062 0.902778 0.304688 0.902778 0.30625 0.905556 0.31875 0.905556 0.320312 0.908333 0.334375 0.908333 0.335938 0.911111 0.35 0.911111 0.351562 0.913889 0.370313 0.913889 0.371875 0.916667 0.379687 0.916667 0.38125 0.913889 0.392188 0.913889 0.39375 0.916667 0.40625 0.916667 0.407813 0.919444 0.428125 0.919444 0.429688 0.922222 0.448438 0.922222 0.45 0.925 0.48125 0.925 0.482812 0.927778 0.49375 0.927778 0.495313 0.930556 0.510938 0.930556 0.5125 0.933333 0.520312 0.933333 0.521875 0.936111 0.53125 0.936111 0.532812 0.938889 0.553125 0.938889 0.554688 0.941667 0.567187 0.941667 0.56875 0.944444 0.58125 0.944444 0.582812 0.947222 0.592188 0.947222 0.59375 0.95 0.60625 0.95 0.607813 0.952778 0.620313 0.952778 0.621875 0.955556 0.634375 0.955556 0.635938 0.958333 0.660937 0.958333 0.6625 0.961111 0.676562 0.961111 0.678125 0.963889 0.685938 0.963889 0.6875 0.966667 0.701563 0.966667 0.703125 0.969444 0.707812 0.969444 0.709375 0.972222 0.709375 0.980556 0.840625 0.980556 0.840625 0.969444 0.842188 0.966667 0.84375 0.966667 0.845312 0.963889 0.846875 0.963889 0.848437 0.961111 0.851562 0.961111 0.853125 0.958333 0.854688 0.958333 0.85625 0.955556 0.857813 0.955556 0.859375 0.952778 0.8625 0.952778 0.864062 0.95 0.865625 0.95 0.870313 0.941667 0.871875 0.941667 0.873438 0.938889 0.875 0.938889 0.876562 0.936111 0.878125 0.936111 0.882812 0.927778 0.884375 0.927778 0.885938 0.925 0.885938 0.922222 0.889063 0.916667 0.889063 0.911111 0.890625 0.908333 0.890625 0.886111 0.892187 0.883333 0.892187 0.833333 0.89375 0.830556 0.89375 0.791667 0.895312 0.788889 0.895312 0.769444 0.896875 0.766667 0.896875 0.755556 0.898438 0.752778 0.898438 0.725 0.9 0.722222 0.9 0.702778 0.901563 0.7 0.901563 0.688889 0.9 0.686111 0.9 0.602778 0.901563 0.6 0.901563 0.541667 0.903125 0.538889 0.903125 0.491667 0.904688 0.488889 0.904688 0.45 0.90625 0.447222 0.90625 0.419444 0.907812 0.416667 0.907812 0.363889 0.909375 0.361111 0.909375 0.322222 0.910937 0.319444 0.910937 0.288889 0.9125 0.286111 0.9125 0.266667 0.914062 0.263889 0.914062 0.219444 0.915625 0.216667 0.920313 0.216667 0.920313 0.0888889 0.914062 0.0888889 0.9125 0.0861111 0.910937 0.0861111 0.909375 0.0833333 0.904688 0.0833333 0.903125 0.0805556 0.885938 0.0805556 0.884375 0.0777778 0.871875 0.0777778 0.870313 0.075 0.854688 0.075 0.853125 0.0722222 0.83125 0.0722222 0.829687 0.0694444 0.792188 0.0694444 0.790625 0.0666667 0.765625 0.0666667 0.764063 0.0638889 0.745313 0.0638889 0.74375 0.0611111 0.632812 0.0611111 0.63125 0.0583333 0.6 0.0583333 0.598437 0.0555556 0.557813 0.0555556 0.55625 0.0527778 0.503125 0.0527778 0.501562 0.05 0.479688 0.05 0.478125 0.0472222 0.478125 0.0388889 0.436985
67 0.159375 0.0388889 0.159375 0.85 0.164062 0.85 0.170312 0.861111 0.171875 0.861111 0.173438 0.863889 0.176563 0.863889 0.179688 0.869444 0.18125 0.869444 0.184375 0.875 0.1875 0.875 0.189063 0.877778 0.192188 0.877778 0.19375 0.880556 0.2 0.880556 0.201562 0.883333 0.20625 0.883333 0.207813 0.886111 0.2125 0.886111 0.214062 0.888889 0.225 0.888889 0.226562 0.891667 0.228125 0.891667 0.229687 0.888889 0.239063 0.888889 0.240625 0.891667 0.242188 0.888889 0.246875 0.888889 0.248437 0.891667 0.2625 0.891667 0.264062 0.894444 0.271875 0.894444 0.273438 0.897222 0.279687 0.897222 0.28125 0.9 0.2875 0.9 0.289062 0.902778 0.304688 0.902778 0.30625 0.905556 0.31875 0.905556 0.320312 0.908333 0.334375 0.908333 0.335938 0.911111 0.35 0.911111 0.351562 0.913889 0.370313 0.913889 0.371875 0.916667 0.379687 0.916667 0.38125 0.913889 0.392188 0.913889 0.39375 0.916667 0.40625 0.916667 0.407813 0.919444 0.428125 0.919444 0.429688 0.922222 0.448438 0.922222 0.45 0.925 0.48125 0.925 0.482812 0.927778 0.49375 0.927778 0.495313 0.930556 0.510938 0.930556 0.5125 0.933333 0.520312 0.933333 0.521875 0.936111 0.53125 0.936111 0.532812 0.938889 0.553125 0.938889 0.554688 0.941667 0.567187 0.941667 0.56875 0.944444 0.58125 0.944444 0.582812 0.947222 0.592188 0.947222 0.59375 0.95 0.60625 0.95 0.607813 0.952778 0.620313 0.952778 0.621875 0.955556 0.634375 0.955556 0.635938 0.958333 0.660937 0.958333 0.6625 0.961111 0.676562 0.961111 0.678125 0.963889 0.685938 0.963889 0.6875 0.966667 0.701563 0.966667 0.703125 0.969444 0.707812 0.969444 0.709375 0.972222 0.709375 0.980556 0.840625 0.980556 0.840625 0.969444 0.842188 0.966667 0.84375 0.966667 0.845312 0.963889 0.846875 0.963889 0.848437 0.961111 0.851562 0.961111 0.853125 0.958333 0.854688 0.958333 0.85625 0.955556 0.857813 0.955556 0.859375 0.952778 0.8625 0.952778 0.864062 0.95 0.865625 0.95 0.870313 0.941667 0.871875 0.941667 0.873438 0.938889 0.875 0.938889 0.876562 0.936111 0.878125 0.936111 0.882812 0.927778 0.884375 0.927778 0.885938 0.925 0.885938 0.922222 0.889063 0.916667 0.889063 0.911111 0.890625 0.908333 0.890625 0.886111 0.892187 0.883333 0.892187 0.833333 0.89375 0.830556 0.89375 0.791667 0.895312 0.788889 0.895312 0.769444 0.896875 0.766667 0.896875 0.755556 0.898438 0.752778 0.898438 0.725 0.9 0.722222 0.9 0.702778 0.901563 0.7 0.901563 0.688889 0.9 0.686111 0.9 0.602778 0.901563 0.6 0.901563 0.541667 0.903125 0.538889 0.903125 0.491667 0.904688 0.488889 0.904688 0.45 0.90625 0.447222 0.90625 0.419444 0.907812 0.416667 0.907812 0.363889 0.909375 0.361111 0.909375 0.322222 0.910937 0.319444 0.910937 0.288889 0.9125 0.286111 0.9125 0.266667 0.914062 0.263889 0.914062 0.219444 0.915625 0.216667 0.920313 0.216667 0.920313 0.0888889 0.914062 0.0888889 0.9125 0.0861111 0.910937 0.0861111 0.909375 0.0833333 0.904688 0.0833333 0.903125 0.0805556 0.885938 0.0805556 0.884375 0.0777778 0.871875 0.0777778 0.870313 0.075 0.854688 0.075 0.853125 0.0722222 0.83125 0.0722222 0.829687 0.0694444 0.792188 0.0694444 0.790625 0.0666667 0.765625 0.0666667 0.764063 0.0638889 0.745313 0.0638889 0.74375 0.0611111 0.632812 0.0611111 0.63125 0.0583333 0.6 0.0583333 0.598437 0.0555556 0.557813 0.0555556 0.55625 0.0527778 0.503125 0.0527778 0.501562 0.05 0.479688 0.05 0.478125 0.0472222 0.478125 0.0388889 0.324085
62 0.159375 0.0388889 0.159375 0.85 0.164062 0.85 0.170312 0.861111 0.171875 0.861111 0.173438 0.863889 0.176563 0.863889 0.179688 0.869444 0.18125 0.869444 0.184375 0.875 0.1875 0.875 0.189063 0.877778 0.192188 0.877778 0.19375 0.880556 0.2 0.880556 0.201562 0.883333 0.20625 0.883333 0.207813 0.886111 0.2125 0.886111 0.214062 0.888889 0.225 0.888889 0.226562 0.891667 0.228125 0.891667 0.229687 0.888889 0.239063 0.888889 0.240625 0.891667 0.242188 0.888889 0.246875 0.888889 0.248437 0.891667 0.2625 0.891667 0.264062 0.894444 0.271875 0.894444 0.273438 0.897222 0.279687 0.897222 0.28125 0.9 0.2875 0.9 0.289062 0.902778 0.304688 0.902778 0.30625 0.905556 0.31875 0.905556 0.320312 0.908333 0.334375 0.908333 0.335938 0.911111 0.35 0.911111 0.351562 0.913889 0.370313 0.913889 0.371875 0.916667 0.379687 0.916667 0.38125 0.913889 0.392188 0.913889 0.39375 0.916667 0.40625 0.916667 0.407813 0.919444 0.428125 0.919444 0.429688 0.922222 0.448438 0.922222 0.45 0.925 0.48125 0.925 0.482812 0.927778 0.49375 0.927778 0.495313 0.930556 0.510938 0.930556 0.5125 0.933333 0.520312 0.933333 0.521875 0.936111 0.53125 0.936111 0.532812 0.938889 0.553125 0.938889 0.554688 0.941667 0.567187 0.941667 0.56875 0.944444 0.58125 0.944444 0.582812 0.947222 0.592188 0.947222 0.59375 0.95 0.60625 0.95 0.607813 0.952778 0.620313 0.952778 0.621875 0.955556 0.634375 0.955556 0.635938 0.958333 0.660937 0.958333 0.6625 0.961111 0.676562 0.961111 0.678125 0.963889 0.685938 0.963889 0.6875 0.966667 0.701563 0.966667 0.703125 0.969444 0.707812 0.969444 0.709375 0.972222 0.709375 0.980556 0.840625 0.980556 0.840625 0.969444 0.842188 0.966667 0.84375 0.966667 0.845312 0.963889 0.846875 0.963889 0.848437 0.961111 0.851562 0.961111 0.853125 0.958333 0.854688 0.958333 0.85625 0.955556 0.857813 0.955556 0.859375 0.952778 0.8625 0.952778 0.864062 0.95 0.865625 0.95 0.870313 0.941667 0.871875 0.941667 0.873438 0.938889 0.875 0.938889 0.876562 0.936111 0.878125 0.936111 0.882812 0.927778 0.884375 0.927778 0.885938 0.925 0.885938 0.922222 0.889063 0.916667 0.889063 0.911111 0.890625 0.908333 0.890625 0.886111 0.892187 0.883333 0.892187 0.833333 0.89375 0.830556 0.89375 0.791667 0.895312 0.788889 0.895312 0.769444 0.896875 0.766667 0.896875 0.755556 0.898438 0.752778 0.898438 0.725 0.9 0.722222 0.9 0.702778 0.901563 0.7 0.901563 0.688889 0.9 0.686111 0.9 0.602778 0.901563 0.6 0.901563 0.541667 0.903125 0.538889 0.903125 0.491667 0.904688 0.488889 0.904688 0.45 0.90625 0.447222 0.90625 0.419444 0.907812 0.416667 0.907812 0.363889 0.909375 0.361111 0.909375 0.322222 0.910937 0.319444 0.910937 0.288889 0.9125 0.286111 0.9125 0.266667 0.914062 0.263889 0.914062 0.219444 0.915625 0.216667 0.920313 0.216667 0.920313 0.0888889 0.914062 0.0888889 0.9125 0.0861111 0.910937 0.0861111 0.909375 0.0833333 0.904688 0.0833333 0.903125 0.0805556 0.885938 0.0805556 0.884375 0.0777778 0.871875 0.0777778 0.870313 0.075 0.854688 0.075 0.853125 0.0722222 0.83125 0.0722222 0.829687 0.0694444 0.792188 0.0694444 0.790625 0.0666667 0.765625 0.0666667 0.764063 0.0638889 0.745313 0.0638889 0.74375 0.0611111 0.632812 0.0611111 0.63125 0.0583333 0.6 0.0583333 0.598437 0.0555556 0.557813 0.0555556 0.55625 0.0527778 0.503125 0.0527778 0.501562 0.05 0.479688 0.05 0.478125 0.0472222 0.478125 0.0388889 0.436985
67 0.159375 0.0388889 0.159375 0.85 0.164062 0.85 0.170312 0.861111 0.171875 0.861111 0.173438 0.863889 0.176563 0.863889 0.179688 0.869444 0.18125 0.869444 0.184375 0.875 0.1875 0.875 0.189063 0.877778 0.192188 0.877778 0.19375 0.880556 0.2 0.880556 0.201562 0.883333 0.20625 0.883333 0.207813 0.886111 0.2125 0.886111 0.214062 0.888889 0.225 0.888889 0.226562 0.891667 0.228125 0.891667 0.229687 0.888889 0.239063 0.888889 0.240625 0.891667 0.242188 0.888889 0.246875 0.888889 0.248437 0.891667 0.2625 0.891667 0.264062 0.894444 0.271875 0.894444 0.273438 0.897222 0.279687 0.897222 0.28125 0.9 0.2875 0.9 0.289062 0.902778 0.304688 0.902778 0.30625 0.905556 0.31875 0.905556 0.320312 0.908333 0.334375 0.908333 0.335938 0.911111 0.35 0.911111 0.351562 0.913889 0.370313 0.913889 0.371875 0.916667 0.379687 0.916667 0.38125 0.913889 0.392188 0.913889 0.39375 0.916667 0.40625 0.916667 0.407813 0.919444 0.428125 0.919444 0.429688 0.922222 0.448438 0.922222 0.45 0.925 0.48125 0.925 0.482812 0.927778 0.49375 0.927778 0.495313 0.930556 0.510938 0.930556 0.5125 0.933333 0.520312 0.933333 0.521875 0.936111 0.53125 0.936111 0.532812 0.938889 0.553125 0.938889 0.554688 0.941667 0.567187 0.941667 0.56875 0.944444 0.58125 0.944444 0.582812 0.947222 0.592188 0.947222 0.59375 0.95 0.60625 0.95 0.607813 0.952778 0.620313 0.952778 0.621875 0.955556 0.634375 0.955556 0.635938 0.958333 0.660937 0.958333 0.6625 0.961111 0.676562 0.961111 0.678125 0.963889 0.685938 0.963889 0.6875 0.966667 0.701563 0.966667 0.703125 0.969444 0.707812 0.969444 0.709375 0.972222 0.709375 0.980556 0.840625 0.980556 0.840625 0.969444 0.842188 0.966667 0.84375 0.966667 0.845312 0.963889 0.846875 0.963889 0.848437 0.961111 0.851562 0.961111 0.853125 0.958333 0.854688 0.958333 0.85625 0.955556 0.857813 0.955556 0.859375 0.952778 0.8625 0.952778 0.864062 0.95 0.865625 0.95 0.870313 0.941667 0.871875 0.941667 0.873438 0.938889 0.875 0.938889 0.876562 0.936111 0.878125 0.936111 0.882812 0.927778 0.884375 0.927778 0.885938 0.925 0.885938 0.922222 0.889063 0.916667 0.889063 0.911111 0.890625 0.908333 0.890625 0.886111 0.892187 0.883333 0.892187 0.833333 0.89375 0.830556 0.89375 0.791667 0.895312 0.788889 0.895312 0.769444 0.896875 0.766667 0.896875 0.755556 0.898438 0.752778 0.898438 0.725 0.9 0.722222 0.9 0.702778 0.901563 0.7 0.901563 0.688889 0.9 0.686111 0.9 0.602778 0.901563 0.6 0.901563 0.541667 0.903125 0.538889 0.903125 0.491667 0.904688 0.488889 0.904688 0.45 0.90625 0.447222 0.90625 0.419444 0.907812 0.416667 0.907812 0.363889 0.909375 0.361111 0.909375 0.322222 0.910937 0.319444 0.910937 0.288889 0.9125 0.286111 0.9125 0.266667 0.914062 0.263889 0.914062 0.219444 0.915625 0.216667 0.920313 0.216667 0.920313 0.0888889 0.914062 0.0888889 0.9125 0.0861111 0.910937 0.0861111 0.909375 0.0833333 0.904688 0.0833333 0.903125 0.0805556 0.885938 0.0805556 0.884375 0.0777778 0.871875 0.0777778 0.870313 0.075 0.854688 0.075 0.853125 0.0722222 0.83125 0.0722222 0.829687 0.0694444 0.792188 0.0694444 0.790625 0.0666667 0.765625 0.0666667 0.764063 0.0638889 0.745313 0.0638889 0.74375 0.0611111 0.632812 0.0611111 0.63125 0.0583333 0.6 0.0583333 0.598437 0.0555556 0.557813 0.0555556 0.55625 0.0527778 0.503125 0.0527778 0.501562 0.05 0.479688 0.05 0.478125 0.0472222 0.478125 0.0388889 0.324085
62 0.159375 0.0388889 0.159375 0.85 0.164062 0.85 0.170312 0.861111 0.171875 0.861111 0.173438 0.863889 0.176563 0.863889 0.179688 0.869444 0.18125 0.869444 0.184375 0.875 0.1875 0.875 0.189063 0.877778 0.192188 0.877778 0.19375 0.880556 0.2 0.880556 0.201562 0.883333 0.20625 0.883333 0.207813 0.886111 0.2125 0.886111 0.214062 0.888889 0.225 0.888889 0.226562 0.891667 0.228125 0.891667 0.229687 0.888889 0.239063 0.888889 0.240625 0.891667 0.242188 0.888889 0.246875 0.888889 0.248437 0.891667 0.2625 0.891667 0.264062 0.894444 0.271875 0.894444 0.273438 0.897222 0.279687 0.897222 0.28125 0.9 0.2875 0.9 0.289062 0.902778 0.304688 0.902778 0.30625 0.905556 0.31875 0.905556 0.320312 0.908333 0.334375 0.908333 0.335938 0.911111 0.35 0.911111 0.351562 0.913889 0.370313 0.913889 0.371875 0.916667 0.379687 0.916667 0.38125 0.913889 0.392188 0.913889 0.39375 0.916667 0.40625 0.916667 0.407813 0.919444 0.428125 0.919444 0.429688 0.922222 0.448438 0.922222 0.45 0.925 0.48125 0.925 0.482812 0.927778 0.49375 0.927778 0.495313 0.930556 0.510938 0.930556 0.5125 0.933333 0.520312 0.933333 0.521875 0.936111 0.53125 0.936111 0.532812 0.938889 0.553125 0.938889 0.554688 0.941667 0.567187 0.941667 0.56875 0.944444 0.58125 0.944444 0.582812 0.947222 0.592188 0.947222 0.59375 0.95 0.60625 0.95 0.607813 0.952778 0.620313 0.952778 0.621875 0.955556 0.634375 0.955556 0.635938 0.958333 0.660937 0.958333 0.6625 0.961111 0.676562 0.961111 0.678125 0.963889 0.685938 0.963889 0.6875 0.966667 0.701563 0.966667 0.703125 0.969444 0.707812 0.969444 0.709375 0.972222 0.709375 0.980556 0.840625 0.980556 0.840625 0.969444 0.842188 0.966667 0.84375 0.966667 0.845312 0.963889 0.846875 0.963889 0.848437 0.961111 0.851562 0.961111 0.853125 0.958333 0.854688 0.958333 0.85625 0.955556 0.857813 0.955556 0.859375 0.952778 0.8625 0.952778 0.864062 0.95 0.865625 0.95 0.870313 0.941667 0.871875 0.941667 0.873438 0.938889 0.875 0.938889 0.876562 0.936111 0.878125 0.936111 0.882812 0.927778 0.884375 0.927778 0.885938 0.925 0.885938 0.922222 0.889063 0.916667 0.889063 0.911111 0.890625 0.908333 0.890625 0.886111 0.892187 0.883333 0.892187 0.833333 0.89375 0.830556 0.89375 0.791667 0.895312 0.788889 0.895312 0.769444 0.896875 0.766667 0.896875 0.755556 0.898438 0.752778 0.898438 0.725 0.9 0.722222 0.9 0.702778 0.901563 0.7 0.901563 0.688889 0.9 0.686111 0.9 0.602778 0.901563 0.6 0.901563 0.541667 0.903125 0.538889 0.903125 0.491667 0.904688 0.488889 0.904688 0.45 0.90625 0.447222 0.90625 0.419444 0.907812 0.416667 0.907812 0.363889 0.909375 0.361111 0.909375 0.322222 0.910937 0.319444 0.910937 0.288889 0.9125 0.286111 0.9125 0.266667 0.914062 0.263889 0.914062 0.219444 0.915625 0.216667 0.920313 0.216667 0.920313 0.0888889 0.914062 0.0888889 0.9125 0.0861111 0.910937 0.0861111 0.909375 0.0833333 0.904688 0.0833333 0.903125 0.0805556 0.885938 0.0805556 0.884375 0.0777778 0.871875 0.0777778 0.870313 0.075 0.854688 0.075 0.853125 0.0722222 0.83125 0.0722222 0.829687 0.0694444 0.792188 0.0694444 0.790625 0.0666667 0.765625 0.0666667 0.764063 0.0638889 0.745313 0.0638889 0.74375 0.0611111 0.632812 0.0611111 0.63125 0.0583333 0.6 0.0583333 0.598437 0.0555556 0.557813 0.0555556 0.55625 0.0527778 0.503125 0.0527778 0.501562 0.05 0.479688 0.05 0.478125 0.0472222 0.478125 0.0388889 0.436985
67 0.159375 0.0388889 0.159375 0.85 0.164062 0.85 0.170312 0.861111 0.171875 0.861111 0.173438 0.863889 0.176563 0.863889 0.179688 0.869444 0.18125 0.869444 0.184375 0.875 0.1875 0.875 0.189063 0.877778 0.192188 0.877778 0.19375 0.880556 0.2 0.880556 0.201562 0.883333 0.20625 0.883333 0.207813 0.886111 0.2125 0.886111 0.214062 0.888889 0.225 0.888889 0.226562 0.891667 0.228125 0.891667 0.229687 0.888889 0.239063 0.888889 0.240625 0.891667 0.242188 0.888889 0.246875 0.888889 0.248437 0.891667 0.2625 0.891667 0.264062 0.894444 0.271875 0.894444 0.273438 0.897222 0.279687 0.897222 0.28125 0.9 0.2875 0.9 0.289062 0.902778 0.304688 0.902778 0.30625 0.905556 0.31875 0.905556 0.320312 0.908333 0.334375 0.908333 0.335938 0.911111 0.35 0.911111 0.351562 0.913889 0.370313 0.913889 0.371875 0.916667 0.379687 0.916667 0.38125 0.913889 0.392188 0.913889 0.39375 0.916667 0.40625 0.916667 0.407813 0.919444 0.428125 0.919444 0.429688 0.922222 0.448438 0.922222 0.45 0.925 0.48125 0.925 0.482812 0.927778 0.49375 0.927778 0.495313 0.930556 0.510938 0.930556 0.5125 0.933333 0.520312 0.933333 0.521875 0.936111 0.53125 0.936111 0.532812 0.938889 0.553125 0.938889 0.554688 0.941667 0.567187 0.941667 0.56875 0.944444 0.58125 0.944444 0.582812 0.947222 0.592188 0.947222 0.59375 0.95 0.60625 0.95 0.607813 0.952778 0.620313 0.952778 0.621875 0.955556 0.634375 0.955556 0.635938 0.958333 0.660937 0.958333 0.6625 0.961111 0.676562 0.961111 0.678125 0.963889 0.685938 0.963889 0.6875 0.966667 0.701563 0.966667 0.703125 0.969444 0.707812 0.969444 0.709375 0.972222 0.709375 0.980556 0.840625 0.980556 0.840625 0.969444 0.842188 0.966667 0.84375 0.966667 0.845312 0.963889 0.846875 0.963889 0.848437 0.961111 0.851562 0.961111 0.853125 0.958333 0.854688 0.958333 0.85625 0.955556 0.857813 0.955556 0.859375 0.952778 0.8625 0.952778 0.864062 0.95 0.865625 0.95 0.870313 0.941667 0.871875 0.941667 0.873438 0.938889 0.875 0.938889 0.876562 0.936111 0.878125 0.936111 0.882812 0.927778 0.884375 0.927778 0.885938 0.925 0.885938 0.922222 0.889063 0.916667 0.889063 0.911111 0.890625 0.908333 0.890625 0.886111 0.892187 0.883333 0.892187 0.833333 0.89375 0.830556 0.89375 0.791667 0.895312 0.788889 0.895312 0.769444 0.896875 0.766667 0.896875 0.755556 0.898438 0.752778 0.898438 0.725 0.9 0.722222 0.9 0.702778 0.901563 0.7 0.901563 0.688889 0.9 0.686111 0.9 0.602778 0.901563 0.6 0.901563 0.541667 0.903125 0.538889 0.903125 0.491667 0.904688 0.488889 0.904688 0.45 0.90625 0.447222 0.90625 0.419444 0.907812 0.416667 0.907812 0.363889 0.909375 0.361111 0.909375 0.322222 0.910937 0.319444 0.910937 0.288889 0.9125 0.286111 0.9125 0.266667 0.914062 0.263889 0.914062 0.219444 0.915625 0.216667 0.920313 0.216667 0.920313 0.0888889 0.914062 0.0888889 0.9125 0.0861111 0.910937 0.0861111 0.909375 0.0833333 0.904688 0.0833333 0.903125 0.0805556 0.885938 0.0805556 0.884375 0.0777778 0.871875 0.0777778 0.870313 0.075 0.854688 0.075 0.853125 0.0722222 0.83125 0.0722222 0.829687 0.0694444 0.792188 0.0694444 0.790625 0.0666667 0.765625 0.0666667 0.764063 0.0638889 0.745313 0.0638889 0.74375 0.0611111 0.632812 0.0611111 0.63125 0.0583333 0.6 0.0583333 0.598437 0.0555556 0.557813 0.0555556 0.55625 0.0527778 0.503125 0.0527778 0.501562 0.05 0.479688 0.05 0.478125 0.0472222 0.478125 0.0388889 0.324085
62 0.159375 0.0388889 0.159375 0.85 0.164062 0.85 0.170312 0.861111 0.171875 0.861111 0.173438 0.863889 0.176563 0.863889 0.179688 0.869444 0.18125 0.869444 0.184375 0.875 0.1875 0.875 0.189063 0.877778 0.192188 0.877778 0.19375 0.880556 0.2 0.880556 0.201562 0.883333 0.20625 0.883333 0.207813 0.886111 0.2125 0.886111 0.214062 0.888889 0.225 0.888889 0.226562 0.891667 0.228125 0.891667 0.229687 0.888889 0.239063 0.888889 0.240625 0.891667 0.242188 0.888889 0.246875 0.888889 0.248437 0.891667 0.2625 0.891667 0.264062 0.894444 0.271875 0.894444 0.273438 0.897222 0.279687 0.897222 0.28125 0.9 0.2875 0.9 0.289062 0.902778 0.304688 0.902778 0.30625 0.905556 0.31875 0.905556 0.320312 0.908333 0.334375 0.908333 0.335938 0.911111 0.35 0.911111 0.351562 0.913889 0.370313 0.913889 0.371875 0.916667 0.379687 0.916667 0.38125 0.913889 0.392188 0.913889 0.39375 0.916667 0.40625 0.916667 0.407813 0.919444 0.428125 0.919444 0.429688 0.922222 0.448438 0.922222 0.45 0.925 0.48125 0.925 0.482812 0.927778 0.49375 0.927778 0.495313 0.930556 0.510938 0.930556 0.5125 0.933333 0.520312 0.933333 0.521875 0.936111 0.53125 0.936111 0.532812 0.938889 0.553125 0.938889 0.554688 0.941667 0.567187 0.941667 0.56875 0.944444 0.58125 0.944444 0.582812 0.947222 0.592188 0.947222 0.59375 0.95 0.60625 0.95 0.607813 0.952778 0.620313 0.952778 0.621875 0.955556 0.634375 0.955556 0.635938 0.958333 0.660937 0.958333 0.6625 0.961111 0.676562 0.961111 0.678125 0.963889 0.685938 0.963889 0.6875 0.966667 0.701563 0.966667 0.703125 0.969444 0.707812 0.969444 0.709375 0.972222 0.709375 0.980556 0.840625 0.980556 0.840625 0.969444 0.842188 0.966667 0.84375 0.966667 0.845312 0.963889 0.846875 0.963889 0.848437 0.961111 0.851562 0.961111 0.853125 0.958333 0.854688 0.958333 0.85625 0.955556 0.857813 0.955556 0.859375 0.952778 0.8625 0.952778 0.864062 0.95 0.865625 0.95 0.870313 0.941667 0.871875 0.941667 0.873438 0.938889 0.875 0.938889 0.876562 0.936111 0.878125 0.936111 0.882812 0.927778 0.884375 0.927778 0.885938 0.925 0.885938 0.922222 0.889063 0.916667 0.889063 0.911111 0.890625 0.908333 0.890625 0.886111 0.892187 0.883333 0.892187 0.833333 0.89375 0.830556 0.89375 0.791667 0.895312 0.788889 0.895312 0.769444 0.896875 0.766667 0.896875 0.755556 0.898438 0.752778 0.898438 0.725 0.9 0.722222 0.9 0.702778 0.901563 0.7 0.901563 0.688889 0.9 0.686111 0.9 0.602778 0.901563 0.6 0.901563 0.541667 0.903125 0.538889 0.903125 0.491667 0.904688 0.488889 0.904688 0.45 0.90625 0.447222 0.90625 0.419444 0.907812 0.416667 0.907812 0.363889 0.909375 0.361111 0.909375 0.322222 0.910937 0.319444 0.910937 0.288889 0.9125 0.286111 0.9125 0.266667 0.914062 0.263889 0.914062 0.219444 0.915625 0.216667 0.920313 0.216667 0.920313 0.0888889 0.914062 0.0888889 0.9125 0.0861111 0.910937 0.0861111 0.909375 0.0833333 0.904688 0.0833333 0.903125 0.0805556 0.885938 0.0805556 0.884375 0.0777778 0.871875 0.0777778 0.870313 0.075 0.854688 0.075 0.853125 0.0722222 0.83125 0.0722222 0.829687 0.0694444 0.792188 0.0694444 0.790625 0.0666667 0.765625 0.0666667 0.764063 0.0638889 0.745313 0.0638889 0.74375 0.0611111 0.632812 0.0611111 0.63125 0.0583333 0.6 0.0583333 0.598437 0.0555556 0.557813 0.0555556 0.55625 0.0527778 0.503125 0.0527778 0.501562 0.05 0.479688 0.05 0.478125 0.0472222 0.478125 0.0388889 0.436985
67 0.159375 0.0388889 0.159375 0.85 0.164062 0.85 0.170312 0.861111 0.171875 0.861111 0.173438 0.863889 0.176563 0.863889 0.179688 0.869444 0.18125 0.869444 0.184375 0.875 0.1875 0.875 0.189063 0.877778 0.192188 0.877778 0.19375 0.880556 0.2 0.880556 0.201562 0.883333 0.20625 0.883333 0.207813 0.886111 0.2125 0.886111 0.214062 0.888889 0.225 0.888889 0.226562 0.891667 0.228125 0.891667 0.229687 0.888889 0.239063 0.888889 0.240625 0.891667 0.242188 0.888889 0.246875 0.888889 0.248437 0.891667 0.2625 0.891667 0.264062 0.894444 0.271875 0.894444 0.273438 0.897222 0.279687 0.897222 0.28125 0.9 0.2875 0.9 0.289062 0.902778 0.304688 0.902778 0.30625 0.905556 0.31875 0.905556 0.320312 0.908333 0.334375 0.908333 0.335938 0.911111 0.35 0.911111 0.351562 0.913889 0.370313 0.913889 0.371875 0.916667 0.379687 0.916667 0.38125 0.913889 0.392188 0.913889 0.39375 0.916667 0.40625 0.916667 0.407813 0.919444 0.428125 0.919444 0.429688 0.922222 0.448438 0.922222 0.45 0.925 0.48125 0.925 0.482812 0.927778 0.49375 0.927778 0.495313 0.930556 0.510938 0.930556 0.5125 0.933333 0.520312 0.933333 0.521875 0.936111 0.53125 0.936111 0.532812 0.938889 0.553125 0.938889 0.554688 0.941667 0.567187 0.941667 0.56875 0.944444 0.58125 0.944444 0.582812 0.947222 0.592188 0.947222 0.59375 0.95 0.60625 0.95 0.607813 0.952778 0.620313 0.952778 0.621875 0.955556 0.634375 0.955556 0.635938 0.958333 0.660937 0.958333 0.6625 0.961111 0.676562 0.961111 0.678125 0.963889 0.685938 0.963889 0.6875 0.966667 0.701563 0.966667 0.703125 0.969444 0.707812 0.969444 0.709375 0.972222 0.709375 0.980556 0.840625 0.980556 0.840625 0.969444 0.842188 0.966667 0.84375 0.966667 0.845312 0.963889 0.846875 0.963889 0.848437 0.961111 0.851562 0.961111 0.853125 0.958333 0.854688 0.958333 0.85625 0.955556 0.857813 0.955556 0.859375 0.952778 0.8625 0.952778 0.864062 0.95 0.865625 0.95 0.870313 0.941667 0.871875 0.941667 0.873438 0.938889 0.875 0.938889 0.876562 0.936111 0.878125 0.936111 0.882812 0.927778 0.884375 0.927778 0.885938 0.925 0.885938 0.922222 0.889063 0.916667 0.889063 0.911111 0.890625 0.908333 0.890625 0.886111 0.892187 0.883333 0.892187 0.833333 0.89375 0.830556 0.89375 0.791667 0.895312 0.788889 0.895312 0.769444 0.896875 0.766667 0.896875 0.755556 0.898438 0.752778 0.898438 0.725 0.9 0.722222 0.9 0.702778 0.901563 0.7 0.901563 0.688889 0.9 0.686111 0.9 0.602778 0.901563 0.6 0.901563 0.541667 0.903125 0.538889 0.903125 0.491667 0.904688 0.488889 0.904688 0.45 0.90625 0.447222 0.90625 0.419444 0.907812 0.416667 0.907812 0.363889 0.909375 0.361111 0.909375 0.322222 0.910937 0.319444 0.910937 0.288889 0.9125 0.286111 0.9125 0.266667 0.914062 0.263889 0.914062 0.219444 0.915625 0.216667 0.920313 0.216667 0.920313 0.0888889 0.914062 0.0888889 0.9125 0.0861111 0.910937 0.0861111 0.909375 0.0833333 0.904688 0.0833333 0.903125 0.0805556 0.885938 0.0805556 0.884375 0.0777778 0.871875 0.0777778 0.870313 0.075 0.854688 0.075 0.853125 0.0722222 0.83125 0.0722222 0.829687 0.0694444 0.792188 0.0694444 0.790625 0.0666667 0.765625 0.0666667 0.764063 0.0638889 0.745313 0.0638889 0.74375 0.0611111 0.632812 0.0611111 0.63125 0.0583333 0.6 0.0583333 0.598437 0.0555556 0.557813 0.0555556 0.55625 0.0527778 0.503125 0.0527778 0.501562 0.05 0.479688 0.05 0.478125 0.0472222 0.478125 0.0388889 0.324085
62 0.159375 0.0388889 0.159375 0.85 0.164062 0.85 0.170312 0.861111 0.171875 0.861111 0.173438 0.863889 0.176563 0.863889 0.179688 0.869444 0.18125 0.869444 0.184375 0.875 0.1875 0.875 0.189063 0.877778 0.192188 0.877778 0.19375 0.880556 0.2 0.880556 0.201562 0.883333 0.20625 0.883333 0.207813 0.886111 0.2125 0.886111 0.214062 0.888889 0.225 0.888889 0.226562 0.891667 0.228125 0.891667 0.229687 0.888889 0.239063 0.888889 0.240625 0.891667 0.242188 0.888889 0.246875 0.888889 0.248437 0.891667 0.2625 0.891667 0.264062 0.894444 0.271875 0.894444 0.273438 0.897222 0.279687 0.897222 0.28125 0.9 0.2875 0.9 0.289062 0.902778 0.304688 0.902778 0.30625 0.905556 0.31875 0.905556 0.320312 0.908333 0.334375 0.908333 0.335938 0.911111 0.35 0.911111 0.351562 0.913889 0.370313 0.913889 0.371875 0.916667 0.379687 0.916667 0.38125 0.913889 0.392188 0.913889 0.39375 0.916667 0.40625 0.916667 0.407813 0.919444 0.428125 0.919444 0.429688 0.922222 0.448438 0.922222 0.45 0.925 0.48125 0.925 0.482812 0.927778 0.49375 0.927778 0.495313 0.930556 0.510938 0.930556 0.5125 0.933333 0.520312 0.933333 0.521875 0.936111 0.53125 0.936111 0.532812 0.938889 0.553125 0.938889 0.554688 0.941667 0.567187 0.941667 0.56875 0.944444 0.58125 0.944444 0.582812 0.947222 0.592188 0.947222 0.59375 0.95 0.60625 0.95 0.607813 0.952778 0.620313 0.952778 0.621875 0.955556 0.634375 0.955556 0.635938 0.958333 0.660937 0.958333 0.6625 0.961111 0.676562 0.961111 0.678125 0.963889 0.685938 0.963889 0.6875 0.966667 0.701563 0.966667 0.703125 0.969444 0.707812 0.969444 0.709375 0.972222 0.709375 0.980556 0.840625 0.980556 0.840625 0.969444 0.842188 0.966667 0.84375 0.966667 0.845312 0.963889 0.846875 0.963889 0.848437 0.961111 0.851562 0.961111 0.853125 0.958333 0.854688 0.958333 0.85625 0.955556 0.857813 0.955556 0.859375 0.952778 0.8625 0.952778 0.864062 0.95 0.865625 0.95 0.870313 0.941667 0.871875 0.941667 0.873438 0.938889 0.875 0.938889 0.876562 0.936111 0.878125 0.936111 0.882812 0.927778 0.884375 0.927778 0.885938 0.925 0.885938 0.922222 0.889063 0.916667 0.889063 0.911111 0.890625 0.908333 0.890625 0.886111 0.892187 0.883333 0.892187 0.833333 0.89375 0.830556 0.89375 0.791667 0.895312 0.788889 0.895312 0.769444 0.896875 0.766667 0.896875 0.755556 0.898438 0.752778 0.898438 0.725 0.9 0.722222 0.9 0.702778 0.901563 0.7 0.901563 0.688889 0.9 0.686111 0.9 0.602778 0.901563 0.6 0.901563 0.541667 0.903125 0.538889 0.903125 0.491667 0.904688 0.488889 0.904688 0.45 0.90625 0.447222 0.90625 0.419444 0.907812 0.416667 0.907812 0.363889 0.909375 0.361111 0.909375 0.322222 0.910937 0.319444 0.910937 0.288889 0.9125 0.286111 0.9125 0.266667 0.914062 0.263889 0.914062 0.219444 0.915625 0.216667 0.920313 0.216667 0.920313 0.0888889 0.914062 0.0888889 0.9125 0.0861111 0.910937 0.0861111 0.909375 0.0833333 0.904688 0.0833333 0.903125 0.0805556 0.885938 0.0805556 0.884375 0.0777778 0.871875 0.0777778 0.870313 0.075 0.854688 0.075 0.853125 0.0722222 0.83125 0.0722222 0.829687 0.0694444 0.792188 0.0694444 0.790625 0.0666667 0.765625 0.0666667 0.764063 0.0638889 0.745313 0.0638889 0.74375 0.0611111 0.632812 0.0611111 0.63125 0.0583333 0.6 0.0583333 0.598437 0.0555556 0.557813 0.0555556 0.55625 0.0527778 0.503125 0.0527778 0.501562 0.05 0.479688 0.05 0.478125 0.0472222 0.478125 0.0388889 0.436985
67 0.159375 0.0388889 0.159375 0.85 0.164062 0.85 0.170312 0.861111 0.171875 0.861111 0.173438 0.863889 0.176563 0.863889 0.179688 0.869444 0.18125 0.869444 0.184375 0.875 0.1875 0.875 0.189063 0.877778 0.192188 0.877778 0.19375 0.880556 0.2 0.880556 0.201562 0.883333 0.20625 0.883333 0.207813 0.886111 0.2125 0.886111 0.214062 0.888889 0.225 0.888889 0.226562 0.891667 0.228125 0.891667 0.229687 0.888889 0.239063 0.888889 0.240625 0.891667 0.242188 0.888889 0.246875 0.888889 0.248437 0.891667 0.2625 0.891667 0.264062 0.894444 0.271875 0.894444 0.273438 0.897222 0.279687 0.897222 0.28125 0.9 0.2875 0.9 0.289062 0.902778 0.304688 0.902778 0.30625 0.905556 0.31875 0.905556 0.320312 0.908333 0.334375 0.908333 0.335938 0.911111 0.35 0.911111 0.351562 0.913889 0.370313 0.913889 0.371875 0.916667 0.379687 0.916667 0.38125 0.913889 0.392188 0.913889 0.39375 0.916667 0.40625 0.916667 0.407813 0.919444 0.428125 0.919444 0.429688 0.922222 0.448438 0.922222 0.45 0.925 0.48125 0.925 0.482812 0.927778 0.49375 0.927778 0.495313 0.930556 0.510938 0.930556 0.5125 0.933333 0.520312 0.933333 0.521875 0.936111 0.53125 0.936111 0.532812 0.938889 0.553125 0.938889 0.554688 0.941667 0.567187 0.941667 0.56875 0.944444 0.58125 0.944444 0.582812 0.947222 0.592188 0.947222 0.59375 0.95 0.60625 0.95 0.607813 0.952778 0.620313 0.952778 0.621875 0.955556 0.634375 0.955556 0.635938 0.958333 0.660937 0.958333 0.6625 0.961111 0.676562 0.961111 0.678125 0.963889 0.685938 0.963889 0.6875 0.966667 0.701563 0.966667 0.703125 0.969444 0.707812 0.969444 0.709375 0.972222 0.709375 0.980556 0.840625 0.980556 0.840625 0.969444 0.842188 0.966667 0.84375 0.966667 0.845312 0.963889 0.846875 0.963889 0.848437 0.961111 0.851562 0.961111 0.853125 0.958333 0.854688 0.958333 0.85625 0.955556 0.857813 0.955556 0.859375 0.952778 0.8625 0.952778 0.864062 0.95 0.865625 0.95 0.870313 0.941667 0.871875 0.941667 0.873438 0.938889 0.875 0.938889 0.876562 0.936111 0.878125 0.936111 0.882812 0.927778 0.884375 0.927778 0.885938 0.925 0.885938 0.922222 0.889063 0.916667 0.889063 0.911111 0.890625 0.908333 0.890625 0.886111 0.892187 0.883333 0.892187 0.833333 0.89375 0.830556 0.89375 0.791667 0.895312 0.788889 0.895312 0.769444 0.896875 0.766667 0.896875 0.755556 0.898438 0.752778 0.898438 0.725 0.9 0.722222 0.9 0.702778 0.901563 0.7 0.901563 0.688889 0.9 0.686111 0.9 0.602778 0.901563 0.6 0.901563 0.541667 0.903125 0.538889 0.903125 0.491667 0.904688 0.488889 0.904688 0.45 0.90625 0.447222 0.90625 0.419444 0.907812 0.416667 0.907812 0.363889 0.909375 0.361111 0.909375 0.322222 0.910937 0.319444 0.910937 0.288889 0.9125 0.286111 0.9125 0.266667 0.914062 0.263889 0.914062 0.219444 0.915625 0.216667 0.920313 0.216667 0.920313 0.0888889 0.914062 0.0888889 0.9125 0.0861111 0.910937 0.0861111 0.909375 0.0833333 0.904688 0.0833333 0.903125 0.0805556 0.885938 0.0805556 0.884375 0.0777778 0.871875 0.0777778 0.870313 0.075 0.854688 0.075 0.853125 0.0722222 0.83125 0.0722222 0.829687 0.0694444 0.792188 0.0694444 0.790625 0.0666667 0.765625 0.0666667 0.764063 0.0638889 0.745313 0.0638889 0.74375 0.0611111 0.632812 0.0611111 0.63125 0.0583333 0.6 0.0583333 0.598437 0.0555556 0.557813 0.0555556 0.55625 0.0527778 0.503125 0.0527778 0.501562 0.05 0.479688 0.05 0.478125 0.0472222 0.478125 0.0388889 0.324085
62 0.159375 0.0388889 0.159375 0.85 0.164062 0.85 0.170312 0.861111 0.171875 0.861111 0.173438 0.863889 0.176563 0.863889 0.179688 0.869444 0.18125 0.869444 0.184375 0.875 0.1875 0.875 0.189063 0.877778 0.192188 0.877778 0.19375 0.880556 0.2 0.880556 0.201562 0.883333 0.20625 0.883333 0.207813 0.886111 0.2125 0.886111 0.214062 0.888889 0.225 0.888889 0.226562 0.891667 0.228125 0.891667 0.229687 0.888889 0.239063 0.888889 0.240625 0.891667 0.242188 0.888889 0.246875 0.888889 0.248437 0.891667 0.2625 0.891667 0.264062 0.894444 0.271875 0.894444 0.273438 0.897222 0.279687 0.897222 0.28125 0.9 0.2875 0.9 0.289062 0.902778 0.304688 0.902778 0.30625 0.905556 0.31875 0.905556 0.320312 0.908333 0.334375 0.908333 0.335938 0.911111 0.35 0.911111 0.351562 0.913889 0.370313 0.913889 0.371875 0.916667 0.379687 0.916667 0.38125 0.913889 0.392188 0.913889 0.39375 0.916667 0.40625 0.916667 0.407813 0.919444 0.428125 0.919444 0.429688 0.922222 0.448438 0.922222 0.45 0.925 0.48125 0.925 0.482812 0.927778 0.49375 0.927778 0.495313 0.930556 0.510938 0.930556 0.5125 0.933333 0.520312 0.933333 0.521875 0.936111 0.53125 0.936111 0.532812 0.938889 0.553125 0.938889 0.554688 0.941667 0.567187 0.941667 0.56875 0.944444 0.58125 0.944444 0.582812 0.947222 0.592188 0.947222 0.59375 0.95 0.60625 0.95 0.607813 0.952778 0.620313 0.952778 0.621875 0.955556 0.634375 0.955556 0.635938 0.958333 0.660937 0.958333 0.6625 0.961111 0.676562 0.961111 0.678125 0.963889 0.685938 0.963889 0.6875 0.966667 0.701563 0.966667 0.703125 0.969444 0.707812 0.969444 0.709375 0.972222 0.709375 0.980556 0.840625 0.980556 0.840625 0.969444 0.842188 0.966667 0.84375 0.966667 0.845312 0.963889 0.846875 0.963889 0.848437 0.961111 0.851562 0.961111 0.853125 0.958333 0.854688 0.958333 0.85625 0.955556 0.857813 0.955556 0.859375 0.952778 0.8625 0.952778 0.864062 0.95 0.865625 0.95 0.870313 0.941667 0.871875 0.941667 0.873438 0.938889 0.875 0.938889 0.876562 0.936111 0.878125 0.936111 0.882812 0.927778 0.884375 0.927778 0.885938 0.925 0.885938 0.922222 0.889063 0.916667 0.889063 0.911111 0.890625 0.908333 0.890625 0.886111 0.892187 0.883333 0.892187 0.833333 0.89375 0.830556 0.89375 0.791667 0.895312 0.788889 0.895312 0.769444 0.896875 0.766667 0.896875 0.755556 0.898438 0.752778 0.898438 0.725 0.9 0.722222 0.9 0.702778 0.901563 0.7 0.901563 0.688889 0.9 0.686111 0.9 0.602778 0.901563 0.6 0.901563 0.541667 0.903125 0.538889 0.903125 0.491667 0.904688 0.488889 0.904688 0.45 0.90625 0.447222 0.90625 0.419444 0.907812 0.416667 0.907812 0.363889 0.909375 0.361111 0.909375 0.322222 0.910937 0.319444 0.910937 0.288889 0.9125 0.286111 0.9125 0.266667 0.914062 0.263889 0.914062 0.219444 0.915625 0.216667 0.920313 0.216667 0.920313 0.0888889 0.914062 0.0888889 0.9125 0.0861111 0.910937 0.0861111 0.909375 0.0833333 0.904688 0.0833333 0.903125 0.0805556 0.885938 0.0805556 0.884375 0.0777778 0.871875 0.0777778 0.870313 0.075 0.854688 0.075 0.853125 0.0722222 0.83125 0.0722222 0.829687 0.0694444 0.792188 0.0694444 0.790625 0.0666667 0.765625 0.0666667 0.764063 0.0638889 0.745313 0.0638889 0.74375 0.0611111 0.632812 0.0611111 0.63125 0.0583333 0.6 0.0583333 0.598437 0.0555556 0.557813 0.0555556 0.55625 0.0527778 0.503125 0.0527778 0.501562 0.05 0.479688 0.05 0.478125 0.0472222 0.478125 0.0388889 0.436985
67 0.159375 0.0388889 0.159375 0.85 0.164062 0.85 0.170312 0.861111 0.171875 0.861111 0.173438 0.863889 0.176563 0.863889 0.179688 0.869444 0.18125 0.869444 0.184375 0.875 0.1875 0.875 0.189063 0.877778 0.192188 0.877778 0.19375 0.880556 0.2 0.880556 0.201562 0.883333 0.20625 0.883333 0.207813 0.886111 0.2125 0.886111 0.214062 0.888889 0.225 0.888889 0.226562 0.891667 0.228125 0.891667 0.229687 0.888889 0.239063 0.888889 0.240625 0.891667 0.242188 0.888889 0.246875 0.888889 0.248437 0.891667 0.2625 0.891667 0.264062 0.894444 0.271875 0.894444 0.273438 0.897222 0.279687 0.897222 0.28125 0.9 0.2875 0.9 0.289062 0.902778 0.304688 0.902778 0.30625 0.905556 0.31875 0.905556 0.320312 0.908333 0.334375 0.908333 0.335938 0.911111 0.35 0.911111 0.351562 0.913889 0.370313 0.913889 0.371875 0.916667 0.379687 0.916667 0.38125 0.913889 0.392188 0.913889 0.39375 0.916667 0.40625 0.916667 0.407813 0.919444 0.428125 0.919444 0.429688 0.922222 0.448438 0.922222 0.45 0.925 0.48125 0.925 0.482812 0.927778 0.49375 0.927778 0.495313 0.930556 0.510938 0.930556 0.5125 0.933333 0.520312 0.933333 0.521875 0.936111 0.53125 0.936111 0.532812 0.938889 0.553125 0.938889 0.554688 0.941667 0.567187 0.941667 0.56875 0.944444 0.58125 0.944444 0.582812 0.947222 0.592188 0.947222 0.59375 0.95 0.60625 0.95 0.607813 0.952778 0.620313 0.952778 0.621875 0.955556 0.634375 0.955556 0.635938 0.958333 0.660937 0.958333 0.6625 0.961111 0.676562 0.961111 0.678125 0.963889 0.685938 0.963889 0.6875 0.966667 0.701563 0.966667 0.703125 0.969444 0.707812 0.969444 0.709375 0.972222 0.709375 0.980556 0.840625 0.980556 0.840625 0.969444 0.842188 0.966667 0.84375 0.966667 0.845312 0.963889 0.846875 0.963889 0.848437 0.961111 0.851562 0.961111 0.853125 0.958333 0.854688 0.958333 0.85625 0.955556 0.857813 0.955556 0.859375 0.952778 0.8625 0.952778 0.864062 0.95 0.865625 0.95 0.870313 0.941667 0.871875 0.941667 0.873438 0.938889 0.875 0.938889 0.876562 0.936111 0.878125 0.936111 0.882812 0.927778 0.884375 0.927778 0.885938 0.925 0.885938 0.922222 0.889063 0.916667 0.889063 0.911111 0.890625 0.908333 0.890625 0.886111 0.892187 0.883333 0.892187 0.833333 0.89375 0.830556 0.89375 0.791667 0.895312 0.788889 0.895312 0.769444 0.896875 0.766667 0.896875 0.755556 0.898438 0.752778 0.898438 0.725 0.9 0.722222 0.9 0.702778 0.901563 0.7 0.901563 0.688889 0.9 0.686111 0.9 0.602778 0.901563 0.6 0.901563 0.541667 0.903125 0.538889 0.903125 0.491667 0.904688 0.488889 0.904688 0.45 0.90625 0.447222 0.90625 0.419444 0.907812 0.416667 0.907812 0.363889 0.909375 0.361111 0.909375 0.322222 0.910937 0.319444 0.910937 0.288889 0.9125 0.286111 0.9125 0.266667 0.914062 0.263889 0.914062 0.219444 0.915625 0.216667 0.920313 0.216667 0.920313 0.0888889 0.914062 0.0888889 0.9125 0.0861111 0.910937 0.0861111 0.909375 0.0833333 0.904688 0.0833333 0.903125 0.0805556 0.885938 0.0805556 0.884375 0.0777778 0.871875 0.0777778 0.870313 0.075 0.854688 0.075 0.853125 0.0722222 0.83125 0.0722222 0.829687 0.0694444 0.792188 0.0694444 0.790625 0.0666667 0.765625 0.0666667 0.764063 0.0638889 0.745313 0.0638889 0.74375 0.0611111 0.632812 0.0611111 0.63125 0.0583333 0.6 0.0583333 0.598437 0.0555556 0.557813 0.0555556 0.55625 0.0527778 0.503125 0.0527778 0.501562 0.05 0.479688 0.05 0.478125 0.0472222 0.478125 0.0388889 0.324085
