2 0.329688 0.527778 0.329688 0.536111 0.328125 0.538889 0.326562 0.538889 0.325 0.541667 0.317187 0.541667 0.315625 0.544444 0.3 0.544444 0.298438 0.547222 0.292188 0.547222 0.290625 0.55 0.2875 0.55 0.285937 0.552778 0.282813 0.552778 0.28125 0.555556 0.276563 0.555556 0.275 0.558333 0.271875 0.558333 0.270312 0.561111 0.26875 0.561111 0.265625 0.566667 0.264062 0.566667 0.2625 0.569444 0.260938 0.569444 0.259375 0.572222 0.257812 0.572222 0.254687 0.577778 0.253125 0.577778 0.25 0.583333 0.248437 0.583333 0.240625 0.597222 0.239063 0.597222 0.223438 0.625 0.223438 0.627778 0.221875 0.630556 0.220313 0.630556 0.214062 0.641667 0.2125 0.641667 0.210938 0.644444 0.204688 0.644444 0.203125 0.641667 0.201562 0.641667 0.2 0.644444 0.196875 0.644444 0.19375 0.65 0.19375 0.652778 0.192188 0.655556 0.192188 0.658333 0.190625 0.661111 0.190625 0.663889 0.184375 0.675 0.182812 0.675 0.178125 0.683333 0.176563 0.683333 0.175 0.686111 0.173438 0.686111 0.170312 0.691667 0.16875 0.691667 0.157813 0.711111 0.15625 0.711111 0.15625 0.713889 0.151562 0.722222 0.146875 0.722222 0.146875 0.863889 0.151562 0.863889 0.154687 0.869444 0.154687 0.872222 0.1625 0.886111 0.164062 0.886111 0.165625 0.888889 0.16875 0.888889 0.170312 0.891667 0.178125 0.891667 0.179688 0.888889 0.189063 0.888889 0.190625 0.886111 0.195312 0.886111 0.204688 0.869444 0.204688 0.866667 0.20625 0.863889 0.20625 0.861111 0.209375 0.855556 0.209375 0.852778 0.214062 0.844444 0.225 0.844444 0.226562 0.841667 0.235938 0.841667 0.2375 0.838889 0.253125 0.838889 0.254687 0.836111 0.275 0.836111 0.276563 0.838889 0.278125 0.838889 0.279687 0.841667 0.28125 0.841667 0.285937 0.85 0.285937 0.852778 0.290625 0.861111 0.290625 0.863889 0.29375 0.869444 0.29375 0.872222 0.301562 0.886111 0.304688 0.886111 0.30625 0.888889 0.329688 0.888889 0.33125 0.886111 0.334375 0.886111 0.335938 0.883333 0.3375 0.883333 0.340625 0.877778 0.340625 0.875 0.346875 0.863889 0.346875 0.861111 0.348437 0.858333 0.348437 0.855556 0.35 0.852778 0.35 0.85 0.353125 0.844444 0.354688 0.844444 0.35625 0.841667 0.36875 0.841667 0.370313 0.838889 0.38125 0.838889 0.382812 0.836111 0.398438 0.836111 0.4 0.833333 0.40625 0.833333 0.407813 0.830556 0.410937 0.830556 0.4125 0.833333 0.421875 0.833333 0.423438 0.836111 0.432813 0.836111 0.434375 0.838889 0.439063 0.838889 0.44375 0.847222 0.44375 0.85 0.445312 0.852778 0.445312 0.858333 0.45 0.866667 0.45 0.869444 0.457812 0.883333 0.459375 0.883333 0.460938 0.886111 0.471875 0.886111 0.473437 0.883333 0.484375 0.883333 0.485938 0.880556 0.490625 0.880556 0.495313 0.872222 0.496875 0.872222 0.496875 0.869444 0.498437 0.866667 0.498437 0.863889 0.501562 0.858333 0.501562 0.855556 0.503125 0.852778 0.503125 0.85 0.504687 0.847222 0.504687 0.844444 0.50625 0.841667 0.50625 0.838889 0.510938 0.830556 0.510938 0.827778 0.514063 0.822222 0.514063 0.819444 0.515625 0.816667 0.515625 0.811111 0.517187 0.808333 0.517187 0.805556 0.51875 0.802778 0.51875 0.8 0.521875 0.794444 0.521875 0.791667 0.523438 0.788889 0.523438 0.786111 0.525 0.783333 0.525 0.777778 0.526563 0.775 0.526563 0.769444 0.528125 0.766667 0.532812 0.766667 0.532812 0.747222 0.528125 0.747222 0.526563 0.744444 0.526563 0.722222 0.525 0.719444 0.525 0.697222 0.523438 0.694444 0.523438 0.647222 0.521875 0.644444 0.521875 0.638889 0.5125 0.622222 0.510938 0.622222 0.504687 0.611111 0.504687 0.608333 0.501562 0.602778 0.501562 0.6 0.498437 0.594444 0.498437 0.591667 0.49375 0.583333 0.49375 0.580556 0.489062 0.572222 0.489062 0.569444 0.485938 0.563889 0.485938 0.561111 0.484375 0.558333 0.484375 0.555556 0.48125 0.55 0.479688 0.55 0.478125 0.547222 0.470313 0.547222 0.46875 0.544444 0.460938 0.544444 0.459375 0.541667 0.445312 0.541667 0.44375 0.538889 0.442187 0.538889 0.440625 0.536111 0.440625 0.527778 0.885107
0 0.278125 0.205556 0.278125 0.216667 0.273438 0.225 0.273438 0.230556 0.271875 0.233333 0.271875 0.236111 0.26875 0.241667 0.26875 0.244444 0.267188 0.247222 0.267188 0.252778 0.265625 0.255556 0.265625 0.261111 0.264062 0.263889 0.264062 0.272222 0.2625 0.275 0.2625 0.302778 0.260938 0.305556 0.260938 0.308333 0.257812 0.313889 0.257812 0.316667 0.25625 0.319444 0.25625 0.325 0.254687 0.327778 0.254687 0.330556 0.246875 0.344444 0.245312 0.344444 0.232812 0.366667 0.232812 0.369444 0.229687 0.375 0.229687 0.377778 0.228125 0.380556 0.228125 0.383333 0.226562 0.386111 0.226562 0.388889 0.225 0.391667 0.225 0.394444 0.223438 0.397222 0.223438 0.402778 0.220313 0.408333 0.215625 0.408333 0.215625 0.447222 0.351562 0.447222 0.351562 0.436111 0.346875 0.436111 0.34375 0.430556 0.34375 0.427778 0.342187 0.425 0.342187 0.422222 0.335938 0.411111 0.335938 0.408333 0.332812 0.402778 0.332812 0.4 0.33125 0.397222 0.33125 0.394444 0.329688 0.391667 0.329688 0.388889 0.328125 0.386111 0.328125 0.383333 0.326562 0.380556 0.326562 0.377778 0.323438 0.372222 0.323438 0.361111 0.325 0.358333 0.325 0.352778 0.326562 0.35 0.326562 0.344444 0.328125 0.341667 0.328125 0.338889 0.33125 0.333333 0.33125 0.330556 0.334375 0.325 0.335938 0.325 0.3375 0.322222 0.3375 0.319444 0.339063 0.316667 0.339063 0.313889 0.3375 0.311111 0.3375 0.302778 0.335938 0.3 0.335938 0.294444 0.334375 0.291667 0.334375 0.244444 0.332812 0.241667 0.332812 0.238889 0.33125 0.236111 0.33125 0.233333 0.323438 0.219444 0.321875 0.219444 0.31875 0.213889 0.31875 0.205556 0.861745
2 0.934375 0.25 0.934375 0.258333 0.932813 0.261111 0.928125 0.261111 0.926562 0.263889 0.921875 0.263889 0.920313 0.266667 0.914062 0.266667 0.9125 0.269444 0.904688 0.269444 0.903125 0.272222 0.889063 0.272222 0.8875 0.275 0.871875 0.275 0.870313 0.277778 0.85625 0.277778 0.854688 0.280556 0.848437 0.280556 0.846875 0.283333 0.842188 0.283333 0.840625 0.286111 0.832812 0.286111 0.83125 0.288889 0.803125 0.288889 0.801562 0.286111 0.79375 0.286111 0.792188 0.283333 0.7875 0.283333 0.782812 0.291667 0.78125 0.291667 0.779688 0.294444 0.771875 0.294444 0.76875 0.3 0.764063 0.3 0.7625 0.302778 0.748438 0.302778 0.746875 0.305556 0.732813 0.305556 0.73125 0.308333 0.717188 0.308333 0.715625 0.311111 0.703125 0.311111 0.701563 0.313889 0.692187 0.313889 0.690625 0.316667 0.685938 0.316667 0.684375 0.319444 0.679688 0.319444 0.678125 0.322222 0.671875 0.322222 0.670313 0.325 0.667188 0.325 0.665625 0.327778 0.664062 0.327778 0.664062 0.341667 0.665625 0.344444 0.665625 0.352778 0.667188 0.355556 0.667188 0.363889 0.665625 0.366667 0.665625 0.369444 0.664062 0.372222 0.664062 0.375 0.6625 0.377778 0.6625 0.380556 0.660937 0.383333 0.660937 0.386111 0.65625 0.394444 0.65625 0.397222 0.654688 0.4 0.654688 0.402778 0.653125 0.405556 0.653125 0.408333 0.65 0.413889 0.65 0.416667 0.645312 0.425 0.645312 0.427778 0.642187 0.433333 0.642187 0.436111 0.640625 0.438889 0.640625 0.441667 0.6375 0.447222 0.6375 0.45 0.626562 0.469444 0.626562 0.475 0.625 0.477778 0.625 0.486111 0.623438 0.488889 0.623438 0.497222 0.621875 0.5 0.621875 0.508333 0.620313 0.511111 0.620313 0.597222 0.61875 0.6 0.61875 0.608333 0.614062 0.616667 0.609375 0.616667 0.609375 0.694444 0.614062 0.694444 0.617188 0.7 0.617188 0.702778 0.628125 0.722222 0.629687 0.722222 0.632812 0.727778 0.634375 0.727778 0.6375 0.733333 0.639063 0.733333 0.64375 0.741667 0.645312 0.741667 0.648438 0.747222 0.65 0.747222 0.651563 0.75 0.653125 0.75 0.65625 0.755556 0.657812 0.755556 0.6625 0.763889 0.664062 0.763889 0.667188 0.769444 0.66875 0.769444 0.670313 0.772222 0.671875 0.772222 0.673437 0.775 0.675 0.775 0.676562 0.777778 0.678125 0.777778 0.68125 0.783333 0.682813 0.783333 0.685938 0.788889 0.6875 0.788889 0.689062 0.791667 0.690625 0.791667 0.69375 0.797222 0.695312 0.797222 0.696875 0.8 0.698438 0.8 0.701563 0.805556 0.703125 0.805556 0.704687 0.808333 0.70625 0.808333 0.709375 0.813889 0.710938 0.813889 0.7125 0.816667 0.714063 0.816667 0.715625 0.819444 0.71875 0.819444 0.720312 0.822222 0.721875 0.822222 0.725 0.827778 0.726562 0.827778 0.728125 0.830556 0.729688 0.830556 0.73125 0.833333 0.732813 0.833333 0.734375 0.836111 0.735937 0.836111 0.7375 0.838889 0.739062 0.838889 0.740625 0.841667 0.74375 0.841667 0.745313 0.844444 0.746875 0.844444 0.748438 0.847222 0.75 0.847222 0.751562 0.85 0.753125 0.85 0.754687 0.852778 0.75625 0.852778 0.757812 0.855556 0.759375 0.855556 0.760938 0.858333 0.764063 0.858333 0.765625 0.861111 0.767187 0.861111 0.76875 0.863889 0.770312 0.863889 0.771875 0.866667 0.773438 0.866667 0.776563 0.872222 0.778125 0.872222 0.779688 0.875 0.78125 0.875 0.782812 0.877778 0.785937 0.877778 0.7875 0.880556 0.790625 0.880556 0.792188 0.883333 0.796875 0.883333 0.798437 0.886111 0.80625 0.886111 0.807813 0.888889 0.842188 0.888889 0.84375 0.891667 0.853125 0.891667 0.854688 0.894444 0.8625 0.894444 0.864062 0.897222 0.86875 0.897222 0.870313 0.9 0.875 0.9 0.876562 0.902778 0.878125 0.902778 0.879687 0.905556 0.879687 0.908333 0.88125 0.911111 0.88125 0.916667 0.882812 0.919444 0.882812 0.927778 0.884375 0.930556 0.884375 0.936111 0.8875 0.941667 0.8875 0.944444 0.892187 0.952778 0.892187 0.955556 0.901563 0.972222 0.903125 0.972222 0.909375 0.983333 0.909375 0.986111 0.914062 0.994444 0.914062 1 0.998438 1 0.998438 0.25 0.697188
7 0.934375 0.25 0.934375 0.258333 0.932813 0.261111 0.928125 0.261111 0.926562 0.263889 0.921875 0.263889 0.920313 0.266667 0.914062 0.266667 0.9125 0.269444 0.904688 0.269444 0.903125 0.272222 0.889063 0.272222 0.8875 0.275 0.871875 0.275 0.870313 0.277778 0.85625 0.277778 0.854688 0.280556 0.848437 0.280556 0.846875 0.283333 0.842188 0.283333 0.840625 0.286111 0.832812 0.286111 0.83125 0.288889 0.803125 0.288889 0.801562 0.286111 0.79375 0.286111 0.792188 0.283333 0.7875 0.283333 0.782812 0.291667 0.78125 0.291667 0.779688 0.294444 0.771875 0.294444 0.76875 0.3 0.764063 0.3 0.7625 0.302778 0.748438 0.302778 0.746875 0.305556 0.732813 0.305556 0.73125 0.308333 0.717188 0.308333 0.715625 0.311111 0.703125 0.311111 0.701563 0.313889 0.692187 0.313889 0.690625 0.316667 0.685938 0.316667 0.684375 0.319444 0.679688 0.319444 0.678125 0.322222 0.671875 0.322222 0.670313 0.325 0.667188 0.325 0.665625 0.327778 0.664062 0.327778 0.664062 0.341667 0.665625 0.344444 0.665625 0.352778 0.667188 0.355556 0.667188 0.363889 0.665625 0.366667 0.665625 0.369444 0.664062 0.372222 0.664062 0.375 0.6625 0.377778 0.6625 0.380556 0.660937 0.383333 0.660937 0.386111 0.65625 0.394444 0.65625 0.397222 0.654688 0.4 0.654688 0.402778 0.653125 0.405556 0.653125 0.408333 0.65 0.413889 0.65 0.416667 0.645312 0.425 0.645312 0.427778 0.642187 0.433333 0.642187 0.436111 0.640625 0.438889 0.640625 0.441667 0.6375 0.447222 0.6375 0.45 0.626562 0.469444 0.626562 0.475 0.625 0.477778 0.625 0.486111 0.623438 0.488889 0.623438 0.497222 0.621875 0.5 0.621875 0.508333 0.620313 0.511111 0.620313 0.597222 0.61875 0.6 0.61875 0.608333 0.614062 0.616667 0.609375 0.616667 0.609375 0.694444 0.614062 0.694444 0.617188 0.7 0.617188 0.702778 0.628125 0.722222 0.629687 0.722222 0.632812 0.727778 0.634375 0.727778 0.6375 0.733333 0.639063 0.733333 0.64375 0.741667 0.645312 0.741667 0.648438 0.747222 0.65 0.747222 0.651563 0.75 0.653125 0.75 0.65625 0.755556 0.657812 0.755556 0.6625 0.763889 0.664062 0.763889 0.667188 0.769444 0.66875 0.769444 0.670313 0.772222 0.671875 0.772222 0.673437 0.775 0.675 0.775 0.676562 0.777778 0.678125 0.777778 0.68125 0.783333 0.682813 0.783333 0.685938 0.788889 0.6875 0.788889 0.689062 0.791667 0.690625 0.791667 0.69375 0.797222 0.695312 0.797222 0.696875 0.8 0.698438 0.8 0.701563 0.805556 0.703125 0.805556 0.704687 0.808333 0.70625 0.808333 0.709375 0.813889 0.710938 0.813889 0.7125 0.816667 0.714063 0.816667 0.715625 0.819444 0.71875 0.819444 0.720312 0.822222 0.721875 0.822222 0.725 0.827778 0.726562 0.827778 0.728125 0.830556 0.729688 0.830556 0.73125 0.833333 0.732813 0.833333 0.734375 0.836111 0.735937 0.836111 0.7375 0.838889 0.739062 0.838889 0.740625 0.841667 0.74375 0.841667 0.745313 0.844444 0.746875 0.844444 0.748438 0.847222 0.75 0.847222 0.751562 0.85 0.753125 0.85 0.754687 0.852778 0.75625 0.852778 0.757812 0.855556 0.759375 0.855556 0.760938 0.858333 0.764063 0.858333 0.765625 0.861111 0.767187 0.861111 0.76875 0.863889 0.770312 0.863889 0.771875 0.866667 0.773438 0.866667 0.776563 0.872222 0.778125 0.872222 0.779688 0.875 0.78125 0.875 0.782812 0.877778 0.785937 0.877778 0.7875 0.880556 0.790625 0.880556 0.792188 0.883333 0.796875 0.883333 0.798437 0.886111 0.80625 0.886111 0.807813 0.888889 0.842188 0.888889 0.84375 0.891667 0.853125 0.891667 0.854688 0.894444 0.8625 0.894444 0.864062 0.897222 0.86875 0.897222 0.870313 0.9 0.875 0.9 0.876562 0.902778 0.878125 0.902778 0.879687 0.905556 0.879687 0.908333 0.88125 0.911111 0.88125 0.916667 0.882812 0.919444 0.882812 0.927778 0.884375 0.930556 0.884375 0.936111 0.8875 0.941667 0.8875 0.944444 0.892187 0.952778 0.892187 0.955556 0.901563 0.972222 0.903125 0.972222 0.909375 0.983333 0.909375 0.986111 0.914062 0.994444 0.914062 1 0.998438 1 0.998438 0.25 0.323144
2 0.329688 0.527778 0.329688 0.536111 0.328125 0.538889 0.326562 0.538889 0.325 0.541667 0.317187 0.541667 0.315625 0.544444 0.3 0.544444 0.298438 0.547222 0.292188 0.547222 0.290625 0.55 0.2875 0.55 0.285937 0.552778 0.282813 0.552778 0.28125 0.555556 0.276563 0.555556 0.275 0.558333 0.271875 0.558333 0.270312 0.561111 0.26875 0.561111 0.265625 0.566667 0.264062 0.566667 0.2625 0.569444 0.260938 0.569444 0.259375 0.572222 0.257812 0.572222 0.254687 0.577778 0.253125 0.577778 0.25 0.583333 0.248437 0.583333 0.240625 0.597222 0.239063 0.597222 0.223438 0.625 0.223438 0.627778 0.221875 0.630556 0.220313 0.630556 0.214062 0.641667 0.2125 0.641667 0.210938 0.644444 0.204688 0.644444 0.203125 0.641667 0.201562 0.641667 0.2 0.644444 0.196875 0.644444 0.19375 0.65 0.19375 0.652778 0.192188 0.655556 0.192188 0.658333 0.190625 0.661111 0.190625 0.663889 0.184375 0.675 0.182812 0.675 0.178125 0.683333 0.176563 0.683333 0.175 0.686111 0.173438 0.686111 0.170312 0.691667 0.16875 0.691667 0.157813 0.711111 0.15625 0.711111 0.15625 0.713889 0.151562 0.722222 0.146875 0.722222 0.146875 0.863889 0.151562 0.863889 0.154687 0.869444 0.154687 0.872222 0.1625 0.886111 0.164062 0.886111 0.165625 0.888889 0.16875 0.888889 0.170312 0.891667 0.178125 0.891667 0.179688 0.888889 0.189063 0.888889 0.190625 0.886111 0.195312 0.886111 0.204688 0.869444 0.204688 0.866667 0.20625 0.863889 0.20625 0.861111 0.209375 0.855556 0.209375 0.852778 0.214062 0.844444 0.225 0.844444 0.226562 0.841667 0.235938 0.841667 0.2375 0.838889 0.253125 0.838889 0.254687 0.836111 0.275 0.836111 0.276563 0.838889 0.278125 0.838889 0.279687 0.841667 0.28125 0.841667 0.285937 0.85 0.285937 0.852778 0.290625 0.861111 0.290625 0.863889 0.29375 0.869444 0.29375 0.872222 0.301562 0.886111 0.304688 0.886111 0.30625 0.888889 0.329688 0.888889 0.33125 0.886111 0.334375 0.886111 0.335938 0.883333 0.3375 0.883333 0.340625 0.877778 0.340625 0.875 0.346875 0.863889 0.346875 0.861111 0.348437 0.858333 0.348437 0.855556 0.35 0.852778 0.35 0.85 0.353125 0.844444 0.354688 0.844444 0.35625 0.841667 0.36875 0.841667 0.370313 0.838889 0.38125 0.838889 0.382812 0.836111 0.398438 0.836111 0.4 0.833333 0.40625 0.833333 0.407813 0.830556 0.410937 0.830556 0.4125 0.833333 0.421875 0.833333 0.423438 0.836111 0.432813 0.836111 0.434375 0.838889 0.439063 0.838889 0.44375 0.847222 0.44375 0.85 0.445312 0.852778 0.445312 0.858333 0.45 0.866667 0.45 0.869444 0.457812 0.883333 0.459375 0.883333 0.460938 0.886111 0.471875 0.886111 0.473437 0.883333 0.484375 0.883333 0.485938 0.880556 0.490625 0.880556 0.495313 0.872222 0.496875 0.872222 0.496875 0.869444 0.498437 0.866667 0.498437 0.863889 0.501562 0.858333 0.501562 0.855556 0.503125 0.852778 0.503125 0.85 0.504687 0.847222 0.504687 0.844444 0.50625 0.841667 0.50625 0.838889 0.510938 0.830556 0.510938 0.827778 0.514063 0.822222 0.514063 0.819444 0.515625 0.816667 0.515625 0.811111 0.517187 0.808333 0.517187 0.805556 0.51875 0.802778 0.51875 0.8 0.521875 0.794444 0.521875 0.791667 0.523438 0.788889 0.523438 0.786111 0.525 0.783333 0.525 0.777778 0.526563 0.775 0.526563 0.769444 0.528125 0.766667 0.532812 0.766667 0.532812 0.747222 0.528125 0.747222 0.526563 0.744444 0.526563 0.722222 0.525 0.719444 0.525 0.697222 0.523438 0.694444 0.523438 0.647222 0.521875 0.644444 0.521875 0.638889 0.5125 0.622222 0.510938 0.622222 0.504687 0.611111 0.504687 0.608333 0.501562 0.602778 0.501562 0.6 0.498437 0.594444 0.498437 0.591667 0.49375 0.583333 0.49375 0.580556 0.489062 0.572222 0.489062 0.569444 0.485938 0.563889 0.485938 0.561111 0.484375 0.558333 0.484375 0.555556 0.48125 0.55 0.479688 0.55 0.478125 0.547222 0.470313 0.547222 0.46875 0.544444 0.460938 0.544444 0.459375 0.541667 0.445312 0.541667 0.44375 0.538889 0.442187 0.538889 0.440625 0.536111 0.440625 0.527778 0.885107
0 0.278125 0.205556 0.278125 0.216667 0.273438 0.225 0.273438 0.230556 0.271875 0.233333 0.271875 0.236111 0.26875 0.241667 0.26875 0.244444 0.267188 0.247222 0.267188 0.252778 0.265625 0.255556 0.265625 0.261111 0.264062 0.263889 0.264062 0.272222 0.2625 0.275 0.2625 0.302778 0.260938 0.305556 0.260938 0.308333 0.257812 0.313889 0.257812 0.316667 0.25625 0.319444 0.25625 0.325 0.254687 0.327778 0.254687 0.330556 0.246875 0.344444 0.245312 0.344444 0.232812 0.366667 0.232812 0.369444 0.229687 0.375 0.229687 0.377778 0.228125 0.380556 0.228125 0.383333 0.226562 0.386111 0.226562 0.388889 0.225 0.391667 0.225 0.394444 0.223438 0.397222 0.223438 0.402778 0.220313 0.408333 0.215625 0.408333 0.215625 0.447222 0.351562 0.447222 0.351562 0.436111 0.346875 0.436111 0.34375 0.430556 0.34375 0.427778 0.342187 0.425 0.342187 0.422222 0.335938 0.411111 0.335938 0.408333 0.332812 0.402778 0.332812 0.4 0.33125 0.397222 0.33125 0.394444 0.329688 0.391667 0.329688 0.388889 0.328125 0.386111 0.328125 0.383333 0.326562 0.380556 0.326562 0.377778 0.323438 0.372222 0.323438 0.361111 0.325 0.358333 0.325 0.352778 0.326562 0.35 0.326562 0.344444 0.328125 0.341667 0.328125 0.338889 0.33125 0.333333 0.33125 0.330556 0.334375 0.325 0.335938 0.325 0.3375 0.322222 0.3375 0.319444 0.339063 0.316667 0.339063 0.313889 0.3375 0.311111 0.3375 0.302778 0.335938 0.3 0.335938 0.294444 0.334375 0.291667 0.334375 0.244444 0.332812 0.241667 0.332812 0.238889 0.33125 0.236111 0.33125 0.233333 0.323438 0.219444 0.321875 0.219444 0.31875 0.213889 0.31875 0.205556 0.861745
2 0.934375 0.25 0.934375 0.258333 0.932813 0.261111 0.928125 0.261111 0.926562 0.263889 0.921875 0.263889 0.920313 0.266667 0.914062 0.266667 0.9125 0.269444 0.904688 0.269444 0.903125 0.272222 0.889063 0.272222 0.8875 0.275 0.871875 0.275 0.870313 0.277778 0.85625 0.277778 0.854688 0.280556 0.848437 0.280556 0.846875 0.283333 0.842188 0.283333 0.840625 0.286111 0.832812 0.286111 0.83125 0.288889 0.803125 0.288889 0.801562 0.286111 0.79375 0.286111 0.792188 0.283333 0.7875 0.283333 0.782812 0.291667 0.78125 0.291667 0.779688 0.294444 0.771875 0.294444 0.76875 0.3 0.764063 0.3 0.7625 0.302778 0.748438 0.302778 0.746875 0.305556 0.732813 0.305556 0.73125 0.308333 0.717188 0.308333 0.715625 0.311111 0.703125 0.311111 0.701563 0.313889 0.692187 0.313889 0.690625 0.316667 0.685938 0.316667 0.684375 0.319444 0.679688 0.319444 0.678125 0.322222 0.671875 0.322222 0.670313 0.325 0.667188 0.325 0.665625 0.327778 0.664062 0.327778 0.664062 0.341667 0.665625 0.344444 0.665625 0.352778 0.667188 0.355556 0.667188 0.363889 0.665625 0.366667 0.665625 0.369444 0.664062 0.372222 0.664062 0.375 0.6625 0.377778 0.6625 0.380556 0.660937 0.383333 0.660937 0.386111 0.65625 0.394444 0.65625 0.397222 0.654688 0.4 0.654688 0.402778 0.653125 0.405556 0.653125 0.408333 0.65 0.413889 0.65 0.416667 0.645312 0.425 0.645312 0.427778 0.642187 0.433333 0.642187 0.436111 0.640625 0.438889 0.640625 0.441667 0.6375 0.447222 0.6375 0.45 0.626562 0.469444 0.626562 0.475 0.625 0.477778 0.625 0.486111 0.623438 0.488889 0.623438 0.497222 0.621875 0.5 0.621875 0.508333 0.620313 0.511111 0.620313 0.597222 0.61875 0.6 0.61875 0.608333 0.614062 0.616667 0.609375 0.616667 0.609375 0.694444 0.614062 0.694444 0.617188 0.7 0.617188 0.702778 0.628125 0.722222 0.629687 0.722222 0.632812 0.727778 0.634375 0.727778 0.6375 0.733333 0.639063 0.733333 0.64375 0.741667 0.645312 0.741667 0.648438 0.747222 0.65 0.747222 0.651563 0.75 0.653125 0.75 0.65625 0.755556 0.657812 0.755556 0.6625 0.763889 0.664062 0.763889 0.667188 0.769444 0.66875 0.769444 0.670313 0.772222 0.671875 0.772222 0.673437 0.775 0.675 0.775 0.676562 0.777778 0.678125 0.777778 0.68125 0.783333 0.682813 0.783333 0.685938 0.788889 0.6875 0.788889 0.689062 0.791667 0.690625 0.791667 0.69375 0.797222 0.695312 0.797222 0.696875 0.8 0.698438 0.8 0.701563 0.805556 0.703125 0.805556 0.704687 0.808333 0.70625 0.808333 0.709375 0.813889 0.710938 0.813889 0.7125 0.816667 0.714063 0.816667 0.715625 0.819444 0.71875 0.819444 0.720312 0.822222 0.721875 0.822222 0.725 0.827778 0.726562 0.827778 0.728125 0.830556 0.729688 0.830556 0.73125 0.833333 0.732813 0.833333 0.734375 0.836111 0.735937 0.836111 0.7375 0.838889 0.739062 0.838889 0.740625 0.841667 0.74375 0.841667 0.745313 0.844444 0.746875 0.844444 0.748438 0.847222 0.75 0.847222 0.751562 0.85 0.753125 0.85 0.754687 0.852778 0.75625 0.852778 0.757812 0.855556 0.759375 0.855556 0.760938 0.858333 0.764063 0.858333 0.765625 0.861111 0.767187 0.861111 0.76875 0.863889 0.770312 0.863889 0.771875 0.866667 0.773438 0.866667 0.776563 0.872222 0.778125 0.872222 0.779688 0.875 0.78125 0.875 0.782812 0.877778 0.785937 0.877778 0.7875 0.880556 0.790625 0.880556 0.792188 0.883333 0.796875 0.883333 0.798437 0.886111 0.80625 0.886111 0.807813 0.888889 0.842188 0.888889 0.84375 0.891667 0.853125 0.891667 0.854688 0.894444 0.8625 0.894444 0.864062 0.897222 0.86875 0.897222 0.870313 0.9 0.875 0.9 0.876562 0.902778 0.878125 0.902778 0.879687 0.905556 0.879687 0.908333 0.88125 0.911111 0.88125 0.916667 0.882812 0.919444 0.882812 0.927778 0.884375 0.930556 0.884375 0.936111 0.8875 0.941667 0.8875 0.944444 0.892187 0.952778 0.892187 0.955556 0.901563 0.972222 0.903125 0.972222 0.909375 0.983333 0.909375 0.986111 0.914062 0.994444 0.914062 1 0.998438 1 0.998438 0.25 0.697188
7 0.934375 0.25 0.934375 0.258333 0.932813 0.261111 0.928125 0.261111 0.926562 0.263889 0.921875 0.263889 0.920313 0.266667 0.914062 0.266667 0.9125 0.269444 0.904688 0.269444 0.903125 0.272222 0.889063 0.272222 0.8875 0.275 0.871875 0.275 0.870313 0.277778 0.85625 0.277778 0.854688 0.280556 0.848437 0.280556 0.846875 0.283333 0.842188 0.283333 0.840625 0.286111 0.832812 0.286111 0.83125 0.288889 0.803125 0.288889 0.801562 0.286111 0.79375 0.286111 0.792188 0.283333 0.7875 0.283333 0.782812 0.291667 0.78125 0.291667 0.779688 0.294444 0.771875 0.294444 0.76875 0.3 0.764063 0.3 0.7625 0.302778 0.748438 0.302778 0.746875 0.305556 0.732813 0.305556 0.73125 0.308333 0.717188 0.308333 0.715625 0.311111 0.703125 0.311111 0.701563 0.313889 0.692187 0.313889 0.690625 0.316667 0.685938 0.316667 0.684375 0.319444 0.679688 0.319444 0.678125 0.322222 0.671875 0.322222 0.670313 0.325 0.667188 0.325 0.665625 0.327778 0.664062 0.327778 0.664062 0.341667 0.665625 0.344444 0.665625 0.352778 0.667188 0.355556 0.667188 0.363889 0.665625 0.366667 0.665625 0.369444 0.664062 0.372222 0.664062 0.375 0.6625 0.377778 0.6625 0.380556 0.660937 0.383333 0.660937 0.386111 0.65625 0.394444 0.65625 0.397222 0.654688 0.4 0.654688 0.402778 0.653125 0.405556 0.653125 0.408333 0.65 0.413889 0.65 0.416667 0.645312 0.425 0.645312 0.427778 0.642187 0.433333 0.642187 0.436111 0.640625 0.438889 0.640625 0.441667 0.6375 0.447222 0.6375 0.45 0.626562 0.469444 0.626562 0.475 0.625 0.477778 0.625 0.486111 0.623438 0.488889 0.623438 0.497222 0.621875 0.5 0.621875 0.508333 0.620313 0.511111 0.620313 0.597222 0.61875 0.6 0.61875 0.608333 0.614062 0.616667 0.609375 0.616667 0.609375 0.694444 0.614062 0.694444 0.617188 0.7 0.617188 0.702778 0.628125 0.722222 0.629687 0.722222 0.632812 0.727778 0.634375 0.727778 0.6375 0.733333 0.639063 0.733333 0.64375 0.741667 0.645312 0.741667 0.648438 0.747222 0.65 0.747222 0.651563 0.75 0.653125 0.75 0.65625 0.755556 0.657812 0.755556 0.6625 0.763889 0.664062 0.763889 0.667188 0.769444 0.66875 0.769444 0.670313 0.772222 0.671875 0.772222 0.673437 0.775 0.675 0.775 0.676562 0.777778 0.678125 0.777778 0.68125 0.783333 0.682813 0.783333 0.685938 0.788889 0.6875 0.788889 0.689062 0.791667 0.690625 0.791667 0.69375 0.797222 0.695312 0.797222 0.696875 0.8 0.698438 0.8 0.701563 0.805556 0.703125 0.805556 0.704687 0.808333 0.70625 0.808333 0.709375 0.813889 0.710938 0.813889 0.7125 0.816667 0.714063 0.816667 0.715625 0.819444 0.71875 0.819444 0.720312 0.822222 0.721875 0.822222 0.725 0.827778 0.726562 0.827778 0.728125 0.830556 0.729688 0.830556 0.73125 0.833333 0.732813 0.833333 0.734375 0.836111 0.735937 0.836111 0.7375 0.838889 0.739062 0.838889 0.740625 0.841667 0.74375 0.841667 0.745313 0.844444 0.746875 0.844444 0.748438 0.847222 0.75 0.847222 0.751562 0.85 0.753125 0.85 0.754687 0.852778 0.75625 0.852778 0.757812 0.855556 0.759375 0.855556 0.760938 0.858333 0.764063 0.858333 0.765625 0.861111 0.767187 0.861111 0.76875 0.863889 0.770312 0.863889 0.771875 0.866667 0.773438 0.866667 0.776563 0.872222 0.778125 0.872222 0.779688 0.875 0.78125 0.875 0.782812 0.877778 0.785937 0.877778 0.7875 0.880556 0.790625 0.880556 0.792188 0.883333 0.796875 0.883333 0.798437 0.886111 0.80625 0.886111 0.807813 0.888889 0.842188 0.888889 0.84375 0.891667 0.853125 0.891667 0.854688 0.894444 0.8625 0.894444 0.864062 0.897222 0.86875 0.897222 0.870313 0.9 0.875 0.9 0.876562 0.902778 0.878125 0.902778 0.879687 0.905556 0.879687 0.908333 0.88125 0.911111 0.88125 0.916667 0.882812 0.919444 0.882812 0.927778 0.884375 0.930556 0.884375 0.936111 0.8875 0.941667 0.8875 0.944444 0.892187 0.952778 0.892187 0.955556 0.901563 0.972222 0.903125 0.972222 0.909375 0.983333 0.909375 0.986111 0.914062 0.994444 0.914062 1 0.998438 1 0.998438 0.25 0.323144
2 0.329688 0.527778 0.329688 0.536111 0.328125 0.538889 0.326562 0.538889 0.325 0.541667 0.317187 0.541667 0.315625 0.544444 0.3 0.544444 0.298438 0.547222 0.292188 0.547222 0.290625 0.55 0.2875 0.55 0.285937 0.552778 0.282813 0.552778 0.28125 0.555556 0.276563 0.555556 0.275 0.558333 0.271875 0.558333 0.270312 0.561111 0.26875 0.561111 0.265625 0.566667 0.264062 0.566667 0.2625 0.569444 0.260938 0.569444 0.259375 0.572222 0.257812 0.572222 0.254687 0.577778 0.253125 0.577778 0.25 0.583333 0.248437 0.583333 0.240625 0.597222 0.239063 0.597222 0.223438 0.625 0.223438 0.627778 0.221875 0.630556 0.220313 0.630556 0.214062 0.641667 0.2125 0.641667 0.210938 0.644444 0.204688 0.644444 0.203125 0.641667 0.201562 0.641667 0.2 0.644444 0.196875 0.644444 0.19375 0.65 0.19375 0.652778 0.192188 0.655556 0.192188 0.658333 0.190625 0.661111 0.190625 0.663889 0.184375 0.675 0.182812 0.675 0.178125 0.683333 0.176563 0.683333 0.175 0.686111 0.173438 0.686111 0.170312 0.691667 0.16875 0.691667 0.157813 0.711111 0.15625 0.711111 0.15625 0.713889 0.151562 0.722222 0.146875 0.722222 0.146875 0.863889 0.151562 0.863889 0.154687 0.869444 0.154687 0.872222 0.1625 0.886111 0.164062 0.886111 0.165625 0.888889 0.16875 0.888889 0.170312 0.891667 0.178125 0.891667 0.179688 0.888889 0.189063 0.888889 0.190625 0.886111 0.195312 0.886111 0.204688 0.869444 0.204688 0.866667 0.20625 0.863889 0.20625 0.861111 0.209375 0.855556 0.209375 0.852778 0.214062 0.844444 0.225 0.844444 0.226562 0.841667 0.235938 0.841667 0.2375 0.838889 0.253125 0.838889 0.254687 0.836111 0.275 0.836111 0.276563 0.838889 0.278125 0.838889 0.279687 0.841667 0.28125 0.841667 0.285937 0.85 0.285937 0.852778 0.290625 0.861111 0.290625 0.863889 0.29375 0.869444 0.29375 0.872222 0.301562 0.886111 0.304688 0.886111 0.30625 0.888889 0.329688 0.888889 0.33125 0.886111 0.334375 0.886111 0.335938 0.883333 0.3375 0.883333 0.340625 0.877778 0.340625 0.875 0.346875 0.863889 0.346875 0.861111 0.348437 0.858333 0.348437 0.855556 0.35 0.852778 0.35 0.85 0.353125 0.844444 0.354688 0.844444 0.35625 0.841667 0.36875 0.841667 0.370313 0.838889 0.38125 0.838889 0.382812 0.836111 0.398438 0.836111 0.4 0.833333 0.40625 0.833333 0.407813 0.830556 0.410937 0.830556 0.4125 0.833333 0.421875 0.833333 0.423438 0.836111 0.432813 0.836111 0.434375 0.838889 0.439063 0.838889 0.44375 0.847222 0.44375 0.85 0.445312 0.852778 0.445312 0.858333 0.45 0.866667 0.45 0.869444 0.457812 0.883333 0.459375 0.883333 0.460938 0.886111 0.471875 0.886111 0.473437 0.883333 0.484375 0.883333 0.485938 0.880556 0.490625 0.880556 0.495313 0.872222 0.496875 0.872222 0.496875 0.869444 0.498437 0.866667 0.498437 0.863889 0.501562 0.858333 0.501562 0.855556 0.503125 0.852778 0.503125 0.85 0.504687 0.847222 0.504687 0.844444 0.50625 0.841667 0.50625 0.838889 0.510938 0.830556 0.510938 0.827778 0.514063 0.822222 0.514063 0.819444 0.515625 0.816667 0.515625 0.811111 0.517187 0.808333 0.517187 0.805556 0.51875 0.802778 0.51875 0.8 0.521875 0.794444 0.521875 0.791667 0.523438 0.788889 0.523438 0.786111 0.525 0.783333 0.525 0.777778 0.526563 0.775 0.526563 0.769444 0.528125 0.766667 0.532812 0.766667 0.532812 0.747222 0.528125 0.747222 0.526563 0.744444 0.526563 0.722222 0.525 0.719444 0.525 0.697222 0.523438 0.694444 0.523438 0.647222 0.521875 0.644444 0.521875 0.638889 0.5125 0.622222 0.510938 0.622222 0.504687 0.611111 0.504687 0.608333 0.501562 0.602778 0.501562 0.6 0.498437 0.594444 0.498437 0.591667 0.49375 0.583333 0.49375 0.580556 0.489062 0.572222 0.489062 0.569444 0.485938 0.563889 0.485938 0.561111 0.484375 0.558333 0.484375 0.555556 0.48125 0.55 0.479688 0.55 0.478125 0.547222 0.470313 0.547222 0.46875 0.544444 0.460938 0.544444 0.459375 0.541667 0.445312 0.541667 0.44375 0.538889 0.442187 0.538889 0.440625 0.536111 0.440625 0.527778 0.885107
0 0.278125 0.205556 0.278125 0.216667 0.273438 0.225 0.273438 0.230556 0.271875 0.233333 0.271875 0.236111 0.26875 0.241667 0.26875 0.244444 0.267188 0.247222 0.267188 0.252778 0.265625 0.255556 0.265625 0.261111 0.264062 0.263889 0.264062 0.272222 0.2625 0.275 0.2625 0.302778 0.260938 0.305556 0.260938 0.308333 0.257812 0.313889 0.257812 0.316667 0.25625 0.319444 0.25625 0.325 0.254687 0.327778 0.254687 0.330556 0.246875 0.344444 0.245312 0.344444 0.232812 0.366667 0.232812 0.369444 0.229687 0.375 0.229687 0.377778 0.228125 0.380556 0.228125 0.383333 0.226562 0.386111 0.226562 0.388889 0.225 0.391667 0.225 0.394444 0.223438 0.397222 0.223438 0.402778 0.220313 0.408333 0.215625 0.408333 0.215625 0.447222 0.351562 0.447222 0.351562 0.436111 0.346875 0.436111 0.34375 0.430556 0.34375 0.427778 0.342187 0.425 0.342187 0.422222 0.335938 0.411111 0.335938 0.408333 0.332812 0.402778 0.332812 0.4 0.33125 0.397222 0.33125 0.394444 0.329688 0.391667 0.329688 0.388889 0.328125 0.386111 0.328125 0.383333 0.326562 0.380556 0.326562 0.377778 0.323438 0.372222 0.323438 0.361111 0.325 0.358333 0.325 0.352778 0.326562 0.35 0.326562 0.344444 0.328125 0.341667 0.328125 0.338889 0.33125 0.333333 0.33125 0.330556 0.334375 0.325 0.335938 0.325 0.3375 0.322222 0.3375 0.319444 0.339063 0.316667 0.339063 0.313889 0.3375 0.311111 0.3375 0.302778 0.335938 0.3 0.335938 0.294444 0.334375 0.291667 0.334375 0.244444 0.332812 0.241667 0.332812 0.238889 0.33125 0.236111 0.33125 0.233333 0.323438 0.219444 0.321875 0.219444 0.31875 0.213889 0.31875 0.205556 0.861745
2 0.934375 0.25 0.934375 0.258333 0.932813 0.261111 0.928125 0.261111 0.926562 0.263889 0.921875 0.263889 0.920313 0.266667 0.914062 0.266667 0.9125 0.269444 0.904688 0.269444 0.903125 0.272222 0.889063 0.272222 0.8875 0.275 0.871875 0.275 0.870313 0.277778 0.85625 0.277778 0.854688 0.280556 0.848437 0.280556 0.846875 0.283333 0.842188 0.283333 0.840625 0.286111 0.832812 0.286111 0.83125 0.288889 0.803125 0.288889 0.801562 0.286111 0.79375 0.286111 0.792188 0.283333 0.7875 0.283333 0.782812 0.291667 0.78125 0.291667 0.779688 0.294444 0.771875 0.294444 0.76875 0.3 0.764063 0.3 0.7625 0.302778 0.748438 0.302778 0.746875 0.305556 0.732813 0.305556 0.73125 0.308333 0.717188 0.308333 0.715625 0.311111 0.703125 0.311111 0.701563 0.313889 0.692187 0.313889 0.690625 0.316667 0.685938 0.316667 0.684375 0.319444 0.679688 0.319444 0.678125 0.322222 0.671875 0.322222 0.670313 0.325 0.667188 0.325 0.665625 0.327778 0.664062 0.327778 0.664062 0.341667 0.665625 0.344444 0.665625 0.352778 0.667188 0.355556 0.667188 0.363889 0.665625 0.366667 0.665625 0.369444 0.664062 0.372222 0.664062 0.375 0.6625 0.377778 0.6625 0.380556 0.660937 0.383333 0.660937 0.386111 0.65625 0.394444 0.65625 0.397222 0.654688 0.4 0.654688 0.402778 0.653125 0.405556 0.653125 0.408333 0.65 0.413889 0.65 0.416667 0.645312 0.425 0.645312 0.427778 0.642187 0.433333 0.642187 0.436111 0.640625 0.438889 0.640625 0.441667 0.6375 0.447222 0.6375 0.45 0.626562 0.469444 0.626562 0.475 0.625 0.477778 0.625 0.486111 0.623438 0.488889 0.623438 0.497222 0.621875 0.5 0.621875 0.508333 0.620313 0.511111 0.620313 0.597222 0.61875 0.6 0.61875 0.608333 0.614062 0.616667 0.609375 0.616667 0.609375 0.694444 0.614062 0.694444 0.617188 0.7 0.617188 0.702778 0.628125 0.722222 0.629687 0.722222 0.632812 0.727778 0.634375 0.727778 0.6375 0.733333 0.639063 0.733333 0.64375 0.741667 0.645312 0.741667 0.648438 0.747222 0.65 0.747222 0.651563 0.75 0.653125 0.75 0.65625 0.755556 0.657812 0.755556 0.6625 0.763889 0.664062 0.763889 0.667188 0.769444 0.66875 0.769444 0.670313 0.772222 0.671875 0.772222 0.673437 0.775 0.675 0.775 0.676562 0.777778 0.678125 0.777778 0.68125 0.783333 0.682813 0.783333 0.685938 0.788889 0.6875 0.788889 0.689062 0.791667 0.690625 0.791667 0.69375 0.797222 0.695312 0.797222 0.696875 0.8 0.698438 0.8 0.701563 0.805556 0.703125 0.805556 0.704687 0.808333 0.70625 0.808333 0.709375 0.813889 0.710938 0.813889 0.7125 0.816667 0.714063 0.816667 0.715625 0.819444 0.71875 0.819444 0.720312 0.822222 0.721875 0.822222 0.725 0.827778 0.726562 0.827778 0.728125 0.830556 0.729688 0.830556 0.73125 0.833333 0.732813 0.833333 0.734375 0.836111 0.735937 0.836111 0.7375 0.838889 0.739062 0.838889 0.740625 0.841667 0.74375 0.841667 0.745313 0.844444 0.746875 0.844444 0.748438 0.847222 0.75 0.847222 0.751562 0.85 0.753125 0.85 0.754687 0.852778 0.75625 0.852778 0.757812 0.855556 0.759375 0.855556 0.760938 0.858333 0.764063 0.858333 0.765625 0.861111 0.767187 0.861111 0.76875 0.863889 0.770312 0.863889 0.771875 0.866667 0.773438 0.866667 0.776563 0.872222 0.778125 0.872222 0.779688 0.875 0.78125 0.875 0.782812 0.877778 0.785937 0.877778 0.7875 0.880556 0.790625 0.880556 0.792188 0.883333 0.796875 0.883333 0.798437 0.886111 0.80625 0.886111 0.807813 0.888889 0.842188 0.888889 0.84375 0.891667 0.853125 0.891667 0.854688 0.894444 0.8625 0.894444 0.864062 0.897222 0.86875 0.897222 0.870313 0.9 0.875 0.9 0.876562 0.902778 0.878125 0.902778 0.879687 0.905556 0.879687 0.908333 0.88125 0.911111 0.88125 0.916667 0.882812 0.919444 0.882812 0.927778 0.884375 0.930556 0.884375 0.936111 0.8875 0.941667 0.8875 0.944444 0.892187 0.952778 0.892187 0.955556 0.901563 0.972222 0.903125 0.972222 0.909375 0.983333 0.909375 0.986111 0.914062 0.994444 0.914062 1 0.998438 1 0.998438 0.25 0.697188
7 0.934375 0.25 0.934375 0.258333 0.932813 0.261111 0.928125 0.261111 0.926562 0.263889 0.921875 0.263889 0.920313 0.266667 0.914062 0.266667 0.9125 0.269444 0.904688 0.269444 0.903125 0.272222 0.889063 0.272222 0.8875 0.275 0.871875 0.275 0.870313 0.277778 0.85625 0.277778 0.854688 0.280556 0.848437 0.280556 0.846875 0.283333 0.842188 0.283333 0.840625 0.286111 0.832812 0.286111 0.83125 0.288889 0.803125 0.288889 0.801562 0.286111 0.79375 0.286111 0.792188 0.283333 0.7875 0.283333 0.782812 0.291667 0.78125 0.291667 0.779688 0.294444 0.771875 0.294444 0.76875 0.3 0.764063 0.3 0.7625 0.302778 0.748438 0.302778 0.746875 0.305556 0.732813 0.305556 0.73125 0.308333 0.717188 0.308333 0.715625 0.311111 0.703125 0.311111 0.701563 0.313889 0.692187 0.313889 0.690625 0.316667 0.685938 0.316667 0.684375 0.319444 0.679688 0.319444 0.678125 0.322222 0.671875 0.322222 0.670313 0.325 0.667188 0.325 0.665625 0.327778 0.664062 0.327778 0.664062 0.341667 0.665625 0.344444 0.665625 0.352778 0.667188 0.355556 0.667188 0.363889 0.665625 0.366667 0.665625 0.369444 0.664062 0.372222 0.664062 0.375 0.6625 0.377778 0.6625 0.380556 0.660937 0.383333 0.660937 0.386111 0.65625 0.394444 0.65625 0.397222 0.654688 0.4 0.654688 0.402778 0.653125 0.405556 0.653125 0.408333 0.65 0.413889 0.65 0.416667 0.645312 0.425 0.645312 0.427778 0.642187 0.433333 0.642187 0.436111 0.640625 0.438889 0.640625 0.441667 0.6375 0.447222 0.6375 0.45 0.626562 0.469444 0.626562 0.475 0.625 0.477778 0.625 0.486111 0.623438 0.488889 0.623438 0.497222 0.621875 0.5 0.621875 0.508333 0.620313 0.511111 0.620313 0.597222 0.61875 0.6 0.61875 0.608333 0.614062 0.616667 0.609375 0.616667 0.609375 0.694444 0.614062 0.694444 0.617188 0.7 0.617188 0.702778 0.628125 0.722222 0.629687 0.722222 0.632812 0.727778 0.634375 0.727778 0.6375 0.733333 0.639063 0.733333 0.64375 0.741667 0.645312 0.741667 0.648438 0.747222 0.65 0.747222 0.651563 0.75 0.653125 0.75 0.65625 0.755556 0.657812 0.755556 0.6625 0.763889 0.664062 0.763889 0.667188 0.769444 0.66875 0.769444 0.670313 0.772222 0.671875 0.772222 0.673437 0.775 0.675 0.775 0.676562 0.777778 0.678125 0.777778 0.68125 0.783333 0.682813 0.783333 0.685938 0.788889 0.6875 0.788889 0.689062 0.791667 0.690625 0.791667 0.69375 0.797222 0.695312 0.797222 0.696875 0.8 0.698438 0.8 0.701563 0.805556 0.703125 0.805556 0.704687 0.808333 0.70625 0.808333 0.709375 0.813889 0.710938 0.813889 0.7125 0.816667 0.714063 0.816667 0.715625 0.819444 0.71875 0.819444 0.720312 0.822222 0.721875 0.822222 0.725 0.827778 0.726562 0.827778 0.728125 0.830556 0.729688 0.830556 0.73125 0.833333 0.732813 0.833333 0.734375 0.836111 0.735937 0.836111 0.7375 0.838889 0.739062 0.838889 0.740625 0.841667 0.74375 0.841667 0.745313 0.844444 0.746875 0.844444 0.748438 0.847222 0.75 0.847222 0.751562 0.85 0.753125 0.85 0.754687 0.852778 0.75625 0.852778 0.757812 0.855556 0.759375 0.855556 0.760938 0.858333 0.764063 0.858333 0.765625 0.861111 0.767187 0.861111 0.76875 0.863889 0.770312 0.863889 0.771875 0.866667 0.773438 0.866667 0.776563 0.872222 0.778125 0.872222 0.779688 0.875 0.78125 0.875 0.782812 0.877778 0.785937 0.877778 0.7875 0.880556 0.790625 0.880556 0.792188 0.883333 0.796875 0.883333 0.798437 0.886111 0.80625 0.886111 0.807813 0.888889 0.842188 0.888889 0.84375 0.891667 0.853125 0.891667 0.854688 0.894444 0.8625 0.894444 0.864062 0.897222 0.86875 0.897222 0.870313 0.9 0.875 0.9 0.876562 0.902778 0.878125 0.902778 0.879687 0.905556 0.879687 0.908333 0.88125 0.911111 0.88125 0.916667 0.882812 0.919444 0.882812 0.927778 0.884375 0.930556 0.884375 0.936111 0.8875 0.941667 0.8875 0.944444 0.892187 0.952778 0.892187 0.955556 0.901563 0.972222 0.903125 0.972222 0.909375 0.983333 0.909375 0.986111 0.914062 0.994444 0.914062 1 0.998438 1 0.998438 0.25 0.323144
2 0.329688 0.527778 0.329688 0.536111 0.328125 0.538889 0.326562 0.538889 0.325 0.541667 0.317187 0.541667 0.315625 0.544444 0.3 0.544444 0.298438 0.547222 0.292188 0.547222 0.290625 0.55 0.2875 0.55 0.285937 0.552778 0.282813 0.552778 0.28125 0.555556 0.276563 0.555556 0.275 0.558333 0.271875 0.558333 0.270312 0.561111 0.26875 0.561111 0.265625 0.566667 0.264062 0.566667 0.2625 0.569444 0.260938 0.569444 0.259375 0.572222 0.257812 0.572222 0.254687 0.577778 0.253125 0.577778 0.25 0.583333 0.248437 0.583333 0.240625 0.597222 0.239063 0.597222 0.223438 0.625 0.223438 0.627778 0.221875 0.630556 0.220313 0.630556 0.214062 0.641667 0.2125 0.641667 0.210938 0.644444 0.204688 0.644444 0.203125 0.641667 0.201562 0.641667 0.2 0.644444 0.196875 0.644444 0.19375 0.65 0.19375 0.652778 0.192188 0.655556 0.192188 0.658333 0.190625 0.661111 0.190625 0.663889 0.184375 0.675 0.182812 0.675 0.178125 0.683333 0.176563 0.683333 0.175 0.686111 0.173438 0.686111 0.170312 0.691667 0.16875 0.691667 0.157813 0.711111 0.15625 0.711111 0.15625 0.713889 0.151562 0.722222 0.146875 0.722222 0.146875 0.863889 0.151562 0.863889 0.154687 0.869444 0.154687 0.872222 0.1625 0.886111 0.164062 0.886111 0.165625 0.888889 0.16875 0.888889 0.170312 0.891667 0.178125 0.891667 0.179688 0.888889 0.189063 0.888889 0.190625 0.886111 0.195312 0.886111 0.204688 0.869444 0.204688 0.866667 0.20625 0.863889 0.20625 0.861111 0.209375 0.855556 0.209375 0.852778 0.214062 0.844444 0.225 0.844444 0.226562 0.841667 0.235938 0.841667 0.2375 0.838889 0.253125 0.838889 0.254687 0.836111 0.275 0.836111 0.276563 0.838889 0.278125 0.838889 0.279687 0.841667 0.28125 0.841667 0.285937 0.85 0.285937 0.852778 0.290625 0.861111 0.290625 0.863889 0.29375 0.869444 0.29375 0.872222 0.301562 0.886111 0.304688 0.886111 0.30625 0.888889 0.329688 0.888889 0.33125 0.886111 0.334375 0.886111 0.335938 0.883333 0.3375 0.883333 0.340625 0.877778 0.340625 0.875 0.346875 0.863889 0.346875 0.861111 0.348437 0.858333 0.348437 0.855556 0.35 0.852778 0.35 0.85 0.353125 0.844444 0.354688 0.844444 0.35625 0.841667 0.36875 0.841667 0.370313 0.838889 0.38125 0.838889 0.382812 0.836111 0.398438 0.836111 0.4 0.833333 0.40625 0.833333 0.407813 0.830556 0.410937 0.830556 0.4125 0.833333 0.421875 0.833333 0.423438 0.836111 0.432813 0.836111 0.434375 0.838889 0.439063 0.838889 0.44375 0.847222 0.44375 0.85 0.445312 0.852778 0.445312 0.858333 0.45 0.866667 0.45 0.869444 0.457812 0.883333 0.459375 0.883333 0.460938 0.886111 0.471875 0.886111 0.473437 0.883333 0.484375 0.883333 0.485938 0.880556 0.490625 0.880556 0.495313 0.872222 0.496875 0.872222 0.496875 0.869444 0.498437 0.866667 0.498437 0.863889 0.501562 0.858333 0.501562 0.855556 0.503125 0.852778 0.503125 0.85 0.504687 0.847222 0.504687 0.844444 0.50625 0.841667 0.50625 0.838889 0.510938 0.830556 0.510938 0.827778 0.514063 0.822222 0.514063 0.819444 0.515625 0.816667 0.515625 0.811111 0.517187 0.808333 0.517187 0.805556 0.51875 0.802778 0.51875 0.8 0.521875 0.794444 0.521875 0.791667 0.523438 0.788889 0.523438 0.786111 0.525 0.783333 0.525 0.777778 0.526563 0.775 0.526563 0.769444 0.528125 0.766667 0.532812 0.766667 0.532812 0.747222 0.528125 0.747222 0.526563 0.744444 0.526563 0.722222 0.525 0.719444 0.525 0.697222 0.523438 0.694444 0.523438 0.647222 0.521875 0.644444 0.521875 0.638889 0.5125 0.622222 0.510938 0.622222 0.504687 0.611111 0.504687 0.608333 0.501562 0.602778 0.501562 0.6 0.498437 0.594444 0.498437 0.591667 0.49375 0.583333 0.49375 0.580556 0.489062 0.572222 0.489062 0.569444 0.485938 0.563889 0.485938 0.561111 0.484375 0.558333 0.484375 0.555556 0.48125 0.55 0.479688 0.55 0.478125 0.547222 0.470313 0.547222 0.46875 0.544444 0.460938 0.544444 0.459375 0.541667 0.445312 0.541667 0.44375 0.538889 0.442187 0.538889 0.440625 0.536111 0.440625 0.527778 0.885107
0 0.278125 0.205556 0.278125 0.216667 0.273438 0.225 0.273438 0.230556 0.271875 0.233333 0.271875 0.236111 0.26875 0.241667 0.26875 0.244444 0.267188 0.247222 0.267188 0.252778 0.265625 0.255556 0.265625 0.261111 0.264062 0.263889 0.264062 0.272222 0.2625 0.275 0.2625 0.302778 0.260938 0.305556 0.260938 0.308333 0.257812 0.313889 0.257812 0.316667 0.25625 0.319444 0.25625 0.325 0.254687 0.327778 0.254687 0.330556 0.246875 0.344444 0.245312 0.344444 0.232812 0.366667 0.232812 0.369444 0.229687 0.375 0.229687 0.377778 0.228125 0.380556 0.228125 0.383333 0.226562 0.386111 0.226562 0.388889 0.225 0.391667 0.225 0.394444 0.223438 0.397222 0.223438 0.402778 0.220313 0.408333 0.215625 0.408333 0.215625 0.447222 0.351562 0.447222 0.351562 0.436111 0.346875 0.436111 0.34375 0.430556 0.34375 0.427778 0.342187 0.425 0.342187 0.422222 0.335938 0.411111 0.335938 0.408333 0.332812 0.402778 0.332812 0.4 0.33125 0.397222 0.33125 0.394444 0.329688 0.391667 0.329688 0.388889 0.328125 0.386111 0.328125 0.383333 0.326562 0.380556 0.326562 0.377778 0.323438 0.372222 0.323438 0.361111 0.325 0.358333 0.325 0.352778 0.326562 0.35 0.326562 0.344444 0.328125 0.341667 0.328125 0.338889 0.33125 0.333333 0.33125 0.330556 0.334375 0.325 0.335938 0.325 0.3375 0.322222 0.3375 0.319444 0.339063 0.316667 0.339063 0.313889 0.3375 0.311111 0.3375 0.302778 0.335938 0.3 0.335938 0.294444 0.334375 0.291667 0.334375 0.244444 0.332812 0.241667 0.332812 0.238889 0.33125 0.236111 0.33125 0.233333 0.323438 0.219444 0.321875 0.219444 0.31875 0.213889 0.31875 0.205556 0.861745
2 0.934375 0.25 0.934375 0.258333 0.932813 0.261111 0.928125 0.261111 0.926562 0.263889 0.921875 0.263889 0.920313 0.266667 0.914062 0.266667 0.9125 0.269444 0.904688 0.269444 0.903125 0.272222 0.889063 0.272222 0.8875 0.275 0.871875 0.275 0.870313 0.277778 0.85625 0.277778 0.854688 0.280556 0.848437 0.280556 0.846875 0.283333 0.842188 0.283333 0.840625 0.286111 0.832812 0.286111 0.83125 0.288889 0.803125 0.288889 0.801562 0.286111 0.79375 0.286111 0.792188 0.283333 0.7875 0.283333 0.782812 0.291667 0.78125 0.291667 0.779688 0.294444 0.771875 0.294444 0.76875 0.3 0.764063 0.3 0.7625 0.302778 0.748438 0.302778 0.746875 0.305556 0.732813 0.305556 0.73125 0.308333 0.717188 0.308333 0.715625 0.311111 0.703125 0.311111 0.701563 0.313889 0.692187 0.313889 0.690625 0.316667 0.685938 0.316667 0.684375 0.319444 0.679688 0.319444 0.678125 0.322222 0.671875 0.322222 0.670313 0.325 0.667188 0.325 0.665625 0.327778 0.664062 0.327778 0.664062 0.341667 0.665625 0.344444 0.665625 0.352778 0.667188 0.355556 0.667188 0.363889 0.665625 0.366667 0.665625 0.369444 0.664062 0.372222 0.664062 0.375 0.6625 0.377778 0.6625 0.380556 0.660937 0.383333 0.660937 0.386111 0.65625 0.394444 0.65625 0.397222 0.654688 0.4 0.654688 0.402778 0.653125 0.405556 0.653125 0.408333 0.65 0.413889 0.65 0.416667 0.645312 0.425 0.645312 0.427778 0.642187 0.433333 0.642187 0.436111 0.640625 0.438889 0.640625 0.441667 0.6375 0.447222 0.6375 0.45 0.626562 0.469444 0.626562 0.475 0.625 0.477778 0.625 0.486111 0.623438 0.488889 0.623438 0.497222 0.621875 0.5 0.621875 0.508333 0.620313 0.511111 0.620313 0.597222 0.61875 0.6 0.61875 0.608333 0.614062 0.616667 0.609375 0.616667 0.609375 0.694444 0.614062 0.694444 0.617188 0.7 0.617188 0.702778 0.628125 0.722222 0.629687 0.722222 0.632812 0.727778 0.634375 0.727778 0.6375 0.733333 0.639063 0.733333 0.64375 0.741667 0.645312 0.741667 0.648438 0.747222 0.65 0.747222 0.651563 0.75 0.653125 0.75 0.65625 0.755556 0.657812 0.755556 0.6625 0.763889 0.664062 0.763889 0.667188 0.769444 0.66875 0.769444 0.670313 0.772222 0.671875 0.772222 0.673437 0.775 0.675 0.775 0.676562 0.777778 0.678125 0.777778 0.68125 0.783333 0.682813 0.783333 0.685938 0.788889 0.6875 0.788889 0.689062 0.791667 0.690625 0.791667 0.69375 0.797222 0.695312 0.797222 0.696875 0.8 0.698438 0.8 0.701563 0.805556 0.703125 0.805556 0.704687 0.808333 0.70625 0.808333 0.709375 0.813889 0.710938 0.813889 0.7125 0.816667 0.714063 0.816667 0.715625 0.819444 0.71875 0.819444 0.720312 0.822222 0.721875 0.822222 0.725 0.827778 0.726562 0.827778 0.728125 0.830556 0.729688 0.830556 0.73125 0.833333 0.732813 0.833333 0.734375 0.836111 0.735937 0.836111 0.7375 0.838889 0.739062 0.838889 0.740625 0.841667 0.74375 0.841667 0.745313 0.844444 0.746875 0.844444 0.748438 0.847222 0.75 0.847222 0.751562 0.85 0.753125 0.85 0.754687 0.852778 0.75625 0.852778 0.757812 0.855556 0.759375 0.855556 0.760938 0.858333 0.764063 0.858333 0.765625 0.861111 0.767187 0.861111 0.76875 0.863889 0.770312 0.863889 0.771875 0.866667 0.773438 0.866667 0.776563 0.872222 0.778125 0.872222 0.779688 0.875 0.78125 0.875 0.782812 0.877778 0.785937 0.877778 0.7875 0.880556 0.790625 0.880556 0.792188 0.883333 0.796875 0.883333 0.798437 0.886111 0.80625 0.886111 0.807813 0.888889 0.842188 0.888889 0.84375 0.891667 0.853125 0.891667 0.854688 0.894444 0.8625 0.894444 0.864062 0.897222 0.86875 0.897222 0.870313 0.9 0.875 0.9 0.876562 0.902778 0.878125 0.902778 0.879687 0.905556 0.879687 0.908333 0.88125 0.911111 0.88125 0.916667 0.882812 0.919444 0.882812 0.927778 0.884375 0.930556 0.884375 0.936111 0.8875 0.941667 0.8875 0.944444 0.892187 0.952778 0.892187 0.955556 0.901563 0.972222 0.903125 0.972222 0.909375 0.983333 0.909375 0.986111 0.914062 0.994444 0.914062 1 0.998438 1 0.998438 0.25 0.697188
7 0.934375 0.25 0.934375 0.258333 0.932813 0.261111 0.928125 0.261111 0.926562 0.263889 0.921875 0.263889 0.920313 0.266667 0.914062 0.266667 0.9125 0.269444 0.904688 0.269444 0.903125 0.272222 0.889063 0.272222 0.8875 0.275 0.871875 0.275 0.870313 0.277778 0.85625 0.277778 0.854688 0.280556 0.848437 0.280556 0.846875 0.283333 0.842188 0.283333 0.840625 0.286111 0.832812 0.286111 0.83125 0.288889 0.803125 0.288889 0.801562 0.286111 0.79375 0.286111 0.792188 0.283333 0.7875 0.283333 0.782812 0.291667 0.78125 0.291667 0.779688 0.294444 0.771875 0.294444 0.76875 0.3 0.764063 0.3 0.7625 0.302778 0.748438 0.302778 0.746875 0.305556 0.732813 0.305556 0.73125 0.308333 0.717188 0.308333 0.715625 0.311111 0.703125 0.311111 0.701563 0.313889 0.692187 0.313889 0.690625 0.316667 0.685938 0.316667 0.684375 0.319444 0.679688 0.319444 0.678125 0.322222 0.671875 0.322222 0.670313 0.325 0.667188 0.325 0.665625 0.327778 0.664062 0.327778 0.664062 0.341667 0.665625 0.344444 0.665625 0.352778 0.667188 0.355556 0.667188 0.363889 0.665625 0.366667 0.665625 0.369444 0.664062 0.372222 0.664062 0.375 0.6625 0.377778 0.6625 0.380556 0.660937 0.383333 0.660937 0.386111 0.65625 0.394444 0.65625 0.397222 0.654688 0.4 0.654688 0.402778 0.653125 0.405556 0.653125 0.408333 0.65 0.413889 0.65 0.416667 0.645312 0.425 0.645312 0.427778 0.642187 0.433333 0.642187 0.436111 0.640625 0.438889 0.640625 0.441667 0.6375 0.447222 0.6375 0.45 0.626562 0.469444 0.626562 0.475 0.625 0.477778 0.625 0.486111 0.623438 0.488889 0.623438 0.497222 0.621875 0.5 0.621875 0.508333 0.620313 0.511111 0.620313 0.597222 0.61875 0.6 0.61875 0.608333 0.614062 0.616667 0.609375 0.616667 0.609375 0.694444 0.614062 0.694444 0.617188 0.7 0.617188 0.702778 0.628125 0.722222 0.629687 0.722222 0.632812 0.727778 0.634375 0.727778 0.6375 0.733333 0.639063 0.733333 0.64375 0.741667 0.645312 0.741667 0.648438 0.747222 0.65 0.747222 0.651563 0.75 0.653125 0.75 0.65625 0.755556 0.657812 0.755556 0.6625 0.763889 0.664062 0.763889 0.667188 0.769444 0.66875 0.769444 0.670313 0.772222 0.671875 0.772222 0.673437 0.775 0.675 0.775 0.676562 0.777778 0.678125 0.777778 0.68125 0.783333 0.682813 0.783333 0.685938 0.788889 0.6875 0.788889 0.689062 0.791667 0.690625 0.791667 0.69375 0.797222 0.695312 0.797222 0.696875 0.8 0.698438 0.8 0.701563 0.805556 0.703125 0.805556 0.704687 0.808333 0.70625 0.808333 0.709375 0.813889 0.710938 0.813889 0.7125 0.816667 0.714063 0.816667 0.715625 0.819444 0.71875 0.819444 0.720312 0.822222 0.721875 0.822222 0.725 0.827778 0.726562 0.827778 0.728125 0.830556 0.729688 0.830556 0.73125 0.833333 0.732813 0.833333 0.734375 0.836111 0.735937 0.836111 0.7375 0.838889 0.739062 0.838889 0.740625 0.841667 0.74375 0.841667 0.745313 0.844444 0.746875 0.844444 0.748438 0.847222 0.75 0.847222 0.751562 0.85 0.753125 0.85 0.754687 0.852778 0.75625 0.852778 0.757812 0.855556 0.759375 0.855556 0.760938 0.858333 0.764063 0.858333 0.765625 0.861111 0.767187 0.861111 0.76875 0.863889 0.770312 0.863889 0.771875 0.866667 0.773438 0.866667 0.776563 0.872222 0.778125 0.872222 0.779688 0.875 0.78125 0.875 0.782812 0.877778 0.785937 0.877778 0.7875 0.880556 0.790625 0.880556 0.792188 0.883333 0.796875 0.883333 0.798437 0.886111 0.80625 0.886111 0.807813 0.888889 0.842188 0.888889 0.84375 0.891667 0.853125 0.891667 0.854688 0.894444 0.8625 0.894444 0.864062 0.897222 0.86875 0.897222 0.870313 0.9 0.875 0.9 0.876562 0.902778 0.878125 0.902778 0.879687 0.905556 0.879687 0.908333 0.88125 0.911111 0.88125 0.916667 0.882812 0.919444 0.882812 0.927778 0.884375 0.930556 0.884375 0.936111 0.8875 0.941667 0.8875 0.944444 0.892187 0.952778 0.892187 0.955556 0.901563 0.972222 0.903125 0.972222 0.909375 0.983333 0.909375 0.986111 0.914062 0.994444 0.914062 1 0.998438 1 0.998438 0.25 0.323144
2 0.329688 0.527778 0.329688 0.536111 0.328125 0.538889 0.326562 0.538889 0.325 0.541667 0.317187 0.541667 0.315625 0.544444 0.3 0.544444 0.298438 0.547222 0.292188 0.547222 0.290625 0.55 0.2875 0.55 0.285937 0.552778 0.282813 0.552778 0.28125 0.555556 0.276563 0.555556 0.275 0.558333 0.271875 0.558333 0.270312 0.561111 0.26875 0.561111 0.265625 0.566667 0.264062 0.566667 0.2625 0.569444 0.260938 0.569444 0.259375 0.572222 0.257812 0.572222 0.254687 0.577778 0.253125 0.577778 0.25 0.583333 0.248437 0.583333 0.240625 0.597222 0.239063 0.597222 0.223438 0.625 0.223438 0.627778 0.221875 0.630556 0.220313 0.630556 0.214062 0.641667 0.2125 0.641667 0.210938 0.644444 0.204688 0.644444 0.203125 0.641667 0.201562 0.641667 0.2 0.644444 0.196875 0.644444 0.19375 0.65 0.19375 0.652778 0.192188 0.655556 0.192188 0.658333 0.190625 0.661111 0.190625 0.663889 0.184375 0.675 0.182812 0.675 0.178125 0.683333 0.176563 0.683333 0.175 0.686111 0.173438 0.686111 0.170312 0.691667 0.16875 0.691667 0.157813 0.711111 0.15625 0.711111 0.15625 0.713889 0.151562 0.722222 0.146875 0.722222 0.146875 0.863889 0.151562 0.863889 0.154687 0.869444 0.154687 0.872222 0.1625 0.886111 0.164062 0.886111 0.165625 0.888889 0.16875 0.888889 0.170312 0.891667 0.178125 0.891667 0.179688 0.888889 0.189063 0.888889 0.190625 0.886111 0.195312 0.886111 0.204688 0.869444 0.204688 0.866667 0.20625 0.863889 0.20625 0.861111 0.209375 0.855556 0.209375 0.852778 0.214062 0.844444 0.225 0.844444 0.226562 0.841667 0.235938 0.841667 0.2375 0.838889 0.253125 0.838889 0.254687 0.836111 0.275 0.836111 0.276563 0.838889 0.278125 0.838889 0.279687 0.841667 0.28125 0.841667 0.285937 0.85 0.285937 0.852778 0.290625 0.861111 0.290625 0.863889 0.29375 0.869444 0.29375 0.872222 0.301562 0.886111 0.304688 0.886111 0.30625 0.888889 0.329688 0.888889 0.33125 0.886111 0.334375 0.886111 0.335938 0.883333 0.3375 0.883333 0.340625 0.877778 0.340625 0.875 0.346875 0.863889 0.346875 0.861111 0.348437 0.858333 0.348437 0.855556 0.35 0.852778 0.35 0.85 0.353125 0.844444 0.354688 0.844444 0.35625 0.841667 0.36875 0.841667 0.370313 0.838889 0.38125 0.838889 0.382812 0.836111 0.398438 0.836111 0.4 0.833333 0.40625 0.833333 0.407813 0.830556 0.410937 0.830556 0.4125 0.833333 0.421875 0.833333 0.423438 0.836111 0.432813 0.836111 0.434375 0.838889 0.439063 0.838889 0.44375 0.847222 0.44375 0.85 0.445312 0.852778 0.445312 0.858333 0.45 0.866667 0.45 0.869444 0.457812 0.883333 0.459375 0.883333 0.460938 0.886111 0.471875 0.886111 0.473437 0.883333 0.484375 0.883333 0.485938 0.880556 0.490625 0.880556 0.495313 0.872222 0.496875 0.872222 0.496875 0.869444 0.498437 0.866667 0.498437 0.863889 0.501562 0.858333 0.501562 0.855556 0.503125 0.852778 0.503125 0.85 0.504687 0.847222 0.504687 0.844444 0.50625 0.841667 0.50625 0.838889 0.510938 0.830556 0.510938 0.827778 0.514063 0.822222 0.514063 0.819444 0.515625 0.816667 0.515625 0.811111 0.517187 0.808333 0.517187 0.805556 0.51875 0.802778 0.51875 0.8 0.521875 0.794444 0.521875 0.791667 0.523438 0.788889 0.523438 0.786111 0.525 0.783333 0.525 0.777778 0.526563 0.775 0.526563 0.769444 0.528125 0.766667 0.532812 0.766667 0.532812 0.747222 0.528125 0.747222 0.526563 0.744444 0.526563 0.722222 0.525 0.719444 0.525 0.697222 0.523438 0.694444 0.523438 0.647222 0.521875 0.644444 0.521875 0.638889 0.5125 0.622222 0.510938 0.622222 0.504687 0.611111 0.504687 0.608333 0.501562 0.602778 0.501562 0.6 0.498437 0.594444 0.498437 0.591667 0.49375 0.583333 0.49375 0.580556 0.489062 0.572222 0.489062 0.569444 0.485938 0.563889 0.485938 0.561111 0.484375 0.558333 0.484375 0.555556 0.48125 0.55 0.479688 0.55 0.478125 0.547222 0.470313 0.547222 0.46875 0.544444 0.460938 0.544444 0.459375 0.541667 0.445312 0.541667 0.44375 0.538889 0.442187 0.538889 0.440625 0.536111 0.440625 0.527778 0.885107
0 0.278125 0.205556 0.278125 0.216667 0.273438 0.225 0.273438 0.230556 0.271875 0.233333 0.271875 0.236111 0.26875 0.241667 0.26875 0.244444 0.267188 0.247222 0.267188 0.252778 0.265625 0.255556 0.265625 0.261111 0.264062 0.263889 0.264062 0.272222 0.2625 0.275 0.2625 0.302778 0.260938 0.305556 0.260938 0.308333 0.257812 0.313889 0.257812 0.316667 0.25625 0.319444 0.25625 0.325 0.254687 0.327778 0.254687 0.330556 0.246875 0.344444 0.245312 0.344444 0.232812 0.366667 0.232812 0.369444 0.229687 0.375 0.229687 0.377778 0.228125 0.380556 0.228125 0.383333 0.226562 0.386111 0.226562 0.388889 0.225 0.391667 0.225 0.394444 0.223438 0.397222 0.223438 0.402778 0.220313 0.408333 0.215625 0.408333 0.215625 0.447222 0.351562 0.447222 0.351562 0.436111 0.346875 0.436111 0.34375 0.430556 0.34375 0.427778 0.342187 0.425 0.342187 0.422222 0.335938 0.411111 0.335938 0.408333 0.332812 0.402778 0.332812 0.4 0.33125 0.397222 0.33125 0.394444 0.329688 0.391667 0.329688 0.388889 0.328125 0.386111 0.328125 0.383333 0.326562 0.380556 0.326562 0.377778 0.323438 0.372222 0.323438 0.361111 0.325 0.358333 0.325 0.352778 0.326562 0.35 0.326562 0.344444 0.328125 0.341667 0.328125 0.338889 0.33125 0.333333 0.33125 0.330556 0.334375 0.325 0.335938 0.325 0.3375 0.322222 0.3375 0.319444 0.339063 0.316667 0.339063 0.313889 0.3375 0.311111 0.3375 0.302778 0.335938 0.3 0.335938 0.294444 0.334375 0.291667 0.334375 0.244444 0.332812 0.241667 0.332812 0.238889 0.33125 0.236111 0.33125 0.233333 0.323438 0.219444 0.321875 0.219444 0.31875 0.213889 0.31875 0.205556 0.861745
2 0.934375 0.25 0.934375 0.258333 0.932813 0.261111 0.928125 0.261111 0.926562 0.263889 0.921875 0.263889 0.920313 0.266667 0.914062 0.266667 0.9125 0.269444 0.904688 0.269444 0.903125 0.272222 0.889063 0.272222 0.8875 0.275 0.871875 0.275 0.870313 0.277778 0.85625 0.277778 0.854688 0.280556 0.848437 0.280556 0.846875 0.283333 0.842188 0.283333 0.840625 0.286111 0.832812 0.286111 0.83125 0.288889 0.803125 0.288889 0.801562 0.286111 0.79375 0.286111 0.792188 0.283333 0.7875 0.283333 0.782812 0.291667 0.78125 0.291667 0.779688 0.294444 0.771875 0.294444 0.76875 0.3 0.764063 0.3 0.7625 0.302778 0.748438 0.302778 0.746875 0.305556 0.732813 0.305556 0.73125 0.308333 0.717188 0.308333 0.715625 0.311111 0.703125 0.311111 0.701563 0.313889 0.692187 0.313889 0.690625 0.316667 0.685938 0.316667 0.684375 0.319444 0.679688 0.319444 0.678125 0.322222 0.671875 0.322222 0.670313 0.325 0.667188 0.325 0.665625 0.327778 0.664062 0.327778 0.664062 0.341667 0.665625 0.344444 0.665625 0.352778 0.667188 0.355556 0.667188 0.363889 0.665625 0.366667 0.665625 0.369444 0.664062 0.372222 0.664062 0.375 0.6625 0.377778 0.6625 0.380556 0.660937 0.383333 0.660937 0.386111 0.65625 0.394444 0.65625 0.397222 0.654688 0.4 0.654688 0.402778 0.653125 0.405556 0.653125 0.408333 0.65 0.413889 0.65 0.416667 0.645312 0.425 0.645312 0.427778 0.642187 0.433333 0.642187 0.436111 0.640625 0.438889 0.640625 0.441667 0.6375 0.447222 0.6375 0.45 0.626562 0.469444 0.626562 0.475 0.625 0.477778 0.625 0.486111 0.623438 0.488889 0.623438 0.497222 0.621875 0.5 0.621875 0.508333 0.620313 0.511111 0.620313 0.597222 0.61875 0.6 0.61875 0.608333 0.614062 0.616667 0.609375 0.616667 0.609375 0.694444 0.614062 0.694444 0.617188 0.7 0.617188 0.702778 0.628125 0.722222 0.629687 0.722222 0.632812 0.727778 0.634375 0.727778 0.6375 0.733333 0.639063 0.733333 0.64375 0.741667 0.645312 0.741667 0.648438 0.747222 0.65 0.747222 0.651563 0.75 0.653125 0.75 0.65625 0.755556 0.657812 0.755556 0.6625 0.763889 0.664062 0.763889 0.667188 0.769444 0.66875 0.769444 0.670313 0.772222 0.671875 0.772222 0.673437 0.775 0.675 0.775 0.676562 0.777778 0.678125 0.777778 0.68125 0.783333 0.682813 0.783333 0.685938 0.788889 0.6875 0.788889 0.689062 0.791667 0.690625 0.791667 0.69375 0.797222 0.695312 0.797222 0.696875 0.8 0.698438 0.8 0.701563 0.805556 0.703125 0.805556 0.704687 0.808333 0.70625 0.808333 0.709375 0.813889 0.710938 0.813889 0.7125 0.816667 0.714063 0.816667 0.715625 0.819444 0.71875 0.819444 0.720312 0.822222 0.721875 0.822222 0.725 0.827778 0.726562 0.827778 0.728125 0.830556 0.729688 0.830556 0.73125 0.833333 0.732813 0.833333 0.734375 0.836111 0.735937 0.836111 0.7375 0.838889 0.739062 0.838889 0.740625 0.841667 0.74375 0.841667 0.745313 0.844444 0.746875 0.844444 0.748438 0.847222 0.75 0.847222 0.751562 0.85 0.753125 0.85 0.754687 0.852778 0.75625 0.852778 0.757812 0.855556 0.759375 0.855556 0.760938 0.858333 0.764063 0.858333 0.765625 0.861111 0.767187 0.861111 0.76875 0.863889 0.770312 0.863889 0.771875 0.866667 0.773438 0.866667 0.776563 0.872222 0.778125 0.872222 0.779688 0.875 0.78125 0.875 0.782812 0.877778 0.785937 0.877778 0.7875 0.880556 0.790625 0.880556 0.792188 0.883333 0.796875 0.883333 0.798437 0.886111 0.80625 0.886111 0.807813 0.888889 0.842188 0.888889 0.84375 0.891667 0.853125 0.891667 0.854688 0.894444 0.8625 0.894444 0.864062 0.897222 0.86875 0.897222 0.870313 0.9 0.875 0.9 0.876562 0.902778 0.878125 0.902778 0.879687 0.905556 0.879687 0.908333 0.88125 0.911111 0.88125 0.916667 0.882812 0.919444 0.882812 0.927778 0.884375 0.930556 0.884375 0.936111 0.8875 0.941667 0.8875 0.944444 0.892187 0.952778 0.892187 0.955556 0.901563 0.972222 0.903125 0.972222 0.909375 0.983333 0.909375 0.986111 0.914062 0.994444 0.914062 1 0.998438 1 0.998438 0.25 0.697188
7 0.934375 0.25 0.934375 0.258333 0.932813 0.261111 0.928125 0.261111 0.926562 0.263889 0.921875 0.263889 0.920313 0.266667 0.914062 0.266667 0.9125 0.269444 0.904688 0.269444 0.903125 0.272222 0.889063 0.272222 0.8875 0.275 0.871875 0.275 0.870313 0.277778 0.85625 0.277778 0.854688 0.280556 0.848437 0.280556 0.846875 0.283333 0.842188 0.283333 0.840625 0.286111 0.832812 0.286111 0.83125 0.288889 0.803125 0.288889 0.801562 0.286111 0.79375 0.286111 0.792188 0.283333 0.7875 0.283333 0.782812 0.291667 0.78125 0.291667 0.779688 0.294444 0.771875 0.294444 0.76875 0.3 0.764063 0.3 0.7625 0.302778 0.748438 0.302778 0.746875 0.305556 0.732813 0.305556 0.73125 0.308333 0.717188 0.308333 0.715625 0.311111 0.703125 0.311111 0.701563 0.313889 0.692187 0.313889 0.690625 0.316667 0.685938 0.316667 0.684375 0.319444 0.679688 0.319444 0.678125 0.322222 0.671875 0.322222 0.670313 0.325 0.667188 0.325 0.665625 0.327778 0.664062 0.327778 0.664062 0.341667 0.665625 0.344444 0.665625 0.352778 0.667188 0.355556 0.667188 0.363889 0.665625 0.366667 0.665625 0.369444 0.664062 0.372222 0.664062 0.375 0.6625 0.377778 0.6625 0.380556 0.660937 0.383333 0.660937 0.386111 0.65625 0.394444 0.65625 0.397222 0.654688 0.4 0.654688 0.402778 0.653125 0.405556 0.653125 0.408333 0.65 0.413889 0.65 0.416667 0.645312 0.425 0.645312 0.427778 0.642187 0.433333 0.642187 0.436111 0.640625 0.438889 0.640625 0.441667 0.6375 0.447222 0.6375 0.45 0.626562 0.469444 0.626562 0.475 0.625 0.477778 0.625 0.486111 0.623438 0.488889 0.623438 0.497222 0.621875 0.5 0.621875 0.508333 0.620313 0.511111 0.620313 0.597222 0.61875 0.6 0.61875 0.608333 0.614062 0.616667 0.609375 0.616667 0.609375 0.694444 0.614062 0.694444 0.617188 0.7 0.617188 0.702778 0.628125 0.722222 0.629687 0.722222 0.632812 0.727778 0.634375 0.727778 0.6375 0.733333 0.639063 0.733333 0.64375 0.741667 0.645312 0.741667 0.648438 0.747222 0.65 0.747222 0.651563 0.75 0.653125 0.75 0.65625 0.755556 0.657812 0.755556 0.6625 0.763889 0.664062 0.763889 0.667188 0.769444 0.66875 0.769444 0.670313 0.772222 0.671875 0.772222 0.673437 0.775 0.675 0.775 0.676562 0.777778 0.678125 0.777778 0.68125 0.783333 0.682813 0.783333 0.685938 0.788889 0.6875 0.788889 0.689062 0.791667 0.690625 0.791667 0.69375 0.797222 0.695312 0.797222 0.696875 0.8 0.698438 0.8 0.701563 0.805556 0.703125 0.805556 0.704687 0.808333 0.70625 0.808333 0.709375 0.813889 0.710938 0.813889 0.7125 0.816667 0.714063 0.816667 0.715625 0.819444 0.71875 0.819444 0.720312 0.822222 0.721875 0.822222 0.725 0.827778 0.726562 0.827778 0.728125 0.830556 0.729688 0.830556 0.73125 0.833333 0.732813 0.833333 0.734375 0.836111 0.735937 0.836111 0.7375 0.838889 0.739062 0.838889 0.740625 0.841667 0.74375 0.841667 0.745313 0.844444 0.746875 0.844444 0.748438 0.847222 0.75 0.847222 0.751562 0.85 0.753125 0.85 0.754687 0.852778 0.75625 0.852778 0.757812 0.855556 0.759375 0.855556 0.760938 0.858333 0.764063 0.858333 0.765625 0.861111 0.767187 0.861111 0.76875 0.863889 0.770312 0.863889 0.771875 0.866667 0.773438 0.866667 0.776563 0.872222 0.778125 0.872222 0.779688 0.875 0.78125 0.875 0.782812 0.877778 0.785937 0.877778 0.7875 0.880556 0.790625 0.880556 0.792188 0.883333 0.796875 0.883333 0.798437 0.886111 0.80625 0.886111 0.807813 0.888889 0.842188 0.888889 0.84375 0.891667 0.853125 0.891667 0.854688 0.894444 0.8625 0.894444 0.864062 0.897222 0.86875 0.897222 0.870313 0.9 0.875 0.9 0.876562 0.902778 0.878125 0.902778 0.879687 0.905556 0.879687 0.908333 0.88125 0.911111 0.88125 0.916667 0.882812 0.919444 0.882812 0.927778 0.884375 0.930556 0.884375 0.936111 0.8875 0.941667 0.8875 0.944444 0.892187 0.952778 0.892187 0.955556 0.901563 0.972222 0.903125 0.972222 0.909375 0.983333 0.909375 0.986111 0.914062 0.994444 0.914062 1 0.998438 1 0.998438 0.25 0.323144
2 0.329688 0.527778 0.329688 0.536111 0.328125 0.538889 0.326562 0.538889 0.325 0.541667 0.317187 0.541667 0.315625 0.544444 0.3 0.544444 0.298438 0.547222 0.292188 0.547222 0.290625 0.55 0.2875 0.55 0.285937 0.552778 0.282813 0.552778 0.28125 0.555556 0.276563 0.555556 0.275 0.558333 0.271875 0.558333 0.270312 0.561111 0.26875 0.561111 0.265625 0.566667 0.264062 0.566667 0.2625 0.569444 0.260938 0.569444 0.259375 0.572222 0.257812 0.572222 0.254687 0.577778 0.253125 0.577778 0.25 0.583333 0.248437 0.583333 0.240625 0.597222 0.239063 0.597222 0.223438 0.625 0.223438 0.627778 0.221875 0.630556 0.220313 0.630556 0.214062 0.641667 0.2125 0.641667 0.210938 0.644444 0.204688 0.644444 0.203125 0.641667 0.201562 0.641667 0.2 0.644444 0.196875 0.644444 0.19375 0.65 0.19375 0.652778 0.192188 0.655556 0.192188 0.658333 0.190625 0.661111 0.190625 0.663889 0.184375 0.675 0.182812 0.675 0.178125 0.683333 0.176563 0.683333 0.175 0.686111 0.173438 0.686111 0.170312 0.691667 0.16875 0.691667 0.157813 0.711111 0.15625 0.711111 0.15625 0.713889 0.151562 0.722222 0.146875 0.722222 0.146875 0.863889 0.151562 0.863889 0.154687 0.869444 0.154687 0.872222 0.1625 0.886111 0.164062 0.886111 0.165625 0.888889 0.16875 0.888889 0.170312 0.891667 0.178125 0.891667 0.179688 0.888889 0.189063 0.888889 0.190625 0.886111 0.195312 0.886111 0.204688 0.869444 0.204688 0.866667 0.20625 0.863889 0.20625 0.861111 0.209375 0.855556 0.209375 0.852778 0.214062 0.844444 0.225 0.844444 0.226562 0.841667 0.235938 0.841667 0.2375 0.838889 0.253125 0.838889 0.254687 0.836111 0.275 0.836111 0.276563 0.838889 0.278125 0.838889 0.279687 0.841667 0.28125 0.841667 0.285937 0.85 0.285937 0.852778 0.290625 0.861111 0.290625 0.863889 0.29375 0.869444 0.29375 0.872222 0.301562 0.886111 0.304688 0.886111 0.30625 0.888889 0.329688 0.888889 0.33125 0.886111 0.334375 0.886111 0.335938 0.883333 0.3375 0.883333 0.340625 0.877778 0.340625 0.875 0.346875 0.863889 0.346875 0.861111 0.348437 0.858333 0.348437 0.855556 0.35 0.852778 0.35 0.85 0.353125 0.844444 0.354688 0.844444 0.35625 0.841667 0.36875 0.841667 0.370313 0.838889 0.38125 0.838889 0.382812 0.836111 0.398438 0.836111 0.4 0.833333 0.40625 0.833333 0.407813 0.830556 0.410937 0.830556 0.4125 0.833333 0.421875 0.833333 0.423438 0.836111 0.432813 0.836111 0.434375 0.838889 0.439063 0.838889 0.44375 0.847222 0.44375 0.85 0.445312 0.852778 0.445312 0.858333 0.45 0.866667 0.45 0.869444 0.457812 0.883333 0.459375 0.883333 0.460938 0.886111 0.471875 0.886111 0.473437 0.883333 0.484375 0.883333 0.485938 0.880556 0.490625 0.880556 0.495313 0.872222 0.496875 0.872222 0.496875 0.869444 0.498437 0.866667 0.498437 0.863889 0.501562 0.858333 0.501562 0.855556 0.503125 0.852778 0.503125 0.85 0.504687 0.847222 0.504687 0.844444 0.50625 0.841667 0.50625 0.838889 0.510938 0.830556 0.510938 0.827778 0.514063 0.822222 0.514063 0.819444 0.515625 0.816667 0.515625 0.811111 0.517187 0.808333 0.517187 0.805556 0.51875 0.802778 0.51875 0.8 0.521875 0.794444 0.521875 0.791667 0.523438 0.788889 0.523438 0.786111 0.525 0.783333 0.525 0.777778 0.526563 0.775 0.526563 0.769444 0.528125 0.766667 0.532812 0.766667 0.532812 0.747222 0.528125 0.747222 0.526563 0.744444 0.526563 0.722222 0.525 0.719444 0.525 0.697222 0.523438 0.694444 0.523438 0.647222 0.521875 0.644444 0.521875 0.638889 0.5125 0.622222 0.510938 0.622222 0.504687 0.611111 0.504687 0.608333 0.501562 0.602778 0.501562 0.6 0.498437 0.594444 0.498437 0.591667 0.49375 0.583333 0.49375 0.580556 0.489062 0.572222 0.489062 0.569444 0.485938 0.563889 0.485938 0.561111 0.484375 0.558333 0.484375 0.555556 0.48125 0.55 0.479688 0.55 0.478125 0.547222 0.470313 0.547222 0.46875 0.544444 0.460938 0.544444 0.459375 0.541667 0.445312 0.541667 0.44375 0.538889 0.442187 0.538889 0.440625 0.536111 0.440625 0.527778 0.885107
0 0.278125 0.205556 0.278125 0.216667 0.273438 0.225 0.273438 0.230556 0.271875 0.233333 0.271875 0.236111 0.26875 0.241667 0.26875 0.244444 0.267188 0.247222 0.267188 0.252778 0.265625 0.255556 0.265625 0.261111 0.264062 0.263889 0.264062 0.272222 0.2625 0.275 0.2625 0.302778 0.260938 0.305556 0.260938 0.308333 0.257812 0.313889 0.257812 0.316667 0.25625 0.319444 0.25625 0.325 0.254687 0.327778 0.254687 0.330556 0.246875 0.344444 0.245312 0.344444 0.232812 0.366667 0.232812 0.369444 0.229687 0.375 0.229687 0.377778 0.228125 0.380556 0.228125 0.383333 0.226562 0.386111 0.226562 0.388889 0.225 0.391667 0.225 0.394444 0.223438 0.397222 0.223438 0.402778 0.220313 0.408333 0.215625 0.408333 0.215625 0.447222 0.351562 0.447222 0.351562 0.436111 0.346875 0.436111 0.34375 0.430556 0.34375 0.427778 0.342187 0.425 0.342187 0.422222 0.335938 0.411111 0.335938 0.408333 0.332812 0.402778 0.332812 0.4 0.33125 0.397222 0.33125 0.394444 0.329688 0.391667 0.329688 0.388889 0.328125 0.386111 0.328125 0.383333 0.326562 0.380556 0.326562 0.377778 0.323438 0.372222 0.323438 0.361111 0.325 0.358333 0.325 0.352778 0.326562 0.35 0.326562 0.344444 0.328125 0.341667 0.328125 0.338889 0.33125 0.333333 0.33125 0.330556 0.334375 0.325 0.335938 0.325 0.3375 0.322222 0.3375 0.319444 0.339063 0.316667 0.339063 0.313889 0.3375 0.311111 0.3375 0.302778 0.335938 0.3 0.335938 0.294444 0.334375 0.291667 0.334375 0.244444 0.332812 0.241667 0.332812 0.238889 0.33125 0.236111 0.33125 0.233333 0.323438 0.219444 0.321875 0.219444 0.31875 0.213889 0.31875 0.205556 0.861745
2 0.934375 0.25 0.934375 0.258333 0.932813 0.261111 0.928125 0.261111 0.926562 0.263889 0.921875 0.263889 0.920313 0.266667 0.914062 0.266667 0.9125 0.269444 0.904688 0.269444 0.903125 0.272222 0.889063 0.272222 0.8875 0.275 0.871875 0.275 0.870313 0.277778 0.85625 0.277778 0.854688 0.280556 0.848437 0.280556 0.846875 0.283333 0.842188 0.283333 0.840625 0.286111 0.832812 0.286111 0.83125 0.288889 0.803125 0.288889 0.801562 0.286111 0.79375 0.286111 0.792188 0.283333 0.7875 0.283333 0.782812 0.291667 0.78125 0.291667 0.779688 0.294444 0.771875 0.294444 0.76875 0.3 0.764063 0.3 0.7625 0.302778 0.748438 0.302778 0.746875 0.305556 0.732813 0.305556 0.73125 0.308333 0.717188 0.308333 0.715625 0.311111 0.703125 0.311111 0.701563 0.313889 0.692187 0.313889 0.690625 0.316667 0.685938 0.316667 0.684375 0.319444 0.679688 0.319444 0.678125 0.322222 0.671875 0.322222 0.670313 0.325 0.667188 0.325 0.665625 0.327778 0.664062 0.327778 0.664062 0.341667 0.665625 0.344444 0.665625 0.352778 0.667188 0.355556 0.667188 0.363889 0.665625 0.366667 0.665625 0.369444 0.664062 0.372222 0.664062 0.375 0.6625 0.377778 0.6625 0.380556 0.660937 0.383333 0.660937 0.386111 0.65625 0.394444 0.65625 0.397222 0.654688 0.4 0.654688 0.402778 0.653125 0.405556 0.653125 0.408333 0.65 0.413889 0.65 0.416667 0.645312 0.425 0.645312 0.427778 0.642187 0.433333 0.642187 0.436111 0.640625 0.438889 0.640625 0.441667 0.6375 0.447222 0.6375 0.45 0.626562 0.469444 0.626562 0.475 0.625 0.477778 0.625 0.486111 0.623438 0.488889 0.623438 0.497222 0.621875 0.5 0.621875 0.508333 0.620313 0.511111 0.620313 0.597222 0.61875 0.6 0.61875 0.608333 0.614062 0.616667 0.609375 0.616667 0.609375 0.694444 0.614062 0.694444 0.617188 0.7 0.617188 0.702778 0.628125 0.722222 0.629687 0.722222 0.632812 0.727778 0.634375 0.727778 0.6375 0.733333 0.639063 0.733333 0.64375 0.741667 0.645312 0.741667 0.648438 0.747222 0.65 0.747222 0.651563 0.75 0.653125 0.75 0.65625 0.755556 0.657812 0.755556 0.6625 0.763889 0.664062 0.763889 0.667188 0.769444 0.66875 0.769444 0.670313 0.772222 0.671875 0.772222 0.673437 0.775 0.675 0.775 0.676562 0.777778 0.678125 0.777778 0.68125 0.783333 0.682813 0.783333 0.685938 0.788889 0.6875 0.788889 0.689062 0.791667 0.690625 0.791667 0.69375 0.797222 0.695312 0.797222 0.696875 0.8 0.698438 0.8 0.701563 0.805556 0.703125 0.805556 0.704687 0.808333 0.70625 0.808333 0.709375 0.813889 0.710938 0.813889 0.7125 0.816667 0.714063 0.816667 0.715625 0.819444 0.71875 0.819444 0.720312 0.822222 0.721875 0.822222 0.725 0.827778 0.726562 0.827778 0.728125 0.830556 0.729688 0.830556 0.73125 0.833333 0.732813 0.833333 0.734375 0.836111 0.735937 0.836111 0.7375 0.838889 0.739062 0.838889 0.740625 0.841667 0.74375 0.841667 0.745313 0.844444 0.746875 0.844444 0.748438 0.847222 0.75 0.847222 0.751562 0.85 0.753125 0.85 0.754687 0.852778 0.75625 0.852778 0.757812 0.855556 0.759375 0.855556 0.760938 0.858333 0.764063 0.858333 0.765625 0.861111 0.767187 0.861111 0.76875 0.863889 0.770312 0.863889 0.771875 0.866667 0.773438 0.866667 0.776563 0.872222 0.778125 0.872222 0.779688 0.875 0.78125 0.875 0.782812 0.877778 0.785937 0.877778 0.7875 0.880556 0.790625 0.880556 0.792188 0.883333 0.796875 0.883333 0.798437 0.886111 0.80625 0.886111 0.807813 0.888889 0.842188 0.888889 0.84375 0.891667 0.853125 0.891667 0.854688 0.894444 0.8625 0.894444 0.864062 0.897222 0.86875 0.897222 0.870313 0.9 0.875 0.9 0.876562 0.902778 0.878125 0.902778 0.879687 0.905556 0.879687 0.908333 0.88125 0.911111 0.88125 0.916667 0.882812 0.919444 0.882812 0.927778 0.884375 0.930556 0.884375 0.936111 0.8875 0.941667 0.8875 0.944444 0.892187 0.952778 0.892187 0.955556 0.901563 0.972222 0.903125 0.972222 0.909375 0.983333 0.909375 0.986111 0.914062 0.994444 0.914062 1 0.998438 1 0.998438 0.25 0.697188
7 0.934375 0.25 0.934375 0.258333 0.932813 0.261111 0.928125 0.261111 0.926562 0.263889 0.921875 0.263889 0.920313 0.266667 0.914062 0.266667 0.9125 0.269444 0.904688 0.269444 0.903125 0.272222 0.889063 0.272222 0.8875 0.275 0.871875 0.275 0.870313 0.277778 0.85625 0.277778 0.854688 0.280556 0.848437 0.280556 0.846875 0.283333 0.842188 0.283333 0.840625 0.286111 0.832812 0.286111 0.83125 0.288889 0.803125 0.288889 0.801562 0.286111 0.79375 0.286111 0.792188 0.283333 0.7875 0.283333 0.782812 0.291667 0.78125 0.291667 0.779688 0.294444 0.771875 0.294444 0.76875 0.3 0.764063 0.3 0.7625 0.302778 0.748438 0.302778 0.746875 0.305556 0.732813 0.305556 0.73125 0.308333 0.717188 0.308333 0.715625 0.311111 0.703125 0.311111 0.701563 0.313889 0.692187 0.313889 0.690625 0.316667 0.685938 0.316667 0.684375 0.319444 0.679688 0.319444 0.678125 0.322222 0.671875 0.322222 0.670313 0.325 0.667188 0.325 0.665625 0.327778 0.664062 0.327778 0.664062 0.341667 0.665625 0.344444 0.665625 0.352778 0.667188 0.355556 0.667188 0.363889 0.665625 0.366667 0.665625 0.369444 0.664062 0.372222 0.664062 0.375 0.6625 0.377778 0.6625 0.380556 0.660937 0.383333 0.660937 0.386111 0.65625 0.394444 0.65625 0.397222 0.654688 0.4 0.654688 0.402778 0.653125 0.405556 0.653125 0.408333 0.65 0.413889 0.65 0.416667 0.645312 0.425 0.645312 0.427778 0.642187 0.433333 0.642187 0.436111 0.640625 0.438889 0.640625 0.441667 0.6375 0.447222 0.6375 0.45 0.626562 0.469444 0.626562 0.475 0.625 0.477778 0.625 0.486111 0.623438 0.488889 0.623438 0.497222 0.621875 0.5 0.621875 0.508333 0.620313 0.511111 0.620313 0.597222 0.61875 0.6 0.61875 0.608333 0.614062 0.616667 0.609375 0.616667 0.609375 0.694444 0.614062 0.694444 0.617188 0.7 0.617188 0.702778 0.628125 0.722222 0.629687 0.722222 0.632812 0.727778 0.634375 0.727778 0.6375 0.733333 0.639063 0.733333 0.64375 0.741667 0.645312 0.741667 0.648438 0.747222 0.65 0.747222 0.651563 0.75 0.653125 0.75 0.65625 0.755556 0.657812 0.755556 0.6625 0.763889 0.664062 0.763889 0.667188 0.769444 0.66875 0.769444 0.670313 0.772222 0.671875 0.772222 0.673437 0.775 0.675 0.775 0.676562 0.777778 0.678125 0.777778 0.68125 0.783333 0.682813 0.783333 0.685938 0.788889 0.6875 0.788889 0.689062 0.791667 0.690625 0.791667 0.69375 0.797222 0.695312 0.797222 0.696875 0.8 0.698438 0.8 0.701563 0.805556 0.703125 0.805556 0.704687 0.808333 0.70625 0.808333 0.709375 0.813889 0.710938 0.813889 0.7125 0.816667 0.714063 0.816667 0.715625 0.819444 0.71875 0.819444 0.720312 0.822222 0.721875 0.822222 0.725 0.827778 0.726562 0.827778 0.728125 0.830556 0.729688 0.830556 0.73125 0.833333 0.732813 0.833333 0.734375 0.836111 0.735937 0.836111 0.7375 0.838889 0.739062 0.838889 0.740625 0.841667 0.74375 0.841667 0.745313 0.844444 0.746875 0.844444 0.748438 0.847222 0.75 0.847222 0.751562 0.85 0.753125 0.85 0.754687 0.852778 0.75625 0.852778 0.757812 0.855556 0.759375 0.855556 0.760938 0.858333 0.764063 0.858333 0.765625 0.861111 0.767187 0.861111 0.76875 0.863889 0.770312 0.863889 0.771875 0.866667 0.773438 0.866667 0.776563 0.872222 0.778125 0.872222 0.779688 0.875 0.78125 0.875 0.782812 0.877778 0.785937 0.877778 0.7875 0.880556 0.790625 0.880556 0.792188 0.883333 0.796875 0.883333 0.798437 0.886111 0.80625 0.886111 0.807813 0.888889 0.842188 0.888889 0.84375 0.891667 0.853125 0.891667 0.854688 0.894444 0.8625 0.894444 0.864062 0.897222 0.86875 0.897222 0.870313 0.9 0.875 0.9 0.876562 0.902778 0.878125 0.902778 0.879687 0.905556 0.879687 0.908333 0.88125 0.911111 0.88125 0.916667 0.882812 0.919444 0.882812 0.927778 0.884375 0.930556 0.884375 0.936111 0.8875 0.941667 0.8875 0.944444 0.892187 0.952778 0.892187 0.955556 0.901563 0.972222 0.903125 0.972222 0.909375 0.983333 0.909375 0.986111 0.914062 0.994444 0.914062 1 0.998438 1 0.998438 0.25 0.323144
2 0.329688 0.527778 0.329688 0.536111 0.328125 0.538889 0.326562 0.538889 0.325 0.541667 0.317187 0.541667 0.315625 0.544444 0.3 0.544444 0.298438 0.547222 0.292188 0.547222 0.290625 0.55 0.2875 0.55 0.285937 0.552778 0.282813 0.552778 0.28125 0.555556 0.276563 0.555556 0.275 0.558333 0.271875 0.558333 0.270312 0.561111 0.26875 0.561111 0.265625 0.566667 0.264062 0.566667 0.2625 0.569444 0.260938 0.569444 0.259375 0.572222 0.257812 0.572222 0.254687 0.577778 0.253125 0.577778 0.25 0.583333 0.248437 0.583333 0.240625 0.597222 0.239063 0.597222 0.223438 0.625 0.223438 0.627778 0.221875 0.630556 0.220313 0.630556 0.214062 0.641667 0.2125 0.641667 0.210938 0.644444 0.204688 0.644444 0.203125 0.641667 0.201562 0.641667 0.2 0.644444 0.196875 0.644444 0.19375 0.65 0.19375 0.652778 0.192188 0.655556 0.192188 0.658333 0.190625 0.661111 0.190625 0.663889 0.184375 0.675 0.182812 0.675 0.178125 0.683333 0.176563 0.683333 0.175 0.686111 0.173438 0.686111 0.170312 0.691667 0.16875 0.691667 0.157813 0.711111 0.15625 0.711111 0.15625 0.713889 0.151562 0.722222 0.146875 0.722222 0.146875 0.863889 0.151562 0.863889 0.154687 0.869444 0.154687 0.872222 0.1625 0.886111 0.164062 0.886111 0.165625 0.888889 0.16875 0.888889 0.170312 0.891667 0.178125 0.891667 0.179688 0.888889 0.189063 0.888889 0.190625 0.886111 0.195312 0.886111 0.204688 0.869444 0.204688 0.866667 0.20625 0.863889 0.20625 0.861111 0.209375 0.855556 0.209375 0.852778 0.214062 0.844444 0.225 0.844444 0.226562 0.841667 0.235938 0.841667 0.2375 0.838889 0.253125 0.838889 0.254687 0.836111 0.275 0.836111 0.276563 0.838889 0.278125 0.838889 0.279687 0.841667 0.28125 0.841667 0.285937 0.85 0.285937 0.852778 0.290625 0.861111 0.290625 0.863889 0.29375 0.869444 0.29375 0.872222 0.301562 0.886111 0.304688 0.886111 0.30625 0.888889 0.329688 0.888889 0.33125 0.886111 0.334375 0.886111 0.335938 0.883333 0.3375 0.883333 0.340625 0.877778 0.340625 0.875 0.346875 0.863889 0.346875 0.861111 0.348437 0.858333 0.348437 0.855556 0.35 0.852778 0.35 0.85 0.353125 0.844444 0.354688 0.844444 0.35625 0.841667 0.36875 0.841667 0.370313 0.838889 0.38125 0.838889 0.382812 0.836111 0.398438 0.836111 0.4 0.833333 0.40625 0.833333 0.407813 0.830556 0.410937 0.830556 0.4125 0.833333 0.421875 0.833333 0.423438 0.836111 0.432813 0.836111 0.434375 0.838889 0.439063 0.838889 0.44375 0.847222 0.44375 0.85 0.445312 0.852778 0.445312 0.858333 0.45 0.866667 0.45 0.869444 0.457812 0.883333 0.459375 0.883333 0.460938 0.886111 0.471875 0.886111 0.473437 0.883333 0.484375 0.883333 0.485938 0.880556 0.490625 0.880556 0.495313 0.872222 0.496875 0.872222 0.496875 0.869444 0.498437 0.866667 0.498437 0.863889 0.501562 0.858333 0.501562 0.855556 0.503125 0.852778 0.503125 0.85 0.504687 0.847222 0.504687 0.844444 0.50625 0.841667 0.50625 0.838889 0.510938 0.830556 0.510938 0.827778 0.514063 0.822222 0.514063 0.819444 0.515625 0.816667 0.515625 0.811111 0.517187 0.808333 0.517187 0.805556 0.51875 0.802778 0.51875 0.8 0.521875 0.794444 0.521875 0.791667 0.523438 0.788889 0.523438 0.786111 0.525 0.783333 0.525 0.777778 0.526563 0.775 0.526563 0.769444 0.528125 0.766667 0.532812 0.766667 0.532812 0.747222 0.528125 0.747222 0.526563 0.744444 0.526563 0.722222 0.525 0.719444 0.525 0.697222 0.523438 0.694444 0.523438 0.647222 0.521875 0.644444 0.521875 0.638889 0.5125 0.622222 0.510938 0.622222 0.504687 0.611111 0.504687 0.608333 0.501562 0.602778 0.501562 0.6 0.498437 0.594444 0.498437 0.591667 0.49375 0.583333 0.49375 0.580556 0.489062 0.572222 0.489062 0.569444 0.485938 0.563889 0.485938 0.561111 0.484375 0.558333 0.484375 0.555556 0.48125 0.55 0.479688 0.55 0.478125 0.547222 0.470313 0.547222 0.46875 0.544444 0.460938 0.544444 0.459375 0.541667 0.445312 0.541667 0.44375 0.538889 0.442187 0.538889 0.440625 0.536111 0.440625 0.527778 0.885107
0 0.278125 0.205556 0.278125 0.216667 0.273438 0.225 0.273438 0.230556 0.271875 0.233333 0.271875 0.236111 0.26875 0.241667 0.26875 0.244444 0.267188 0.247222 0.267188 0.252778 0.265625 0.255556 0.265625 0.261111 0.264062 0.263889 0.264062 0.272222 0.2625 0.275 0.2625 0.302778 0.260938 0.305556 0.260938 0.308333 0.257812 0.313889 0.257812 0.316667 0.25625 0.319444 0.25625 0.325 0.254687 0.327778 0.254687 0.330556 0.246875 0.344444 0.245312 0.344444 0.232812 0.366667 0.232812 0.369444 0.229687 0.375 0.229687 0.377778 0.228125 0.380556 0.228125 0.383333 0.226562 0.386111 0.226562 0.388889 0.225 0.391667 0.225 0.394444 0.223438 0.397222 0.223438 0.402778 0.220313 0.408333 0.215625 0.408333 0.215625 0.447222 0.351562 0.447222 0.351562 0.436111 0.346875 0.436111 0.34375 0.430556 0.34375 0.427778 0.342187 0.425 0.342187 0.422222 0.335938 0.411111 0.335938 0.408333 0.332812 0.402778 0.332812 0.4 0.33125 0.397222 0.33125 0.394444 0.329688 0.391667 0.329688 0.388889 0.328125 0.386111 0.328125 0.383333 0.326562 0.380556 0.326562 0.377778 0.323438 0.372222 0.323438 0.361111 0.325 0.358333 0.325 0.352778 0.326562 0.35 0.326562 0.344444 0.328125 0.341667 0.328125 0.338889 0.33125 0.333333 0.33125 0.330556 0.334375 0.325 0.335938 0.325 0.3375 0.322222 0.3375 0.319444 0.339063 0.316667 0.339063 0.313889 0.3375 0.311111 0.3375 0.302778 0.335938 0.3 0.335938 0.294444 0.334375 0.291667 0.334375 0.244444 0.332812 0.241667 0.332812 0.238889 0.33125 0.236111 0.33125 0.233333 0.323438 0.219444 0.321875 0.219444 0.31875 0.213889 0.31875 0.205556 0.861745
2 0.934375 0.25 0.934375 0.258333 0.932813 0.261111 0.928125 0.261111 0.926562 0.263889 0.921875 0.263889 0.920313 0.266667 0.914062 0.266667 0.9125 0.269444 0.904688 0.269444 0.903125 0.272222 0.889063 0.272222 0.8875 0.275 0.871875 0.275 0.870313 0.277778 0.85625 0.277778 0.854688 0.280556 0.848437 0.280556 0.846875 0.283333 0.842188 0.283333 0.840625 0.286111 0.832812 0.286111 0.83125 0.288889 0.803125 0.288889 0.801562 0.286111 0.79375 0.286111 0.792188 0.283333 0.7875 0.283333 0.782812 0.291667 0.78125 0.291667 0.779688 0.294444 0.771875 0.294444 0.76875 0.3 0.764063 0.3 0.7625 0.302778 0.748438 0.302778 0.746875 0.305556 0.732813 0.305556 0.73125 0.308333 0.717188 0.308333 0.715625 0.311111 0.703125 0.311111 0.701563 0.313889 0.692187 0.313889 0.690625 0.316667 0.685938 0.316667 0.684375 0.319444 0.679688 0.319444 0.678125 0.322222 0.671875 0.322222 0.670313 0.325 0.667188 0.325 0.665625 0.327778 0.664062 0.327778 0.664062 0.341667 0.665625 0.344444 0.665625 0.352778 0.667188 0.355556 0.667188 0.363889 0.665625 0.366667 0.665625 0.369444 0.664062 0.372222 0.664062 0.375 0.6625 0.377778 0.6625 0.380556 0.660937 0.383333 0.660937 0.386111 0.65625 0.394444 0.65625 0.397222 0.654688 0.4 0.654688 0.402778 0.653125 0.405556 0.653125 0.408333 0.65 0.413889 0.65 0.416667 0.645312 0.425 0.645312 0.427778 0.642187 0.433333 0.642187 0.436111 0.640625 0.438889 0.640625 0.441667 0.6375 0.447222 0.6375 0.45 0.626562 0.469444 0.626562 0.475 0.625 0.477778 0.625 0.486111 0.623438 0.488889 0.623438 0.497222 0.621875 0.5 0.621875 0.508333 0.620313 0.511111 0.620313 0.597222 0.61875 0.6 0.61875 0.608333 0.614062 0.616667 0.609375 0.616667 0.609375 0.694444 0.614062 0.694444 0.617188 0.7 0.617188 0.702778 0.628125 0.722222 0.629687 0.722222 0.632812 0.727778 0.634375 0.727778 0.6375 0.733333 0.639063 0.733333 0.64375 0.741667 0.645312 0.741667 0.648438 0.747222 0.65 0.747222 0.651563 0.75 0.653125 0.75 0.65625 0.755556 0.657812 0.755556 0.6625 0.763889 0.664062 0.763889 0.667188 0.769444 0.66875 0.769444 0.670313 0.772222 0.671875 0.772222 0.673437 0.775 0.675 0.775 0.676562 0.777778 0.678125 0.777778 0.68125 0.783333 0.682813 0.783333 0.685938 0.788889 0.6875 0.788889 0.689062 0.791667 0.690625 0.791667 0.69375 0.797222 0.695312 0.797222 0.696875 0.8 0.698438 0.8 0.701563 0.805556 0.703125 0.805556 0.704687 0.808333 0.70625 0.808333 0.709375 0.813889 0.710938 0.813889 0.7125 0.816667 0.714063 0.816667 0.715625 0.819444 0.71875 0.819444 0.720312 0.822222 0.721875 0.822222 0.725 0.827778 0.726562 0.827778 0.728125 0.830556 0.729688 0.830556 0.73125 0.833333 0.732813 0.833333 0.734375 0.836111 0.735937 0.836111 0.7375 0.838889 0.739062 0.838889 0.740625 0.841667 0.74375 0.841667 0.745313 0.844444 0.746875 0.844444 0.748438 0.847222 0.75 0.847222 0.751562 0.85 0.753125 0.85 0.754687 0.852778 0.75625 0.852778 0.757812 0.855556 0.759375 0.855556 0.760938 0.858333 0.764063 0.858333 0.765625 0.861111 0.767187 0.861111 0.76875 0.863889 0.770312 0.863889 0.771875 0.866667 0.773438 0.866667 0.776563 0.872222 0.778125 0.872222 0.779688 0.875 0.78125 0.875 0.782812 0.877778 0.785937 0.877778 0.7875 0.880556 0.790625 0.880556 0.792188 0.883333 0.796875 0.883333 0.798437 0.886111 0.80625 0.886111 0.807813 0.888889 0.842188 0.888889 0.84375 0.891667 0.853125 0.891667 0.854688 0.894444 0.8625 0.894444 0.864062 0.897222 0.86875 0.897222 0.870313 0.9 0.875 0.9 0.876562 0.902778 0.878125 0.902778 0.879687 0.905556 0.879687 0.908333 0.88125 0.911111 0.88125 0.916667 0.882812 0.919444 0.882812 0.927778 0.884375 0.930556 0.884375 0.936111 0.8875 0.941667 0.8875 0.944444 0.892187 0.952778 0.892187 0.955556 0.901563 0.972222 0.903125 0.972222 0.909375 0.983333 0.909375 0.986111 0.914062 0.994444 0.914062 1 0.998438 1 0.998438 0.25 0.697188
7 0.934375 0.25 0.934375 0.258333 0.932813 0.261111 0.928125 0.261111 0.926562 0.263889 0.921875 0.263889 0.920313 0.266667 0.914062 0.266667 0.9125 0.269444 0.904688 0.269444 0.903125 0.272222 0.889063 0.272222 0.8875 0.275 0.871875 0.275 0.870313 0.277778 0.85625 0.277778 0.854688 0.280556 0.848437 0.280556 0.846875 0.283333 0.842188 0.283333 0.840625 0.286111 0.832812 0.286111 0.83125 0.288889 0.803125 0.288889 0.801562 0.286111 0.79375 0.286111 0.792188 0.283333 0.7875 0.283333 0.782812 0.291667 0.78125 0.291667 0.779688 0.294444 0.771875 0.294444 0.76875 0.3 0.764063 0.3 0.7625 0.302778 0.748438 0.302778 0.746875 0.305556 0.732813 0.305556 0.73125 0.308333 0.717188 0.308333 0.715625 0.311111 0.703125 0.311111 0.701563 0.313889 0.692187 0.313889 0.690625 0.316667 0.685938 0.316667 0.684375 0.319444 0.679688 0.319444 0.678125 0.322222 0.671875 0.322222 0.670313 0.325 0.667188 0.325 0.665625 0.327778 0.664062 0.327778 0.664062 0.341667 0.665625 0.344444 0.665625 0.352778 0.667188 0.355556 0.667188 0.363889 0.665625 0.366667 0.665625 0.369444 0.664062 0.372222 0.664062 0.375 0.6625 0.377778 0.6625 0.380556 0.660937 0.383333 0.660937 0.386111 0.65625 0.394444 0.65625 0.397222 0.654688 0.4 0.654688 0.402778 0.653125 0.405556 0.653125 0.408333 0.65 0.413889 0.65 0.416667 0.645312 0.425 0.645312 0.427778 0.642187 0.433333 0.642187 0.436111 0.640625 0.438889 0.640625 0.441667 0.6375 0.447222 0.6375 0.45 0.626562 0.469444 0.626562 0.475 0.625 0.477778 0.625 0.486111 0.623438 0.488889 0.623438 0.497222 0.621875 0.5 0.621875 0.508333 0.620313 0.511111 0.620313 0.597222 0.61875 0.6 0.61875 0.608333 0.614062 0.616667 0.609375 0.616667 0.609375 0.694444 0.614062 0.694444 0.617188 0.7 0.617188 0.702778 0.628125 0.722222 0.629687 0.722222 0.632812 0.727778 0.634375 0.727778 0.6375 0.733333 0.639063 0.733333 0.64375 0.741667 0.645312 0.741667 0.648438 0.747222 0.65 0.747222 0.651563 0.75 0.653125 0.75 0.65625 0.755556 0.657812 0.755556 0.6625 0.763889 0.664062 0.763889 0.667188 0.769444 0.66875 0.769444 0.670313 0.772222 0.671875 0.772222 0.673437 0.775 0.675 0.775 0.676562 0.777778 0.678125 0.777778 0.68125 0.783333 0.682813 0.783333 0.685938 0.788889 0.6875 0.788889 0.689062 0.791667 0.690625 0.791667 0.69375 0.797222 0.695312 0.797222 0.696875 0.8 0.698438 0.8 0.701563 0.805556 0.703125 0.805556 0.704687 0.808333 0.70625 0.808333 0.709375 0.813889 0.710938 0.813889 0.7125 0.816667 0.714063 0.816667 0.715625 0.819444 0.71875 0.819444 0.720312 0.822222 0.721875 0.822222 0.725 0.827778 0.726562 0.827778 0.728125 0.830556 0.729688 0.830556 0.73125 0.833333 0.732813 0.833333 0.734375 0.836111 0.735937 0.836111 0.7375 0.838889 0.739062 0.838889 0.740625 0.841667 0.74375 0.841667 0.745313 0.844444 0.746875 0.844444 0.748438 0.847222 0.75 0.847222 0.751562 0.85 0.753125 0.85 0.754687 0.852778 0.75625 0.852778 0.757812 0.855556 0.759375 0.855556 0.760938 0.858333 0.764063 0.858333 0.765625 0.861111 0.767187 0.861111 0.76875 0.863889 0.770312 0.863889 0.771875 0.866667 0.773438 0.866667 0.776563 0.872222 0.778125 0.872222 0.779688 0.875 0.78125 0.875 0.782812 0.877778 0.785937 0.877778 0.7875 0.880556 0.790625 0.880556 0.792188 0.883333 0.796875 0.883333 0.798437 0.886111 0.80625 0.886111 0.807813 0.888889 0.842188 0.888889 0.84375 0.891667 0.853125 0.891667 0.854688 0.894444 0.8625 0.894444 0.864062 0.897222 0.86875 0.897222 0.870313 0.9 0.875 0.9 0.876562 0.902778 0.878125 0.902778 0.879687 0.905556 0.879687 0.908333 0.88125 0.911111 0.88125 0.916667 0.882812 0.919444 0.882812 0.927778 0.884375 0.930556 0.884375 0.936111 0.8875 0.941667 0.8875 0.944444 0.892187 0.952778 0.892187 0.955556 0.901563 0.972222 0.903125 0.972222 0.909375 0.983333 0.909375 0.986111 0.914062 0.994444 0.914062 1 0.998438 1 0.998438 0.25 0.323144
