67 0.503125 0.0722222 0.503125 0.436111 0.509375 0.436111 0.517187 0.45 0.517187 0.458333 0.814062 0.458333 0.814062 0.447222 0.81875 0.438889 0.820312 0.438889 0.826563 0.427778 0.826563 0.422222 0.828125 0.419444 0.828125 0.394444 0.829687 0.391667 0.829687 0.383333 0.828125 0.380556 0.828125 0.330556 0.829687 0.327778 0.829687 0.283333 0.83125 0.280556 0.83125 0.194444 0.832812 0.191667 0.83125 0.188889 0.83125 0.180556 0.832812 0.177778 0.832812 0.125 0.834375 0.122222 0.839063 0.122222 0.839063 0.0722222 0.873086
67 0.173438 0.0611111 0.173438 0.0694444 0.170312 0.075 0.167187 0.075 0.165625 0.0777778 0.1625 0.0777778 0.160938 0.0805556 0.157813 0.0805556 0.15625 0.0833333 0.154687 0.0833333 0.153125 0.0861111 0.151562 0.0861111 0.146875 0.0944444 0.145313 0.0944444 0.142188 0.1 0.140625 0.1 0.1375 0.105556 0.135937 0.105556 0.132812 0.111111 0.13125 0.111111 0.129688 0.113889 0.128125 0.113889 0.126563 0.116667 0.125 0.116667 0.11875 0.127778 0.117188 0.127778 0.107813 0.144444 0.10625 0.144444 0.09375 0.166667 0.0921875 0.166667 0.0921875 0.169444 0.0890625 0.175 0.0875 0.175 0.084375 0.180556 0.0828125 0.180556 0.08125 0.183333 0.0796875 0.183333 0.0765625 0.188889 0.0765625 0.191667 0.071875 0.2 0.0703125 0.2 0.0671875 0.205556 0.065625 0.205556 0.065625 0.208333 0.0625 0.213889 0.0625 0.216667 0.0578125 0.225 0.0578125 0.227778 0.053125 0.236111 0.053125 0.238889 0.0484375 0.247222 0.0484375 0.25 0.046875 0.252778 0.046875 0.255556 0.0421875 0.263889 0.0421875 0.266667 0.040625 0.269444 0.040625 0.272222 0.0390625 0.275 0.0390625 0.277778 0.0375 0.280556 0.0375 0.294444 0.0359375 0.297222 0.0359375 0.305556 0.034375 0.308333 0.034375 0.311111 0.0328125 0.313889 0.0328125 0.316667 0.03125 0.319444 0.03125 0.325 0.0296875 0.327778 0.0296875 0.333333 0.028125 0.336111 0.028125 0.338889 0.0265625 0.341667 0.021875 0.341667 0.021875 0.555556 0.0265625 0.555556 0.028125 0.558333 0.028125 0.561111 0.0296875 0.563889 0.0296875 0.572222 0.03125 0.575 0.03125 0.577778 0.0328125 0.580556 0.0328125 0.586111 0.034375 0.588889 0.034375 0.594444 0.0359375 0.597222 0.0359375 0.605556 0.0375 0.608333 0.0375 0.611111 0.0390625 0.613889 0.0390625 0.619444 0.040625 0.622222 0.040625 0.625 0.0421875 0.627778 0.0421875 0.630556 0.04375 0.633333 0.04375 0.636111 0.0453125 0.638889 0.0453125 0.641667 0.046875 0.644444 0.046875 0.647222 0.0484375 0.65 0.0484375 0.652778 0.05 0.655556 0.05 0.658333 0.053125 0.663889 0.053125 0.666667 0.05625 0.672222 0.05625 0.675 0.0578125 0.677778 0.0578125 0.680556 0.059375 0.683333 0.059375 0.686111 0.0609375 0.688889 0.0609375 0.691667 0.065625 0.7 0.065625 0.702778 0.06875 0.708333 0.06875 0.711111 0.0796875 0.730556 0.08125 0.730556 0.0875 0.741667 0.0890625 0.741667 0.0953125 0.752778 0.096875 0.752778 0.0984375 0.755556 0.1 0.755556 0.101562 0.758333 0.103125 0.758333 0.107813 0.766667 0.110937 0.766667 0.1125 0.769444 0.114063 0.769444 0.117188 0.775 0.11875 0.775 0.120312 0.777778 0.121875 0.777778 0.123438 0.780556 0.125 0.780556 0.128125 0.786111 0.129688 0.786111 0.13125 0.788889 0.132812 0.788889 0.134375 0.791667 0.135937 0.791667 0.1375 0.794444 0.139062 0.794444 0.140625 0.797222 0.142188 0.797222 0.14375 0.8 0.146875 0.8 0.148438 0.802778 0.151562 0.802778 0.153125 0.805556 0.154687 0.805556 0.15625 0.808333 0.159375 0.808333 0.160938 0.811111 0.165625 0.811111 0.167187 0.813889 0.16875 0.813889 0.170312 0.816667 0.171875 0.816667 0.173438 0.819444 0.178125 0.819444 0.179688 0.822222 0.18125 0.822222 0.182812 0.825 0.1875 0.825 0.189063 0.827778 0.189063 0.836111 0.264062 0.836111 0.264062 0.827778 0.265625 0.825 0.267188 0.825 0.26875 0.822222 0.271875 0.822222 0.273438 0.819444 0.276563 0.819444 0.278125 0.816667 0.279687 0.816667 0.28125 0.813889 0.282813 0.813889 0.284375 0.811111 0.289062 0.811111 0.290625 0.808333 0.29375 0.808333 0.295312 0.805556 0.296875 0.805556 0.298438 0.802778 0.301562 0.802778 0.303125 0.8 0.30625 0.8 0.307813 0.797222 0.310937 0.797222 0.3125 0.794444 0.314063 0.794444 0.315625 0.791667 0.317187 0.791667 0.320312 0.786111 0.321875 0.786111 0.323438 0.783333 0.325 0.783333 0.328125 0.777778 0.329688 0.777778 0.332812 0.772222 0.334375 0.772222 0.335938 0.769444 0.3375 0.769444 0.339063 0.766667 0.340625 0.766667 0.34375 0.761111 0.345313 0.761111 0.346875 0.758333 0.348437 0.758333 0.35 0.755556 0.351562 0.755556 0.353125 0.752778 0.354688 0.752778 0.357812 0.747222 0.359375 0.747222 0.379687 0.711111 0.379687 0.708333 0.392188 0.686111 0.392188 0.683333 0.401563 0.666667 0.401563 0.663889 0.404687 0.658333 0.404687 0.655556 0.409375 0.647222 0.409375 0.644444 0.4125 0.638889 0.4125 0.636111 0.415625 0.630556 0.415625 0.627778 0.417188 0.625 0.417188 0.622222 0.420312 0.616667 0.420312 0.613889 0.421875 0.611111 0.421875 0.608333 0.423438 0.605556 0.423438 0.602778 0.425 0.6 0.425 0.597222 0.426562 0.594444 0.426562 0.591667 0.428125 0.588889 0.428125 0.586111 0.429688 0.583333 0.429688 0.577778 0.43125 0.575 0.43125 0.569444 0.432813 0.566667 0.432813 0.563889 0.434375 0.561111 0.434375 0.558333 0.435937 0.555556 0.435937 0.552778 0.4375 0.55 0.4375 0.544444 0.439063 0.541667 0.439063 0.533333 0.440625 0.530556 0.440625 0.519444 0.442187 0.516667 0.442187 0.511111 0.44375 0.508333 0.44375 0.502778 0.445312 0.5 0.445312 0.494444 0.446875 0.491667 0.446875 0.472222 0.448438 0.469444 0.448438 0.452778 0.45 0.45 0.45 0.433333 0.451562 0.430556 0.451562 0.427778 0.453125 0.425 0.457812 0.425 0.457812 0.366667 0.453125 0.366667 0.451562 0.363889 0.451562 0.361111 0.45 0.358333 0.45 0.355556 0.448438 0.352778 0.448438 0.35 0.446875 0.347222 0.446875 0.341667 0.445312 0.338889 0.445312 0.327778 0.44375 0.325 0.44375 0.316667 0.442187 0.313889 0.442187 0.311111 0.440625 0.308333 0.440625 0.305556 0.439063 0.302778 0.439063 0.297222 0.4375 0.294444 0.4375 0.288889 0.435937 0.286111 0.435937 0.283333 0.434375 0.280556 0.434375 0.275 0.432813 0.272222 0.432813 0.269444 0.43125 0.266667 0.43125 0.263889 0.428125 0.258333 0.428125 0.255556 0.426562 0.252778 0.426562 0.25 0.423438 0.244444 0.423438 0.238889 0.421875 0.236111 0.421875 0.233333 0.41875 0.227778 0.41875 0.225 0.415625 0.219444 0.415625 0.216667 0.410937 0.208333 0.410937 0.205556 0.407813 0.2 0.407813 0.197222 0.40625 0.194444 0.40625 0.191667 0.403125 0.186111 0.403125 0.183333 0.398438 0.175 0.398438 0.172222 0.384375 0.147222 0.382812 0.147222 0.379687 0.141667 0.378125 0.141667 0.376563 0.138889 0.375 0.138889 0.360938 0.113889 0.359375 0.113889 0.353125 0.102778 0.35 0.102778 0.348437 0.1 0.346875 0.1 0.345313 0.0972222 0.34375 0.0972222 0.342187 0.0944444 0.340625 0.0944444 0.339063 0.0916667 0.3375 0.0916667 0.334375 0.0861111 0.332812 0.0861111 0.33125 0.0833333 0.329688 0.0833333 0.328125 0.0805556 0.325 0.0805556 0.323438 0.0777778 0.320312 0.0777778 0.31875 0.075 0.315625 0.075 0.3125 0.0694444 0.3125 0.0611111 0.666349
67 0.503125 0.0722222 0.503125 0.436111 0.509375 0.436111 0.517187 0.45 0.517187 0.458333 0.814062 0.458333 0.814062 0.447222 0.81875 0.438889 0.820312 0.438889 0.826563 0.427778 0.826563 0.422222 0.828125 0.419444 0.828125 0.394444 0.829687 0.391667 0.829687 0.383333 0.828125 0.380556 0.828125 0.330556 0.829687 0.327778 0.829687 0.283333 0.83125 0.280556 0.83125 0.194444 0.832812 0.191667 0.83125 0.188889 0.83125 0.180556 0.832812 0.177778 0.832812 0.125 0.834375 0.122222 0.839063 0.122222 0.839063 0.0722222 0.873086
67 0.173438 0.0611111 0.173438 0.0694444 0.170312 0.075 0.167187 0.075 0.165625 0.0777778 0.1625 0.0777778 0.160938 0.0805556 0.157813 0.0805556 0.15625 0.0833333 0.154687 0.0833333 0.153125 0.0861111 0.151562 0.0861111 0.146875 0.0944444 0.145313 0.0944444 0.142188 0.1 0.140625 0.1 0.1375 0.105556 0.135937 0.105556 0.132812 0.111111 0.13125 0.111111 0.129688 0.113889 0.128125 0.113889 0.126563 0.116667 0.125 0.116667 0.11875 0.127778 0.117188 0.127778 0.107813 0.144444 0.10625 0.144444 0.09375 0.166667 0.0921875 0.166667 0.0921875 0.169444 0.0890625 0.175 0.0875 0.175 0.084375 0.180556 0.0828125 0.180556 0.08125 0.183333 0.0796875 0.183333 0.0765625 0.188889 0.0765625 0.191667 0.071875 0.2 0.0703125 0.2 0.0671875 0.205556 0.065625 0.205556 0.065625 0.208333 0.0625 0.213889 0.0625 0.216667 0.0578125 0.225 0.0578125 0.227778 0.053125 0.236111 0.053125 0.238889 0.0484375 0.247222 0.0484375 0.25 0.046875 0.252778 0.046875 0.255556 0.0421875 0.263889 0.0421875 0.266667 0.040625 0.269444 0.040625 0.272222 0.0390625 0.275 0.0390625 0.277778 0.0375 0.280556 0.0375 0.294444 0.0359375 0.297222 0.0359375 0.305556 0.034375 0.308333 0.034375 0.311111 0.0328125 0.313889 0.0328125 0.316667 0.03125 0.319444 0.03125 0.325 0.0296875 0.327778 0.0296875 0.333333 0.028125 0.336111 0.028125 0.338889 0.0265625 0.341667 0.021875 0.341667 0.021875 0.555556 0.0265625 0.555556 0.028125 0.558333 0.028125 0.561111 0.0296875 0.563889 0.0296875 0.572222 0.03125 0.575 0.03125 0.577778 0.0328125 0.580556 0.0328125 0.586111 0.034375 0.588889 0.034375 0.594444 0.0359375 0.597222 0.0359375 0.605556 0.0375 0.608333 0.0375 0.611111 0.0390625 0.613889 0.0390625 0.619444 0.040625 0.622222 0.040625 0.625 0.0421875 0.627778 0.0421875 0.630556 0.04375 0.633333 0.04375 0.636111 0.0453125 0.638889 0.0453125 0.641667 0.046875 0.644444 0.046875 0.647222 0.0484375 0.65 0.0484375 0.652778 0.05 0.655556 0.05 0.658333 0.053125 0.663889 0.053125 0.666667 0.05625 0.672222 0.05625 0.675 0.0578125 0.677778 0.0578125 0.680556 0.059375 0.683333 0.059375 0.686111 0.0609375 0.688889 0.0609375 0.691667 0.065625 0.7 0.065625 0.702778 0.06875 0.708333 0.06875 0.711111 0.0796875 0.730556 0.08125 0.730556 0.0875 0.741667 0.0890625 0.741667 0.0953125 0.752778 0.096875 0.752778 0.0984375 0.755556 0.1 0.755556 0.101562 0.758333 0.103125 0.758333 0.107813 0.766667 0.110937 0.766667 0.1125 0.769444 0.114063 0.769444 0.117188 0.775 0.11875 0.775 0.120312 0.777778 0.121875 0.777778 0.123438 0.780556 0.125 0.780556 0.128125 0.786111 0.129688 0.786111 0.13125 0.788889 0.132812 0.788889 0.134375 0.791667 0.135937 0.791667 0.1375 0.794444 0.139062 0.794444 0.140625 0.797222 0.142188 0.797222 0.14375 0.8 0.146875 0.8 0.148438 0.802778 0.151562 0.802778 0.153125 0.805556 0.154687 0.805556 0.15625 0.808333 0.159375 0.808333 0.160938 0.811111 0.165625 0.811111 0.167187 0.813889 0.16875 0.813889 0.170312 0.816667 0.171875 0.816667 0.173438 0.819444 0.178125 0.819444 0.179688 0.822222 0.18125 0.822222 0.182812 0.825 0.1875 0.825 0.189063 0.827778 0.189063 0.836111 0.264062 0.836111 0.264062 0.827778 0.265625 0.825 0.267188 0.825 0.26875 0.822222 0.271875 0.822222 0.273438 0.819444 0.276563 0.819444 0.278125 0.816667 0.279687 0.816667 0.28125 0.813889 0.282813 0.813889 0.284375 0.811111 0.289062 0.811111 0.290625 0.808333 0.29375 0.808333 0.295312 0.805556 0.296875 0.805556 0.298438 0.802778 0.301562 0.802778 0.303125 0.8 0.30625 0.8 0.307813 0.797222 0.310937 0.797222 0.3125 0.794444 0.314063 0.794444 0.315625 0.791667 0.317187 0.791667 0.320312 0.786111 0.321875 0.786111 0.323438 0.783333 0.325 0.783333 0.328125 0.777778 0.329688 0.777778 0.332812 0.772222 0.334375 0.772222 0.335938 0.769444 0.3375 0.769444 0.339063 0.766667 0.340625 0.766667 0.34375 0.761111 0.345313 0.761111 0.346875 0.758333 0.348437 0.758333 0.35 0.755556 0.351562 0.755556 0.353125 0.752778 0.354688 0.752778 0.357812 0.747222 0.359375 0.747222 0.379687 0.711111 0.379687 0.708333 0.392188 0.686111 0.392188 0.683333 0.401563 0.666667 0.401563 0.663889 0.404687 0.658333 0.404687 0.655556 0.409375 0.647222 0.409375 0.644444 0.4125 0.638889 0.4125 0.636111 0.415625 0.630556 0.415625 0.627778 0.417188 0.625 0.417188 0.622222 0.420312 0.616667 0.420312 0.613889 0.421875 0.611111 0.421875 0.608333 0.423438 0.605556 0.423438 0.602778 0.425 0.6 0.425 0.597222 0.426562 0.594444 0.426562 0.591667 0.428125 0.588889 0.428125 0.586111 0.429688 0.583333 0.429688 0.577778 0.43125 0.575 0.43125 0.569444 0.432813 0.566667 0.432813 0.563889 0.434375 0.561111 0.434375 0.558333 0.435937 0.555556 0.435937 0.552778 0.4375 0.55 0.4375 0.544444 0.439063 0.541667 0.439063 0.533333 0.440625 0.530556 0.440625 0.519444 0.442187 0.516667 0.442187 0.511111 0.44375 0.508333 0.44375 0.502778 0.445312 0.5 0.445312 0.494444 0.446875 0.491667 0.446875 0.472222 0.448438 0.469444 0.448438 0.452778 0.45 0.45 0.45 0.433333 0.451562 0.430556 0.451562 0.427778 0.453125 0.425 0.457812 0.425 0.457812 0.366667 0.453125 0.366667 0.451562 0.363889 0.451562 0.361111 0.45 0.358333 0.45 0.355556 0.448438 0.352778 0.448438 0.35 0.446875 0.347222 0.446875 0.341667 0.445312 0.338889 0.445312 0.327778 0.44375 0.325 0.44375 0.316667 0.442187 0.313889 0.442187 0.311111 0.440625 0.308333 0.440625 0.305556 0.439063 0.302778 0.439063 0.297222 0.4375 0.294444 0.4375 0.288889 0.435937 0.286111 0.435937 0.283333 0.434375 0.280556 0.434375 0.275 0.432813 0.272222 0.432813 0.269444 0.43125 0.266667 0.43125 0.263889 0.428125 0.258333 0.428125 0.255556 0.426562 0.252778 0.426562 0.25 0.423438 0.244444 0.423438 0.238889 0.421875 0.236111 0.421875 0.233333 0.41875 0.227778 0.41875 0.225 0.415625 0.219444 0.415625 0.216667 0.410937 0.208333 0.410937 0.205556 0.407813 0.2 0.407813 0.197222 0.40625 0.194444 0.40625 0.191667 0.403125 0.186111 0.403125 0.183333 0.398438 0.175 0.398438 0.172222 0.384375 0.147222 0.382812 0.147222 0.379687 0.141667 0.378125 0.141667 0.376563 0.138889 0.375 0.138889 0.360938 0.113889 0.359375 0.113889 0.353125 0.102778 0.35 0.102778 0.348437 0.1 0.346875 0.1 0.345313 0.0972222 0.34375 0.0972222 0.342187 0.0944444 0.340625 0.0944444 0.339063 0.0916667 0.3375 0.0916667 0.334375 0.0861111 0.332812 0.0861111 0.33125 0.0833333 0.329688 0.0833333 0.328125 0.0805556 0.325 0.0805556 0.323438 0.0777778 0.320312 0.0777778 0.31875 0.075 0.315625 0.075 0.3125 0.0694444 0.3125 0.0611111 0.666349
67 0.503125 0.0722222 0.503125 0.436111 0.509375 0.436111 0.517187 0.45 0.517187 0.458333 0.814062 0.458333 0.814062 0.447222 0.81875 0.438889 0.820312 0.438889 0.826563 0.427778 0.826563 0.422222 0.828125 0.419444 0.828125 0.394444 0.829687 0.391667 0.829687 0.383333 0.828125 0.380556 0.828125 0.330556 0.829687 0.327778 0.829687 0.283333 0.83125 0.280556 0.83125 0.194444 0.832812 0.191667 0.83125 0.188889 0.83125 0.180556 0.832812 0.177778 0.832812 0.125 0.834375 0.122222 0.839063 0.122222 0.839063 0.0722222 0.873086
67 0.173438 0.0611111 0.173438 0.0694444 0.170312 0.075 0.167187 0.075 0.165625 0.0777778 0.1625 0.0777778 0.160938 0.0805556 0.157813 0.0805556 0.15625 0.0833333 0.154687 0.0833333 0.153125 0.0861111 0.151562 0.0861111 0.146875 0.0944444 0.145313 0.0944444 0.142188 0.1 0.140625 0.1 0.1375 0.105556 0.135937 0.105556 0.132812 0.111111 0.13125 0.111111 0.129688 0.113889 0.128125 0.113889 0.126563 0.116667 0.125 0.116667 0.11875 0.127778 0.117188 0.127778 0.107813 0.144444 0.10625 0.144444 0.09375 0.166667 0.0921875 0.166667 0.0921875 0.169444 0.0890625 0.175 0.0875 0.175 0.084375 0.180556 0.0828125 0.180556 0.08125 0.183333 0.0796875 0.183333 0.0765625 0.188889 0.0765625 0.191667 0.071875 0.2 0.0703125 0.2 0.0671875 0.205556 0.065625 0.205556 0.065625 0.208333 0.0625 0.213889 0.0625 0.216667 0.0578125 0.225 0.0578125 0.227778 0.053125 0.236111 0.053125 0.238889 0.0484375 0.247222 0.0484375 0.25 0.046875 0.252778 0.046875 0.255556 0.0421875 0.263889 0.0421875 0.266667 0.040625 0.269444 0.040625 0.272222 0.0390625 0.275 0.0390625 0.277778 0.0375 0.280556 0.0375 0.294444 0.0359375 0.297222 0.0359375 0.305556 0.034375 0.308333 0.034375 0.311111 0.0328125 0.313889 0.0328125 0.316667 0.03125 0.319444 0.03125 0.325 0.0296875 0.327778 0.0296875 0.333333 0.028125 0.336111 0.028125 0.338889 0.0265625 0.341667 0.021875 0.341667 0.021875 0.555556 0.0265625 0.555556 0.028125 0.558333 0.028125 0.561111 0.0296875 0.563889 0.0296875 0.572222 0.03125 0.575 0.03125 0.577778 0.0328125 0.580556 0.0328125 0.586111 0.034375 0.588889 0.034375 0.594444 0.0359375 0.597222 0.0359375 0.605556 0.0375 0.608333 0.0375 0.611111 0.0390625 0.613889 0.0390625 0.619444 0.040625 0.622222 0.040625 0.625 0.0421875 0.627778 0.0421875 0.630556 0.04375 0.633333 0.04375 0.636111 0.0453125 0.638889 0.0453125 0.641667 0.046875 0.644444 0.046875 0.647222 0.0484375 0.65 0.0484375 0.652778 0.05 0.655556 0.05 0.658333 0.053125 0.663889 0.053125 0.666667 0.05625 0.672222 0.05625 0.675 0.0578125 0.677778 0.0578125 0.680556 0.059375 0.683333 0.059375 0.686111 0.0609375 0.688889 0.0609375 0.691667 0.065625 0.7 0.065625 0.702778 0.06875 0.708333 0.06875 0.711111 0.0796875 0.730556 0.08125 0.730556 0.0875 0.741667 0.0890625 0.741667 0.0953125 0.752778 0.096875 0.752778 0.0984375 0.755556 0.1 0.755556 0.101562 0.758333 0.103125 0.758333 0.107813 0.766667 0.110937 0.766667 0.1125 0.769444 0.114063 0.769444 0.117188 0.775 0.11875 0.775 0.120312 0.777778 0.121875 0.777778 0.123438 0.780556 0.125 0.780556 0.128125 0.786111 0.129688 0.786111 0.13125 0.788889 0.132812 0.788889 0.134375 0.791667 0.135937 0.791667 0.1375 0.794444 0.139062 0.794444 0.140625 0.797222 0.142188 0.797222 0.14375 0.8 0.146875 0.8 0.148438 0.802778 0.151562 0.802778 0.153125 0.805556 0.154687 0.805556 0.15625 0.808333 0.159375 0.808333 0.160938 0.811111 0.165625 0.811111 0.167187 0.813889 0.16875 0.813889 0.170312 0.816667 0.171875 0.816667 0.173438 0.819444 0.178125 0.819444 0.179688 0.822222 0.18125 0.822222 0.182812 0.825 0.1875 0.825 0.189063 0.827778 0.189063 0.836111 0.264062 0.836111 0.264062 0.827778 0.265625 0.825 0.267188 0.825 0.26875 0.822222 0.271875 0.822222 0.273438 0.819444 0.276563 0.819444 0.278125 0.816667 0.279687 0.816667 0.28125 0.813889 0.282813 0.813889 0.284375 0.811111 0.289062 0.811111 0.290625 0.808333 0.29375 0.808333 0.295312 0.805556 0.296875 0.805556 0.298438 0.802778 0.301562 0.802778 0.303125 0.8 0.30625 0.8 0.307813 0.797222 0.310937 0.797222 0.3125 0.794444 0.314063 0.794444 0.315625 0.791667 0.317187 0.791667 0.320312 0.786111 0.321875 0.786111 0.323438 0.783333 0.325 0.783333 0.328125 0.777778 0.329688 0.777778 0.332812 0.772222 0.334375 0.772222 0.335938 0.769444 0.3375 0.769444 0.339063 0.766667 0.340625 0.766667 0.34375 0.761111 0.345313 0.761111 0.346875 0.758333 0.348437 0.758333 0.35 0.755556 0.351562 0.755556 0.353125 0.752778 0.354688 0.752778 0.357812 0.747222 0.359375 0.747222 0.379687 0.711111 0.379687 0.708333 0.392188 0.686111 0.392188 0.683333 0.401563 0.666667 0.401563 0.663889 0.404687 0.658333 0.404687 0.655556 0.409375 0.647222 0.409375 0.644444 0.4125 0.638889 0.4125 0.636111 0.415625 0.630556 0.415625 0.627778 0.417188 0.625 0.417188 0.622222 0.420312 0.616667 0.420312 0.613889 0.421875 0.611111 0.421875 0.608333 0.423438 0.605556 0.423438 0.602778 0.425 0.6 0.425 0.597222 0.426562 0.594444 0.426562 0.591667 0.428125 0.588889 0.428125 0.586111 0.429688 0.583333 0.429688 0.577778 0.43125 0.575 0.43125 0.569444 0.432813 0.566667 0.432813 0.563889 0.434375 0.561111 0.434375 0.558333 0.435937 0.555556 0.435937 0.552778 0.4375 0.55 0.4375 0.544444 0.439063 0.541667 0.439063 0.533333 0.440625 0.530556 0.440625 0.519444 0.442187 0.516667 0.442187 0.511111 0.44375 0.508333 0.44375 0.502778 0.445312 0.5 0.445312 0.494444 0.446875 0.491667 0.446875 0.472222 0.448438 0.469444 0.448438 0.452778 0.45 0.45 0.45 0.433333 0.451562 0.430556 0.451562 0.427778 0.453125 0.425 0.457812 0.425 0.457812 0.366667 0.453125 0.366667 0.451562 0.363889 0.451562 0.361111 0.45 0.358333 0.45 0.355556 0.448438 0.352778 0.448438 0.35 0.446875 0.347222 0.446875 0.341667 0.445312 0.338889 0.445312 0.327778 0.44375 0.325 0.44375 0.316667 0.442187 0.313889 0.442187 0.311111 0.440625 0.308333 0.440625 0.305556 0.439063 0.302778 0.439063 0.297222 0.4375 0.294444 0.4375 0.288889 0.435937 0.286111 0.435937 0.283333 0.434375 0.280556 0.434375 0.275 0.432813 0.272222 0.432813 0.269444 0.43125 0.266667 0.43125 0.263889 0.428125 0.258333 0.428125 0.255556 0.426562 0.252778 0.426562 0.25 0.423438 0.244444 0.423438 0.238889 0.421875 0.236111 0.421875 0.233333 0.41875 0.227778 0.41875 0.225 0.415625 0.219444 0.415625 0.216667 0.410937 0.208333 0.410937 0.205556 0.407813 0.2 0.407813 0.197222 0.40625 0.194444 0.40625 0.191667 0.403125 0.186111 0.403125 0.183333 0.398438 0.175 0.398438 0.172222 0.384375 0.147222 0.382812 0.147222 0.379687 0.141667 0.378125 0.141667 0.376563 0.138889 0.375 0.138889 0.360938 0.113889 0.359375 0.113889 0.353125 0.102778 0.35 0.102778 0.348437 0.1 0.346875 0.1 0.345313 0.0972222 0.34375 0.0972222 0.342187 0.0944444 0.340625 0.0944444 0.339063 0.0916667 0.3375 0.0916667 0.334375 0.0861111 0.332812 0.0861111 0.33125 0.0833333 0.329688 0.0833333 0.328125 0.0805556 0.325 0.0805556 0.323438 0.0777778 0.320312 0.0777778 0.31875 0.075 0.315625 0.075 0.3125 0.0694444 0.3125 0.0611111 0.666349
67 0.503125 0.0722222 0.503125 0.436111 0.509375 0.436111 0.517187 0.45 0.517187 0.458333 0.814062 0.458333 0.814062 0.447222 0.81875 0.438889 0.820312 0.438889 0.826563 0.427778 0.826563 0.422222 0.828125 0.419444 0.828125 0.394444 0.829687 0.391667 0.829687 0.383333 0.828125 0.380556 0.828125 0.330556 0.829687 0.327778 0.829687 0.283333 0.83125 0.280556 0.83125 0.194444 0.832812 0.191667 0.83125 0.188889 0.83125 0.180556 0.832812 0.177778 0.832812 0.125 0.834375 0.122222 0.839063 0.122222 0.839063 0.0722222 0.873086
67 0.173438 0.0611111 0.173438 0.0694444 0.170312 0.075 0.167187 0.075 0.165625 0.0777778 0.1625 0.0777778 0.160938 0.0805556 0.157813 0.0805556 0.15625 0.0833333 0.154687 0.0833333 0.153125 0.0861111 0.151562 0.0861111 0.146875 0.0944444 0.145313 0.0944444 0.142188 0.1 0.140625 0.1 0.1375 0.105556 0.135937 0.105556 0.132812 0.111111 0.13125 0.111111 0.129688 0.113889 0.128125 0.113889 0.126563 0.116667 0.125 0.116667 0.11875 0.127778 0.117188 0.127778 0.107813 0.144444 0.10625 0.144444 0.09375 0.166667 0.0921875 0.166667 0.0921875 0.169444 0.0890625 0.175 0.0875 0.175 0.084375 0.180556 0.0828125 0.180556 0.08125 0.183333 0.0796875 0.183333 0.0765625 0.188889 0.0765625 0.191667 0.071875 0.2 0.0703125 0.2 0.0671875 0.205556 0.065625 0.205556 0.065625 0.208333 0.0625 0.213889 0.0625 0.216667 0.0578125 0.225 0.0578125 0.227778 0.053125 0.236111 0.053125 0.238889 0.0484375 0.247222 0.0484375 0.25 0.046875 0.252778 0.046875 0.255556 0.0421875 0.263889 0.0421875 0.266667 0.040625 0.269444 0.040625 0.272222 0.0390625 0.275 0.0390625 0.277778 0.0375 0.280556 0.0375 0.294444 0.0359375 0.297222 0.0359375 0.305556 0.034375 0.308333 0.034375 0.311111 0.0328125 0.313889 0.0328125 0.316667 0.03125 0.319444 0.03125 0.325 0.0296875 0.327778 0.0296875 0.333333 0.028125 0.336111 0.028125 0.338889 0.0265625 0.341667 0.021875 0.341667 0.021875 0.555556 0.0265625 0.555556 0.028125 0.558333 0.028125 0.561111 0.0296875 0.563889 0.0296875 0.572222 0.03125 0.575 0.03125 0.577778 0.0328125 0.580556 0.0328125 0.586111 0.034375 0.588889 0.034375 0.594444 0.0359375 0.597222 0.0359375 0.605556 0.0375 0.608333 0.0375 0.611111 0.0390625 0.613889 0.0390625 0.619444 0.040625 0.622222 0.040625 0.625 0.0421875 0.627778 0.0421875 0.630556 0.04375 0.633333 0.04375 0.636111 0.0453125 0.638889 0.0453125 0.641667 0.046875 0.644444 0.046875 0.647222 0.0484375 0.65 0.0484375 0.652778 0.05 0.655556 0.05 0.658333 0.053125 0.663889 0.053125 0.666667 0.05625 0.672222 0.05625 0.675 0.0578125 0.677778 0.0578125 0.680556 0.059375 0.683333 0.059375 0.686111 0.0609375 0.688889 0.0609375 0.691667 0.065625 0.7 0.065625 0.702778 0.06875 0.708333 0.06875 0.711111 0.0796875 0.730556 0.08125 0.730556 0.0875 0.741667 0.0890625 0.741667 0.0953125 0.752778 0.096875 0.752778 0.0984375 0.755556 0.1 0.755556 0.101562 0.758333 0.103125 0.758333 0.107813 0.766667 0.110937 0.766667 0.1125 0.769444 0.114063 0.769444 0.117188 0.775 0.11875 0.775 0.120312 0.777778 0.121875 0.777778 0.123438 0.780556 0.125 0.780556 0.128125 0.786111 0.129688 0.786111 0.13125 0.788889 0.132812 0.788889 0.134375 0.791667 0.135937 0.791667 0.1375 0.794444 0.139062 0.794444 0.140625 0.797222 0.142188 0.797222 0.14375 0.8 0.146875 0.8 0.148438 0.802778 0.151562 0.802778 0.153125 0.805556 0.154687 0.805556 0.15625 0.808333 0.159375 0.808333 0.160938 0.811111 0.165625 0.811111 0.167187 0.813889 0.16875 0.813889 0.170312 0.816667 0.171875 0.816667 0.173438 0.819444 0.178125 0.819444 0.179688 0.822222 0.18125 0.822222 0.182812 0.825 0.1875 0.825 0.189063 0.827778 0.189063 0.836111 0.264062 0.836111 0.264062 0.827778 0.265625 0.825 0.267188 0.825 0.26875 0.822222 0.271875 0.822222 0.273438 0.819444 0.276563 0.819444 0.278125 0.816667 0.279687 0.816667 0.28125 0.813889 0.282813 0.813889 0.284375 0.811111 0.289062 0.811111 0.290625 0.808333 0.29375 0.808333 0.295312 0.805556 0.296875 0.805556 0.298438 0.802778 0.301562 0.802778 0.303125 0.8 0.30625 0.8 0.307813 0.797222 0.310937 0.797222 0.3125 0.794444 0.314063 0.794444 0.315625 0.791667 0.317187 0.791667 0.320312 0.786111 0.321875 0.786111 0.323438 0.783333 0.325 0.783333 0.328125 0.777778 0.329688 0.777778 0.332812 0.772222 0.334375 0.772222 0.335938 0.769444 0.3375 0.769444 0.339063 0.766667 0.340625 0.766667 0.34375 0.761111 0.345313 0.761111 0.346875 0.758333 0.348437 0.758333 0.35 0.755556 0.351562 0.755556 0.353125 0.752778 0.354688 0.752778 0.357812 0.747222 0.359375 0.747222 0.379687 0.711111 0.379687 0.708333 0.392188 0.686111 0.392188 0.683333 0.401563 0.666667 0.401563 0.663889 0.404687 0.658333 0.404687 0.655556 0.409375 0.647222 0.409375 0.644444 0.4125 0.638889 0.4125 0.636111 0.415625 0.630556 0.415625 0.627778 0.417188 0.625 0.417188 0.622222 0.420312 0.616667 0.420312 0.613889 0.421875 0.611111 0.421875 0.608333 0.423438 0.605556 0.423438 0.602778 0.425 0.6 0.425 0.597222 0.426562 0.594444 0.426562 0.591667 0.428125 0.588889 0.428125 0.586111 0.429688 0.583333 0.429688 0.577778 0.43125 0.575 0.43125 0.569444 0.432813 0.566667 0.432813 0.563889 0.434375 0.561111 0.434375 0.558333 0.435937 0.555556 0.435937 0.552778 0.4375 0.55 0.4375 0.544444 0.439063 0.541667 0.439063 0.533333 0.440625 0.530556 0.440625 0.519444 0.442187 0.516667 0.442187 0.511111 0.44375 0.508333 0.44375 0.502778 0.445312 0.5 0.445312 0.494444 0.446875 0.491667 0.446875 0.472222 0.448438 0.469444 0.448438 0.452778 0.45 0.45 0.45 0.433333 0.451562 0.430556 0.451562 0.427778 0.453125 0.425 0.457812 0.425 0.457812 0.366667 0.453125 0.366667 0.451562 0.363889 0.451562 0.361111 0.45 0.358333 0.45 0.355556 0.448438 0.352778 0.448438 0.35 0.446875 0.347222 0.446875 0.341667 0.445312 0.338889 0.445312 0.327778 0.44375 0.325 0.44375 0.316667 0.442187 0.313889 0.442187 0.311111 0.440625 0.308333 0.440625 0.305556 0.439063 0.302778 0.439063 0.297222 0.4375 0.294444 0.4375 0.288889 0.435937 0.286111 0.435937 0.283333 0.434375 0.280556 0.434375 0.275 0.432813 0.272222 0.432813 0.269444 0.43125 0.266667 0.43125 0.263889 0.428125 0.258333 0.428125 0.255556 0.426562 0.252778 0.426562 0.25 0.423438 0.244444 0.423438 0.238889 0.421875 0.236111 0.421875 0.233333 0.41875 0.227778 0.41875 0.225 0.415625 0.219444 0.415625 0.216667 0.410937 0.208333 0.410937 0.205556 0.407813 0.2 0.407813 0.197222 0.40625 0.194444 0.40625 0.191667 0.403125 0.186111 0.403125 0.183333 0.398438 0.175 0.398438 0.172222 0.384375 0.147222 0.382812 0.147222 0.379687 0.141667 0.378125 0.141667 0.376563 0.138889 0.375 0.138889 0.360938 0.113889 0.359375 0.113889 0.353125 0.102778 0.35 0.102778 0.348437 0.1 0.346875 0.1 0.345313 0.0972222 0.34375 0.0972222 0.342187 0.0944444 0.340625 0.0944444 0.339063 0.0916667 0.3375 0.0916667 0.334375 0.0861111 0.332812 0.0861111 0.33125 0.0833333 0.329688 0.0833333 0.328125 0.0805556 0.325 0.0805556 0.323438 0.0777778 0.320312 0.0777778 0.31875 0.075 0.315625 0.075 0.3125 0.0694444 0.3125 0.0611111 0.666349
67 0.503125 0.0722222 0.503125 0.436111 0.509375 0.436111 0.517187 0.45 0.517187 0.458333 0.814062 0.458333 0.814062 0.447222 0.81875 0.438889 0.820312 0.438889 0.826563 0.427778 0.826563 0.422222 0.828125 0.419444 0.828125 0.394444 0.829687 0.391667 0.829687 0.383333 0.828125 0.380556 0.828125 0.330556 0.829687 0.327778 0.829687 0.283333 0.83125 0.280556 0.83125 0.194444 0.832812 0.191667 0.83125 0.188889 0.83125 0.180556 0.832812 0.177778 0.832812 0.125 0.834375 0.122222 0.839063 0.122222 0.839063 0.0722222 0.873086
67 0.173438 0.0611111 0.173438 0.0694444 0.170312 0.075 0.167187 0.075 0.165625 0.0777778 0.1625 0.0777778 0.160938 0.0805556 0.157813 0.0805556 0.15625 0.0833333 0.154687 0.0833333 0.153125 0.0861111 0.151562 0.0861111 0.146875 0.0944444 0.145313 0.0944444 0.142188 0.1 0.140625 0.1 0.1375 0.105556 0.135937 0.105556 0.132812 0.111111 0.13125 0.111111 0.129688 0.113889 0.128125 0.113889 0.126563 0.116667 0.125 0.116667 0.11875 0.127778 0.117188 0.127778 0.107813 0.144444 0.10625 0.144444 0.09375 0.166667 0.0921875 0.166667 0.0921875 0.169444 0.0890625 0.175 0.0875 0.175 0.084375 0.180556 0.0828125 0.180556 0.08125 0.183333 0.0796875 0.183333 0.0765625 0.188889 0.0765625 0.191667 0.071875 0.2 0.0703125 0.2 0.0671875 0.205556 0.065625 0.205556 0.065625 0.208333 0.0625 0.213889 0.0625 0.216667 0.0578125 0.225 0.0578125 0.227778 0.053125 0.236111 0.053125 0.238889 0.0484375 0.247222 0.0484375 0.25 0.046875 0.252778 0.046875 0.255556 0.0421875 0.263889 0.0421875 0.266667 0.040625 0.269444 0.040625 0.272222 0.0390625 0.275 0.0390625 0.277778 0.0375 0.280556 0.0375 0.294444 0.0359375 0.297222 0.0359375 0.305556 0.034375 0.308333 0.034375 0.311111 0.0328125 0.313889 0.0328125 0.316667 0.03125 0.319444 0.03125 0.325 0.0296875 0.327778 0.0296875 0.333333 0.028125 0.336111 0.028125 0.338889 0.0265625 0.341667 0.021875 0.341667 0.021875 0.555556 0.0265625 0.555556 0.028125 0.558333 0.028125 0.561111 0.0296875 0.563889 0.0296875 0.572222 0.03125 0.575 0.03125 0.577778 0.0328125 0.580556 0.0328125 0.586111 0.034375 0.588889 0.034375 0.594444 0.0359375 0.597222 0.0359375 0.605556 0.0375 0.608333 0.0375 0.611111 0.0390625 0.613889 0.0390625 0.619444 0.040625 0.622222 0.040625 0.625 0.0421875 0.627778 0.0421875 0.630556 0.04375 0.633333 0.04375 0.636111 0.0453125 0.638889 0.0453125 0.641667 0.046875 0.644444 0.046875 0.647222 0.0484375 0.65 0.0484375 0.652778 0.05 0.655556 0.05 0.658333 0.053125 0.663889 0.053125 0.666667 0.05625 0.672222 0.05625 0.675 0.0578125 0.677778 0.0578125 0.680556 0.059375 0.683333 0.059375 0.686111 0.0609375 0.688889 0.0609375 0.691667 0.065625 0.7 0.065625 0.702778 0.06875 0.708333 0.06875 0.711111 0.0796875 0.730556 0.08125 0.730556 0.0875 0.741667 0.0890625 0.741667 0.0953125 0.752778 0.096875 0.752778 0.0984375 0.755556 0.1 0.755556 0.101562 0.758333 0.103125 0.758333 0.107813 0.766667 0.110937 0.766667 0.1125 0.769444 0.114063 0.769444 0.117188 0.775 0.11875 0.775 0.120312 0.777778 0.121875 0.777778 0.123438 0.780556 0.125 0.780556 0.128125 0.786111 0.129688 0.786111 0.13125 0.788889 0.132812 0.788889 0.134375 0.791667 0.135937 0.791667 0.1375 0.794444 0.139062 0.794444 0.140625 0.797222 0.142188 0.797222 0.14375 0.8 0.146875 0.8 0.148438 0.802778 0.151562 0.802778 0.153125 0.805556 0.154687 0.805556 0.15625 0.808333 0.159375 0.808333 0.160938 0.811111 0.165625 0.811111 0.167187 0.813889 0.16875 0.813889 0.170312 0.816667 0.171875 0.816667 0.173438 0.819444 0.178125 0.819444 0.179688 0.822222 0.18125 0.822222 0.182812 0.825 0.1875 0.825 0.189063 0.827778 0.189063 0.836111 0.264062 0.836111 0.264062 0.827778 0.265625 0.825 0.267188 0.825 0.26875 0.822222 0.271875 0.822222 0.273438 0.819444 0.276563 0.819444 0.278125 0.816667 0.279687 0.816667 0.28125 0.813889 0.282813 0.813889 0.284375 0.811111 0.289062 0.811111 0.290625 0.808333 0.29375 0.808333 0.295312 0.805556 0.296875 0.805556 0.298438 0.802778 0.301562 0.802778 0.303125 0.8 0.30625 0.8 0.307813 0.797222 0.310937 0.797222 0.3125 0.794444 0.314063 0.794444 0.315625 0.791667 0.317187 0.791667 0.320312 0.786111 0.321875 0.786111 0.323438 0.783333 0.325 0.783333 0.328125 0.777778 0.329688 0.777778 0.332812 0.772222 0.334375 0.772222 0.335938 0.769444 0.3375 0.769444 0.339063 0.766667 0.340625 0.766667 0.34375 0.761111 0.345313 0.761111 0.346875 0.758333 0.348437 0.758333 0.35 0.755556 0.351562 0.755556 0.353125 0.752778 0.354688 0.752778 0.357812 0.747222 0.359375 0.747222 0.379687 0.711111 0.379687 0.708333 0.392188 0.686111 0.392188 0.683333 0.401563 0.666667 0.401563 0.663889 0.404687 0.658333 0.404687 0.655556 0.409375 0.647222 0.409375 0.644444 0.4125 0.638889 0.4125 0.636111 0.415625 0.630556 0.415625 0.627778 0.417188 0.625 0.417188 0.622222 0.420312 0.616667 0.420312 0.613889 0.421875 0.611111 0.421875 0.608333 0.423438 0.605556 0.423438 0.602778 0.425 0.6 0.425 0.597222 0.426562 0.594444 0.426562 0.591667 0.428125 0.588889 0.428125 0.586111 0.429688 0.583333 0.429688 0.577778 0.43125 0.575 0.43125 0.569444 0.432813 0.566667 0.432813 0.563889 0.434375 0.561111 0.434375 0.558333 0.435937 0.555556 0.435937 0.552778 0.4375 0.55 0.4375 0.544444 0.439063 0.541667 0.439063 0.533333 0.440625 0.530556 0.440625 0.519444 0.442187 0.516667 0.442187 0.511111 0.44375 0.508333 0.44375 0.502778 0.445312 0.5 0.445312 0.494444 0.446875 0.491667 0.446875 0.472222 0.448438 0.469444 0.448438 0.452778 0.45 0.45 0.45 0.433333 0.451562 0.430556 0.451562 0.427778 0.453125 0.425 0.457812 0.425 0.457812 0.366667 0.453125 0.366667 0.451562 0.363889 0.451562 0.361111 0.45 0.358333 0.45 0.355556 0.448438 0.352778 0.448438 0.35 0.446875 0.347222 0.446875 0.341667 0.445312 0.338889 0.445312 0.327778 0.44375 0.325 0.44375 0.316667 0.442187 0.313889 0.442187 0.311111 0.440625 0.308333 0.440625 0.305556 0.439063 0.302778 0.439063 0.297222 0.4375 0.294444 0.4375 0.288889 0.435937 0.286111 0.435937 0.283333 0.434375 0.280556 0.434375 0.275 0.432813 0.272222 0.432813 0.269444 0.43125 0.266667 0.43125 0.263889 0.428125 0.258333 0.428125 0.255556 0.426562 0.252778 0.426562 0.25 0.423438 0.244444 0.423438 0.238889 0.421875 0.236111 0.421875 0.233333 0.41875 0.227778 0.41875 0.225 0.415625 0.219444 0.415625 0.216667 0.410937 0.208333 0.410937 0.205556 0.407813 0.2 0.407813 0.197222 0.40625 0.194444 0.40625 0.191667 0.403125 0.186111 0.403125 0.183333 0.398438 0.175 0.398438 0.172222 0.384375 0.147222 0.382812 0.147222 0.379687 0.141667 0.378125 0.141667 0.376563 0.138889 0.375 0.138889 0.360938 0.113889 0.359375 0.113889 0.353125 0.102778 0.35 0.102778 0.348437 0.1 0.346875 0.1 0.345313 0.0972222 0.34375 0.0972222 0.342187 0.0944444 0.340625 0.0944444 0.339063 0.0916667 0.3375 0.0916667 0.334375 0.0861111 0.332812 0.0861111 0.33125 0.0833333 0.329688 0.0833333 0.328125 0.0805556 0.325 0.0805556 0.323438 0.0777778 0.320312 0.0777778 0.31875 0.075 0.315625 0.075 0.3125 0.0694444 0.3125 0.0611111 0.666349
67 0.503125 0.0722222 0.503125 0.436111 0.509375 0.436111 0.517187 0.45 0.517187 0.458333 0.814062 0.458333 0.814062 0.447222 0.81875 0.438889 0.820312 0.438889 0.826563 0.427778 0.826563 0.422222 0.828125 0.419444 0.828125 0.394444 0.829687 0.391667 0.829687 0.383333 0.828125 0.380556 0.828125 0.330556 0.829687 0.327778 0.829687 0.283333 0.83125 0.280556 0.83125 0.194444 0.832812 0.191667 0.83125 0.188889 0.83125 0.180556 0.832812 0.177778 0.832812 0.125 0.834375 0.122222 0.839063 0.122222 0.839063 0.0722222 0.873086
67 0.173438 0.0611111 0.173438 0.0694444 0.170312 0.075 0.167187 0.075 0.165625 0.0777778 0.1625 0.0777778 0.160938 0.0805556 0.157813 0.0805556 0.15625 0.0833333 0.154687 0.0833333 0.153125 0.0861111 0.151562 0.0861111 0.146875 0.0944444 0.145313 0.0944444 0.142188 0.1 0.140625 0.1 0.1375 0.105556 0.135937 0.105556 0.132812 0.111111 0.13125 0.111111 0.129688 0.113889 0.128125 0.113889 0.126563 0.116667 0.125 0.116667 0.11875 0.127778 0.117188 0.127778 0.107813 0.144444 0.10625 0.144444 0.09375 0.166667 0.0921875 0.166667 0.0921875 0.169444 0.0890625 0.175 0.0875 0.175 0.084375 0.180556 0.0828125 0.180556 0.08125 0.183333 0.0796875 0.183333 0.0765625 0.188889 0.0765625 0.191667 0.071875 0.2 0.0703125 0.2 0.0671875 0.205556 0.065625 0.205556 0.065625 0.208333 0.0625 0.213889 0.0625 0.216667 0.0578125 0.225 0.0578125 0.227778 0.053125 0.236111 0.053125 0.238889 0.0484375 0.247222 0.0484375 0.25 0.046875 0.252778 0.046875 0.255556 0.0421875 0.263889 0.0421875 0.266667 0.040625 0.269444 0.040625 0.272222 0.0390625 0.275 0.0390625 0.277778 0.0375 0.280556 0.0375 0.294444 0.0359375 0.297222 0.0359375 0.305556 0.034375 0.308333 0.034375 0.311111 0.0328125 0.313889 0.0328125 0.316667 0.03125 0.319444 0.03125 0.325 0.0296875 0.327778 0.0296875 0.333333 0.028125 0.336111 0.028125 0.338889 0.0265625 0.341667 0.021875 0.341667 0.021875 0.555556 0.0265625 0.555556 0.028125 0.558333 0.028125 0.561111 0.0296875 0.563889 0.0296875 0.572222 0.03125 0.575 0.03125 0.577778 0.0328125 0.580556 0.0328125 0.586111 0.034375 0.588889 0.034375 0.594444 0.0359375 0.597222 0.0359375 0.605556 0.0375 0.608333 0.0375 0.611111 0.0390625 0.613889 0.0390625 0.619444 0.040625 0.622222 0.040625 0.625 0.0421875 0.627778 0.0421875 0.630556 0.04375 0.633333 0.04375 0.636111 0.0453125 0.638889 0.0453125 0.641667 0.046875 0.644444 0.046875 0.647222 0.0484375 0.65 0.0484375 0.652778 0.05 0.655556 0.05 0.658333 0.053125 0.663889 0.053125 0.666667 0.05625 0.672222 0.05625 0.675 0.0578125 0.677778 0.0578125 0.680556 0.059375 0.683333 0.059375 0.686111 0.0609375 0.688889 0.0609375 0.691667 0.065625 0.7 0.065625 0.702778 0.06875 0.708333 0.06875 0.711111 0.0796875 0.730556 0.08125 0.730556 0.0875 0.741667 0.0890625 0.741667 0.0953125 0.752778 0.096875 0.752778 0.0984375 0.755556 0.1 0.755556 0.101562 0.758333 0.103125 0.758333 0.107813 0.766667 0.110937 0.766667 0.1125 0.769444 0.114063 0.769444 0.117188 0.775 0.11875 0.775 0.120312 0.777778 0.121875 0.777778 0.123438 0.780556 0.125 0.780556 0.128125 0.786111 0.129688 0.786111 0.13125 0.788889 0.132812 0.788889 0.134375 0.791667 0.135937 0.791667 0.1375 0.794444 0.139062 0.794444 0.140625 0.797222 0.142188 0.797222 0.14375 0.8 0.146875 0.8 0.148438 0.802778 0.151562 0.802778 0.153125 0.805556 0.154687 0.805556 0.15625 0.808333 0.159375 0.808333 0.160938 0.811111 0.165625 0.811111 0.167187 0.813889 0.16875 0.813889 0.170312 0.816667 0.171875 0.816667 0.173438 0.819444 0.178125 0.819444 0.179688 0.822222 0.18125 0.822222 0.182812 0.825 0.1875 0.825 0.189063 0.827778 0.189063 0.836111 0.264062 0.836111 0.264062 0.827778 0.265625 0.825 0.267188 0.825 0.26875 0.822222 0.271875 0.822222 0.273438 0.819444 0.276563 0.819444 0.278125 0.816667 0.279687 0.816667 0.28125 0.813889 0.282813 0.813889 0.284375 0.811111 0.289062 0.811111 0.290625 0.808333 0.29375 0.808333 0.295312 0.805556 0.296875 0.805556 0.298438 0.802778 0.301562 0.802778 0.303125 0.8 0.30625 0.8 0.307813 0.797222 0.310937 0.797222 0.3125 0.794444 0.314063 0.794444 0.315625 0.791667 0.317187 0.791667 0.320312 0.786111 0.321875 0.786111 0.323438 0.783333 0.325 0.783333 0.328125 0.777778 0.329688 0.777778 0.332812 0.772222 0.334375 0.772222 0.335938 0.769444 0.3375 0.769444 0.339063 0.766667 0.340625 0.766667 0.34375 0.761111 0.345313 0.761111 0.346875 0.758333 0.348437 0.758333 0.35 0.755556 0.351562 0.755556 0.353125 0.752778 0.354688 0.752778 0.357812 0.747222 0.359375 0.747222 0.379687 0.711111 0.379687 0.708333 0.392188 0.686111 0.392188 0.683333 0.401563 0.666667 0.401563 0.663889 0.404687 0.658333 0.404687 0.655556 0.409375 0.647222 0.409375 0.644444 0.4125 0.638889 0.4125 0.636111 0.415625 0.630556 0.415625 0.627778 0.417188 0.625 0.417188 0.622222 0.420312 0.616667 0.420312 0.613889 0.421875 0.611111 0.421875 0.608333 0.423438 0.605556 0.423438 0.602778 0.425 0.6 0.425 0.597222 0.426562 0.594444 0.426562 0.591667 0.428125 0.588889 0.428125 0.586111 0.429688 0.583333 0.429688 0.577778 0.43125 0.575 0.43125 0.569444 0.432813 0.566667 0.432813 0.563889 0.434375 0.561111 0.434375 0.558333 0.435937 0.555556 0.435937 0.552778 0.4375 0.55 0.4375 0.544444 0.439063 0.541667 0.439063 0.533333 0.440625 0.530556 0.440625 0.519444 0.442187 0.516667 0.442187 0.511111 0.44375 0.508333 0.44375 0.502778 0.445312 0.5 0.445312 0.494444 0.446875 0.491667 0.446875 0.472222 0.448438 0.469444 0.448438 0.452778 0.45 0.45 0.45 0.433333 0.451562 0.430556 0.451562 0.427778 0.453125 0.425 0.457812 0.425 0.457812 0.366667 0.453125 0.366667 0.451562 0.363889 0.451562 0.361111 0.45 0.358333 0.45 0.355556 0.448438 0.352778 0.448438 0.35 0.446875 0.347222 0.446875 0.341667 0.445312 0.338889 0.445312 0.327778 0.44375 0.325 0.44375 0.316667 0.442187 0.313889 0.442187 0.311111 0.440625 0.308333 0.440625 0.305556 0.439063 0.302778 0.439063 0.297222 0.4375 0.294444 0.4375 0.288889 0.435937 0.286111 0.435937 0.283333 0.434375 0.280556 0.434375 0.275 0.432813 0.272222 0.432813 0.269444 0.43125 0.266667 0.43125 0.263889 0.428125 0.258333 0.428125 0.255556 0.426562 0.252778 0.426562 0.25 0.423438 0.244444 0.423438 0.238889 0.421875 0.236111 0.421875 0.233333 0.41875 0.227778 0.41875 0.225 0.415625 0.219444 0.415625 0.216667 0.410937 0.208333 0.410937 0.205556 0.407813 0.2 0.407813 0.197222 0.40625 0.194444 0.40625 0.191667 0.403125 0.186111 0.403125 0.183333 0.398438 0.175 0.398438 0.172222 0.384375 0.147222 0.382812 0.147222 0.379687 0.141667 0.378125 0.141667 0.376563 0.138889 0.375 0.138889 0.360938 0.113889 0.359375 0.113889 0.353125 0.102778 0.35 0.102778 0.348437 0.1 0.346875 0.1 0.345313 0.0972222 0.34375 0.0972222 0.342187 0.0944444 0.340625 0.0944444 0.339063 0.0916667 0.3375 0.0916667 0.334375 0.0861111 0.332812 0.0861111 0.33125 0.0833333 0.329688 0.0833333 0.328125 0.0805556 0.325 0.0805556 0.323438 0.0777778 0.320312 0.0777778 0.31875 0.075 0.315625 0.075 0.3125 0.0694444 0.3125 0.0611111 0.666349
67 0.503125 0.0722222 0.503125 0.436111 0.509375 0.436111 0.517187 0.45 0.517187 0.458333 0.814062 0.458333 0.814062 0.447222 0.81875 0.438889 0.820312 0.438889 0.826563 0.427778 0.826563 0.422222 0.828125 0.419444 0.828125 0.394444 0.829687 0.391667 0.829687 0.383333 0.828125 0.380556 0.828125 0.330556 0.829687 0.327778 0.829687 0.283333 0.83125 0.280556 0.83125 0.194444 0.832812 0.191667 0.83125 0.188889 0.83125 0.180556 0.832812 0.177778 0.832812 0.125 0.834375 0.122222 0.839063 0.122222 0.839063 0.0722222 0.873086
67 0.173438 0.0611111 0.173438 0.0694444 0.170312 0.075 0.167187 0.075 0.165625 0.0777778 0.1625 0.0777778 0.160938 0.0805556 0.157813 0.0805556 0.15625 0.0833333 0.154687 0.0833333 0.153125 0.0861111 0.151562 0.0861111 0.146875 0.0944444 0.145313 0.0944444 0.142188 0.1 0.140625 0.1 0.1375 0.105556 0.135937 0.105556 0.132812 0.111111 0.13125 0.111111 0.129688 0.113889 0.128125 0.113889 0.126563 0.116667 0.125 0.116667 0.11875 0.127778 0.117188 0.127778 0.107813 0.144444 0.10625 0.144444 0.09375 0.166667 0.0921875 0.166667 0.0921875 0.169444 0.0890625 0.175 0.0875 0.175 0.084375 0.180556 0.0828125 0.180556 0.08125 0.183333 0.0796875 0.183333 0.0765625 0.188889 0.0765625 0.191667 0.071875 0.2 0.0703125 0.2 0.0671875 0.205556 0.065625 0.205556 0.065625 0.208333 0.0625 0.213889 0.0625 0.216667 0.0578125 0.225 0.0578125 0.227778 0.053125 0.236111 0.053125 0.238889 0.0484375 0.247222 0.0484375 0.25 0.046875 0.252778 0.046875 0.255556 0.0421875 0.263889 0.0421875 0.266667 0.040625 0.269444 0.040625 0.272222 0.0390625 0.275 0.0390625 0.277778 0.0375 0.280556 0.0375 0.294444 0.0359375 0.297222 0.0359375 0.305556 0.034375 0.308333 0.034375 0.311111 0.0328125 0.313889 0.0328125 0.316667 0.03125 0.319444 0.03125 0.325 0.0296875 0.327778 0.0296875 0.333333 0.028125 0.336111 0.028125 0.338889 0.0265625 0.341667 0.021875 0.341667 0.021875 0.555556 0.0265625 0.555556 0.028125 0.558333 0.028125 0.561111 0.0296875 0.563889 0.0296875 0.572222 0.03125 0.575 0.03125 0.577778 0.0328125 0.580556 0.0328125 0.586111 0.034375 0.588889 0.034375 0.594444 0.0359375 0.597222 0.0359375 0.605556 0.0375 0.608333 0.0375 0.611111 0.0390625 0.613889 0.0390625 0.619444 0.040625 0.622222 0.040625 0.625 0.0421875 0.627778 0.0421875 0.630556 0.04375 0.633333 0.04375 0.636111 0.0453125 0.638889 0.0453125 0.641667 0.046875 0.644444 0.046875 0.647222 0.0484375 0.65 0.0484375 0.652778 0.05 0.655556 0.05 0.658333 0.053125 0.663889 0.053125 0.666667 0.05625 0.672222 0.05625 0.675 0.0578125 0.677778 0.0578125 0.680556 0.059375 0.683333 0.059375 0.686111 0.0609375 0.688889 0.0609375 0.691667 0.065625 0.7 0.065625 0.702778 0.06875 0.708333 0.06875 0.711111 0.0796875 0.730556 0.08125 0.730556 0.0875 0.741667 0.0890625 0.741667 0.0953125 0.752778 0.096875 0.752778 0.0984375 0.755556 0.1 0.755556 0.101562 0.758333 0.103125 0.758333 0.107813 0.766667 0.110937 0.766667 0.1125 0.769444 0.114063 0.769444 0.117188 0.775 0.11875 0.775 0.120312 0.777778 0.121875 0.777778 0.123438 0.780556 0.125 0.780556 0.128125 0.786111 0.129688 0.786111 0.13125 0.788889 0.132812 0.788889 0.134375 0.791667 0.135937 0.791667 0.1375 0.794444 0.139062 0.794444 0.140625 0.797222 0.142188 0.797222 0.14375 0.8 0.146875 0.8 0.148438 0.802778 0.151562 0.802778 0.153125 0.805556 0.154687 0.805556 0.15625 0.808333 0.159375 0.808333 0.160938 0.811111 0.165625 0.811111 0.167187 0.813889 0.16875 0.813889 0.170312 0.816667 0.171875 0.816667 0.173438 0.819444 0.178125 0.819444 0.179688 0.822222 0.18125 0.822222 0.182812 0.825 0.1875 0.825 0.189063 0.827778 0.189063 0.836111 0.264062 0.836111 0.264062 0.827778 0.265625 0.825 0.267188 0.825 0.26875 0.822222 0.271875 0.822222 0.273438 0.819444 0.276563 0.819444 0.278125 0.816667 0.279687 0.816667 0.28125 0.813889 0.282813 0.813889 0.284375 0.811111 0.289062 0.811111 0.290625 0.808333 0.29375 0.808333 0.295312 0.805556 0.296875 0.805556 0.298438 0.802778 0.301562 0.802778 0.303125 0.8 0.30625 0.8 0.307813 0.797222 0.310937 0.797222 0.3125 0.794444 0.314063 0.794444 0.315625 0.791667 0.317187 0.791667 0.320312 0.786111 0.321875 0.786111 0.323438 0.783333 0.325 0.783333 0.328125 0.777778 0.329688 0.777778 0.332812 0.772222 0.334375 0.772222 0.335938 0.769444 0.3375 0.769444 0.339063 0.766667 0.340625 0.766667 0.34375 0.761111 0.345313 0.761111 0.346875 0.758333 0.348437 0.758333 0.35 0.755556 0.351562 0.755556 0.353125 0.752778 0.354688 0.752778 0.357812 0.747222 0.359375 0.747222 0.379687 0.711111 0.379687 0.708333 0.392188 0.686111 0.392188 0.683333 0.401563 0.666667 0.401563 0.663889 0.404687 0.658333 0.404687 0.655556 0.409375 0.647222 0.409375 0.644444 0.4125 0.638889 0.4125 0.636111 0.415625 0.630556 0.415625 0.627778 0.417188 0.625 0.417188 0.622222 0.420312 0.616667 0.420312 0.613889 0.421875 0.611111 0.421875 0.608333 0.423438 0.605556 0.423438 0.602778 0.425 0.6 0.425 0.597222 0.426562 0.594444 0.426562 0.591667 0.428125 0.588889 0.428125 0.586111 0.429688 0.583333 0.429688 0.577778 0.43125 0.575 0.43125 0.569444 0.432813 0.566667 0.432813 0.563889 0.434375 0.561111 0.434375 0.558333 0.435937 0.555556 0.435937 0.552778 0.4375 0.55 0.4375 0.544444 0.439063 0.541667 0.439063 0.533333 0.440625 0.530556 0.440625 0.519444 0.442187 0.516667 0.442187 0.511111 0.44375 0.508333 0.44375 0.502778 0.445312 0.5 0.445312 0.494444 0.446875 0.491667 0.446875 0.472222 0.448438 0.469444 0.448438 0.452778 0.45 0.45 0.45 0.433333 0.451562 0.430556 0.451562 0.427778 0.453125 0.425 0.457812 0.425 0.457812 0.366667 0.453125 0.366667 0.451562 0.363889 0.451562 0.361111 0.45 0.358333 0.45 0.355556 0.448438 0.352778 0.448438 0.35 0.446875 0.347222 0.446875 0.341667 0.445312 0.338889 0.445312 0.327778 0.44375 0.325 0.44375 0.316667 0.442187 0.313889 0.442187 0.311111 0.440625 0.308333 0.440625 0.305556 0.439063 0.302778 0.439063 0.297222 0.4375 0.294444 0.4375 0.288889 0.435937 0.286111 0.435937 0.283333 0.434375 0.280556 0.434375 0.275 0.432813 0.272222 0.432813 0.269444 0.43125 0.266667 0.43125 0.263889 0.428125 0.258333 0.428125 0.255556 0.426562 0.252778 0.426562 0.25 0.423438 0.244444 0.423438 0.238889 0.421875 0.236111 0.421875 0.233333 0.41875 0.227778 0.41875 0.225 0.415625 0.219444 0.415625 0.216667 0.410937 0.208333 0.410937 0.205556 0.407813 0.2 0.407813 0.197222 0.40625 0.194444 0.40625 0.191667 0.403125 0.186111 0.403125 0.183333 0.398438 0.175 0.398438 0.172222 0.384375 0.147222 0.382812 0.147222 0.379687 0.141667 0.378125 0.141667 0.376563 0.138889 0.375 0.138889 0.360938 0.113889 0.359375 0.113889 0.353125 0.102778 0.35 0.102778 0.348437 0.1 0.346875 0.1 0.345313 0.0972222 0.34375 0.0972222 0.342187 0.0944444 0.340625 0.0944444 0.339063 0.0916667 0.3375 0.0916667 0.334375 0.0861111 0.332812 0.0861111 0.33125 0.0833333 0.329688 0.0833333 0.328125 0.0805556 0.325 0.0805556 0.323438 0.0777778 0.320312 0.0777778 0.31875 0.075 0.315625 0.075 0.3125 0.0694444 0.3125 0.0611111 0.666349
