0 0.648438 0.683333 0.648438 0.694444 0.629687 0.727778 0.629687 0.730556 0.609375 0.766667 0.607813 0.766667 0.604688 0.772222 0.603125 0.772222 0.596875 0.783333 0.595312 0.783333 0.59375 0.786111 0.592188 0.786111 0.582812 0.802778 0.58125 0.802778 0.578125 0.808333 0.576563 0.808333 0.575 0.811111 0.573438 0.811111 0.56875 0.819444 0.567187 0.819444 0.565625 0.822222 0.564062 0.822222 0.560938 0.827778 0.557813 0.827778 0.55625 0.830556 0.553125 0.830556 0.551562 0.833333 0.548437 0.833333 0.546875 0.836111 0.54375 0.836111 0.542188 0.838889 0.5375 0.838889 0.535937 0.841667 0.51875 0.841667 0.517187 0.838889 0.510938 0.838889 0.509375 0.841667 0.5 0.841667 0.498437 0.844444 0.49375 0.844444 0.492188 0.847222 0.489062 0.847222 0.4875 0.85 0.485938 0.85 0.484375 0.852778 0.48125 0.852778 0.479688 0.855556 0.475 0.855556 0.473437 0.858333 0.445312 0.858333 0.44375 0.861111 0.439063 0.861111 0.435937 0.866667 0.434375 0.866667 0.432813 0.869444 0.43125 0.869444 0.429688 0.872222 0.428125 0.872222 0.426562 0.875 0.425 0.875 0.41875 0.886111 0.417188 0.886111 0.407813 0.902778 0.407813 0.905556 0.401563 0.916667 0.401563 0.919444 0.398438 0.925 0.398438 0.927778 0.390625 0.941667 0.390625 0.944444 0.385938 0.952778 0.385938 0.955556 0.382812 0.961111 0.378125 0.961111 0.378125 1 0.634375 1 0.634375 0.994444 0.632812 0.991667 0.632812 0.988889 0.63125 0.986111 0.63125 0.975 0.629687 0.972222 0.629687 0.958333 0.628125 0.955556 0.628125 0.95 0.626562 0.947222 0.626562 0.938889 0.625 0.936111 0.625 0.922222 0.626562 0.919444 0.626562 0.913889 0.628125 0.911111 0.628125 0.908333 0.629687 0.905556 0.629687 0.902778 0.63125 0.9 0.63125 0.897222 0.6375 0.886111 0.6375 0.883333 0.653125 0.855556 0.653125 0.852778 0.657812 0.844444 0.657812 0.841667 0.664062 0.830556 0.664062 0.827778 0.665625 0.825 0.665625 0.822222 0.66875 0.816667 0.66875 0.813889 0.670313 0.811111 0.670313 0.808333 0.675 0.8 0.675 0.797222 0.679688 0.788889 0.679688 0.786111 0.68125 0.783333 0.68125 0.780556 0.6875 0.769444 0.6875 0.766667 0.689062 0.763889 0.689062 0.761111 0.690625 0.758333 0.690625 0.755556 0.692187 0.752778 0.692187 0.75 0.69375 0.747222 0.69375 0.744444 0.695312 0.741667 0.695312 0.736111 0.696875 0.733333 0.696875 0.725 0.698438 0.722222 0.698438 0.683333 0.848536
62 0.1625 0.0388889 0.1625 0.05 0.160938 0.0527778 0.160938 0.0722222 0.159375 0.075 0.159375 0.111111 0.157813 0.113889 0.153125 0.113889 0.153125 0.841667 0.159375 0.841667 0.160938 0.844444 0.1625 0.844444 0.171875 0.861111 0.173438 0.861111 0.175 0.863889 0.176563 0.863889 0.184375 0.877778 0.185937 0.877778 0.1875 0.880556 0.190625 0.880556 0.192188 0.883333 0.19375 0.883333 0.195312 0.886111 0.2 0.886111 0.201562 0.888889 0.20625 0.888889 0.207813 0.891667 0.217187 0.891667 0.21875 0.894444 0.226562 0.894444 0.228125 0.897222 0.246875 0.897222 0.248437 0.9 0.260938 0.9 0.2625 0.902778 0.271875 0.902778 0.273438 0.905556 0.282813 0.905556 0.284375 0.908333 0.295312 0.908333 0.296875 0.911111 0.309375 0.911111 0.310937 0.913889 0.321875 0.913889 0.323438 0.916667 0.340625 0.916667 0.342187 0.919444 0.351562 0.919444 0.353125 0.922222 0.357812 0.922222 0.359375 0.925 0.364062 0.925 0.367188 0.930556 0.36875 0.930556 0.370313 0.933333 0.376563 0.933333 0.378125 0.936111 0.379687 0.936111 0.382812 0.941667 0.385938 0.936111 0.389062 0.936111 0.389062 0.933333 0.392188 0.927778 0.39375 0.927778 0.395312 0.925 0.395312 0.922222 0.396875 0.919444 0.396875 0.916667 0.401563 0.908333 0.401563 0.905556 0.410937 0.888889 0.410937 0.886111 0.420312 0.869444 0.423438 0.869444 0.425 0.866667 0.428125 0.866667 0.43125 0.861111 0.432813 0.861111 0.434375 0.858333 0.435937 0.858333 0.4375 0.855556 0.440625 0.855556 0.442187 0.852778 0.446875 0.852778 0.448438 0.85 0.457812 0.85 0.459375 0.847222 0.478125 0.847222 0.479688 0.844444 0.48125 0.844444 0.482812 0.841667 0.484375 0.841667 0.492188 0.827778 0.49375 0.827778 0.495313 0.825 0.503125 0.825 0.504687 0.827778 0.529688 0.827778 0.53125 0.830556 0.534375 0.830556 0.535937 0.827778 0.546875 0.827778 0.548437 0.825 0.554688 0.825 0.55625 0.822222 0.559375 0.822222 0.5625 0.816667 0.565625 0.816667 0.567187 0.813889 0.570312 0.813889 0.575 0.805556 0.576563 0.805556 0.578125 0.802778 0.579687 0.802778 0.582812 0.797222 0.584375 0.797222 0.592188 0.783333 0.595312 0.783333 0.596875 0.780556 0.596875 0.777778 0.604688 0.763889 0.60625 0.763889 0.607813 0.761111 0.609375 0.761111 0.61875 0.744444 0.620313 0.744444 0.626562 0.733333 0.626562 0.730556 0.646875 0.694444 0.648438 0.694444 0.651563 0.688889 0.653125 0.688889 0.654688 0.686111 0.65625 0.686111 0.657812 0.683333 0.6625 0.683333 0.664062 0.680556 0.690625 0.680556 0.692187 0.683333 0.69375 0.683333 0.698438 0.691667 0.698438 0.694444 0.7 0.697222 0.7 0.702778 0.701563 0.705556 0.701563 0.716667 0.7 0.719444 0.7 0.730556 0.698438 0.733333 0.698438 0.736111 0.696875 0.738889 0.696875 0.741667 0.695312 0.744444 0.695312 0.75 0.69375 0.752778 0.69375 0.755556 0.692187 0.758333 0.692187 0.761111 0.690625 0.763889 0.690625 0.766667 0.689062 0.769444 0.689062 0.772222 0.684375 0.780556 0.684375 0.783333 0.682813 0.786111 0.682813 0.788889 0.678125 0.797222 0.678125 0.8 0.675 0.805556 0.675 0.808333 0.671875 0.813889 0.671875 0.816667 0.670313 0.819444 0.670313 0.822222 0.665625 0.830556 0.665625 0.833333 0.659375 0.844444 0.659375 0.847222 0.651563 0.861111 0.651563 0.863889 0.645312 0.875 0.645312 0.877778 0.642187 0.883333 0.640625 0.883333 0.640625 0.888889 0.634375 0.9 0.634375 0.902778 0.632812 0.905556 0.632812 0.908333 0.63125 0.911111 0.63125 0.913889 0.629687 0.916667 0.629687 0.919444 0.628125 0.922222 0.628125 0.944444 0.63125 0.95 0.63125 0.952778 0.634375 0.958333 0.635938 0.958333 0.6375 0.961111 0.642187 0.961111 0.64375 0.958333 0.65625 0.958333 0.657812 0.961111 0.660937 0.961111 0.6625 0.958333 0.665625 0.958333 0.667188 0.961111 0.675 0.961111 0.676562 0.963889 0.679688 0.963889 0.68125 0.966667 0.689062 0.966667 0.692187 0.972222 0.692187 0.980556 0.845312 0.980556 0.845312 0.969444 0.848437 0.963889 0.85 0.963889 0.851562 0.961111 0.854688 0.961111 0.85625 0.958333 0.857813 0.958333 0.859375 0.955556 0.860937 0.955556 0.8625 0.952778 0.864062 0.952778 0.865625 0.95 0.867188 0.95 0.86875 0.947222 0.870313 0.947222 0.873438 0.941667 0.875 0.941667 0.876562 0.938889 0.878125 0.938889 0.884375 0.927778 0.885938 0.927778 0.885938 0.925 0.889063 0.919444 0.889063 0.916667 0.890625 0.913889 0.890625 0.880556 0.892187 0.877778 0.892187 0.811111 0.89375 0.808333 0.89375 0.786111 0.895312 0.783333 0.895312 0.769444 0.896875 0.766667 0.896875 0.758333 0.898438 0.755556 0.898438 0.733333 0.9 0.730556 0.9 0.705556 0.901563 0.702778 0.901563 0.683333 0.9 0.680556 0.9 0.605556 0.901563 0.602778 0.901563 0.541667 0.903125 0.538889 0.903125 0.505556 0.904688 0.502778 0.904688 0.458333 0.90625 0.455556 0.90625 0.430556 0.907812 0.427778 0.907812 0.355556 0.909375 0.352778 0.909375 0.325 0.910937 0.322222 0.910937 0.294444 0.9125 0.291667 0.9125 0.275 0.914062 0.272222 0.914062 0.266667 0.915625 0.263889 0.920313 0.263889 0.920313 0.0888889 0.914062 0.0888889 0.9125 0.0861111 0.910937 0.0861111 0.909375 0.0833333 0.9 0.0833333 0.898438 0.0805556 0.882812 0.0805556 0.88125 0.0777778 0.86875 0.0777778 0.867188 0.075 0.84375 0.075 0.842188 0.0722222 0.81875 0.0722222 0.817187 0.0694444 0.779688 0.0694444 0.778125 0.0666667 0.746875 0.0666667 0.745313 0.0638889 0.646875 0.0638889 0.645312 0.0611111 0.621875 0.0611111 0.620313 0.0583333 0.590625 0.0583333 0.589063 0.0555556 0.534375 0.0555556 0.532812 0.0527778 0.53125 0.0555556 0.520312 0.0555556 0.51875 0.0527778 0.48125 0.0527778 0.479688 0.05 0.46875 0.05 0.467187 0.0472222 0.467187 0.0388889 0.621735
62 0.003125 0.216667 0.003125 0.683333 0.009375 0.683333 0.0125 0.688889 0.0125 0.691667 0.0171875 0.7 0.0171875 0.702778 0.01875 0.705556 0.01875 0.713889 0.0203125 0.716667 0.0203125 0.719444 0.01875 0.722222 0.01875 0.727778 0.0171875 0.730556 0.0171875 0.733333 0.015625 0.736111 0.015625 0.75 0.0140625 0.752778 0.0140625 0.758333 0.0125 0.761111 0.0125 0.763889 0.0109375 0.766667 0.0109375 0.769444 0.0078125 0.775 0.003125 0.775 0.003125 0.813889 0.05625 0.813889 0.05625 0.805556 0.0578125 0.802778 0.0640625 0.802778 0.065625 0.8 0.0796875 0.8 0.08125 0.797222 0.090625 0.797222 0.0921875 0.794444 0.096875 0.794444 0.0984375 0.791667 0.103125 0.791667 0.104687 0.788889 0.110937 0.788889 0.1125 0.786111 0.120312 0.786111 0.121875 0.783333 0.126563 0.783333 0.126563 0.6 0.120312 0.6 0.11875 0.597222 0.11875 0.594444 0.117188 0.591667 0.11875 0.588889 0.11875 0.577778 0.117188 0.575 0.117188 0.569444 0.11875 0.566667 0.11875 0.563889 0.120312 0.561111 0.120312 0.558333 0.11875 0.555556 0.11875 0.55 0.117188 0.547222 0.117188 0.530556 0.115625 0.527778 0.115625 0.516667 0.117188 0.513889 0.117188 0.508333 0.11875 0.505556 0.11875 0.488889 0.117188 0.486111 0.117188 0.472222 0.115625 0.469444 0.115625 0.463889 0.114063 0.461111 0.114063 0.455556 0.1125 0.452778 0.1125 0.444444 0.110937 0.441667 0.110937 0.433333 0.1125 0.430556 0.1125 0.422222 0.114063 0.419444 0.114063 0.416667 0.115625 0.413889 0.115625 0.411111 0.117188 0.408333 0.117188 0.4 0.11875 0.397222 0.11875 0.286111 0.120312 0.283333 0.120312 0.252778 0.121875 0.25 0.126563 0.25 0.121875 0.25 0.11875 0.244444 0.11875 0.241667 0.117188 0.238889 0.117188 0.236111 0.115625 0.236111 0.1125 0.230556 0.110937 0.230556 0.109375 0.227778 0.107813 0.227778 0.10625 0.225 0.10625 0.216667 0.30778
0 0.648438 0.683333 0.648438 0.694444 0.629687 0.727778 0.629687 0.730556 0.609375 0.766667 0.607813 0.766667 0.604688 0.772222 0.603125 0.772222 0.596875 0.783333 0.595312 0.783333 0.59375 0.786111 0.592188 0.786111 0.582812 0.802778 0.58125 0.802778 0.578125 0.808333 0.576563 0.808333 0.575 0.811111 0.573438 0.811111 0.56875 0.819444 0.567187 0.819444 0.565625 0.822222 0.564062 0.822222 0.560938 0.827778 0.557813 0.827778 0.55625 0.830556 0.553125 0.830556 0.551562 0.833333 0.548437 0.833333 0.546875 0.836111 0.54375 0.836111 0.542188 0.838889 0.5375 0.838889 0.535937 0.841667 0.51875 0.841667 0.517187 0.838889 0.510938 0.838889 0.509375 0.841667 0.5 0.841667 0.498437 0.844444 0.49375 0.844444 0.492188 0.847222 0.489062 0.847222 0.4875 0.85 0.485938 0.85 0.484375 0.852778 0.48125 0.852778 0.479688 0.855556 0.475 0.855556 0.473437 0.858333 0.445312 0.858333 0.44375 0.861111 0.439063 0.861111 0.435937 0.866667 0.434375 0.866667 0.432813 0.869444 0.43125 0.869444 0.429688 0.872222 0.428125 0.872222 0.426562 0.875 0.425 0.875 0.41875 0.886111 0.417188 0.886111 0.407813 0.902778 0.407813 0.905556 0.401563 0.916667 0.401563 0.919444 0.398438 0.925 0.398438 0.927778 0.390625 0.941667 0.390625 0.944444 0.385938 0.952778 0.385938 0.955556 0.382812 0.961111 0.378125 0.961111 0.378125 1 0.634375 1 0.634375 0.994444 0.632812 0.991667 0.632812 0.988889 0.63125 0.986111 0.63125 0.975 0.629687 0.972222 0.629687 0.958333 0.628125 0.955556 0.628125 0.95 0.626562 0.947222 0.626562 0.938889 0.625 0.936111 0.625 0.922222 0.626562 0.919444 0.626562 0.913889 0.628125 0.911111 0.628125 0.908333 0.629687 0.905556 0.629687 0.902778 0.63125 0.9 0.63125 0.897222 0.6375 0.886111 0.6375 0.883333 0.653125 0.855556 0.653125 0.852778 0.657812 0.844444 0.657812 0.841667 0.664062 0.830556 0.664062 0.827778 0.665625 0.825 0.665625 0.822222 0.66875 0.816667 0.66875 0.813889 0.670313 0.811111 0.670313 0.808333 0.675 0.8 0.675 0.797222 0.679688 0.788889 0.679688 0.786111 0.68125 0.783333 0.68125 0.780556 0.6875 0.769444 0.6875 0.766667 0.689062 0.763889 0.689062 0.761111 0.690625 0.758333 0.690625 0.755556 0.692187 0.752778 0.692187 0.75 0.69375 0.747222 0.69375 0.744444 0.695312 0.741667 0.695312 0.736111 0.696875 0.733333 0.696875 0.725 0.698438 0.722222 0.698438 0.683333 0.848536
62 0.1625 0.0388889 0.1625 0.05 0.160938 0.0527778 0.160938 0.0722222 0.159375 0.075 0.159375 0.111111 0.157813 0.113889 0.153125 0.113889 0.153125 0.841667 0.159375 0.841667 0.160938 0.844444 0.1625 0.844444 0.171875 0.861111 0.173438 0.861111 0.175 0.863889 0.176563 0.863889 0.184375 0.877778 0.185937 0.877778 0.1875 0.880556 0.190625 0.880556 0.192188 0.883333 0.19375 0.883333 0.195312 0.886111 0.2 0.886111 0.201562 0.888889 0.20625 0.888889 0.207813 0.891667 0.217187 0.891667 0.21875 0.894444 0.226562 0.894444 0.228125 0.897222 0.246875 0.897222 0.248437 0.9 0.260938 0.9 0.2625 0.902778 0.271875 0.902778 0.273438 0.905556 0.282813 0.905556 0.284375 0.908333 0.295312 0.908333 0.296875 0.911111 0.309375 0.911111 0.310937 0.913889 0.321875 0.913889 0.323438 0.916667 0.340625 0.916667 0.342187 0.919444 0.351562 0.919444 0.353125 0.922222 0.357812 0.922222 0.359375 0.925 0.364062 0.925 0.367188 0.930556 0.36875 0.930556 0.370313 0.933333 0.376563 0.933333 0.378125 0.936111 0.379687 0.936111 0.382812 0.941667 0.385938 0.936111 0.389062 0.936111 0.389062 0.933333 0.392188 0.927778 0.39375 0.927778 0.395312 0.925 0.395312 0.922222 0.396875 0.919444 0.396875 0.916667 0.401563 0.908333 0.401563 0.905556 0.410937 0.888889 0.410937 0.886111 0.420312 0.869444 0.423438 0.869444 0.425 0.866667 0.428125 0.866667 0.43125 0.861111 0.432813 0.861111 0.434375 0.858333 0.435937 0.858333 0.4375 0.855556 0.440625 0.855556 0.442187 0.852778 0.446875 0.852778 0.448438 0.85 0.457812 0.85 0.459375 0.847222 0.478125 0.847222 0.479688 0.844444 0.48125 0.844444 0.482812 0.841667 0.484375 0.841667 0.492188 0.827778 0.49375 0.827778 0.495313 0.825 0.503125 0.825 0.504687 0.827778 0.529688 0.827778 0.53125 0.830556 0.534375 0.830556 0.535937 0.827778 0.546875 0.827778 0.548437 0.825 0.554688 0.825 0.55625 0.822222 0.559375 0.822222 0.5625 0.816667 0.565625 0.816667 0.567187 0.813889 0.570312 0.813889 0.575 0.805556 0.576563 0.805556 0.578125 0.802778 0.579687 0.802778 0.582812 0.797222 0.584375 0.797222 0.592188 0.783333 0.595312 0.783333 0.596875 0.780556 0.596875 0.777778 0.604688 0.763889 0.60625 0.763889 0.607813 0.761111 0.609375 0.761111 0.61875 0.744444 0.620313 0.744444 0.626562 0.733333 0.626562 0.730556 0.646875 0.694444 0.648438 0.694444 0.651563 0.688889 0.653125 0.688889 0.654688 0.686111 0.65625 0.686111 0.657812 0.683333 0.6625 0.683333 0.664062 0.680556 0.690625 0.680556 0.692187 0.683333 0.69375 0.683333 0.698438 0.691667 0.698438 0.694444 0.7 0.697222 0.7 0.702778 0.701563 0.705556 0.701563 0.716667 0.7 0.719444 0.7 0.730556 0.698438 0.733333 0.698438 0.736111 0.696875 0.738889 0.696875 0.741667 0.695312 0.744444 0.695312 0.75 0.69375 0.752778 0.69375 0.755556 0.692187 0.758333 0.692187 0.761111 0.690625 0.763889 0.690625 0.766667 0.689062 0.769444 0.689062 0.772222 0.684375 0.780556 0.684375 0.783333 0.682813 0.786111 0.682813 0.788889 0.678125 0.797222 0.678125 0.8 0.675 0.805556 0.675 0.808333 0.671875 0.813889 0.671875 0.816667 0.670313 0.819444 0.670313 0.822222 0.665625 0.830556 0.665625 0.833333 0.659375 0.844444 0.659375 0.847222 0.651563 0.861111 0.651563 0.863889 0.645312 0.875 0.645312 0.877778 0.642187 0.883333 0.640625 0.883333 0.640625 0.888889 0.634375 0.9 0.634375 0.902778 0.632812 0.905556 0.632812 0.908333 0.63125 0.911111 0.63125 0.913889 0.629687 0.916667 0.629687 0.919444 0.628125 0.922222 0.628125 0.944444 0.63125 0.95 0.63125 0.952778 0.634375 0.958333 0.635938 0.958333 0.6375 0.961111 0.642187 0.961111 0.64375 0.958333 0.65625 0.958333 0.657812 0.961111 0.660937 0.961111 0.6625 0.958333 0.665625 0.958333 0.667188 0.961111 0.675 0.961111 0.676562 0.963889 0.679688 0.963889 0.68125 0.966667 0.689062 0.966667 0.692187 0.972222 0.692187 0.980556 0.845312 0.980556 0.845312 0.969444 0.848437 0.963889 0.85 0.963889 0.851562 0.961111 0.854688 0.961111 0.85625 0.958333 0.857813 0.958333 0.859375 0.955556 0.860937 0.955556 0.8625 0.952778 0.864062 0.952778 0.865625 0.95 0.867188 0.95 0.86875 0.947222 0.870313 0.947222 0.873438 0.941667 0.875 0.941667 0.876562 0.938889 0.878125 0.938889 0.884375 0.927778 0.885938 0.927778 0.885938 0.925 0.889063 0.919444 0.889063 0.916667 0.890625 0.913889 0.890625 0.880556 0.892187 0.877778 0.892187 0.811111 0.89375 0.808333 0.89375 0.786111 0.895312 0.783333 0.895312 0.769444 0.896875 0.766667 0.896875 0.758333 0.898438 0.755556 0.898438 0.733333 0.9 0.730556 0.9 0.705556 0.901563 0.702778 0.901563 0.683333 0.9 0.680556 0.9 0.605556 0.901563 0.602778 0.901563 0.541667 0.903125 0.538889 0.903125 0.505556 0.904688 0.502778 0.904688 0.458333 0.90625 0.455556 0.90625 0.430556 0.907812 0.427778 0.907812 0.355556 0.909375 0.352778 0.909375 0.325 0.910937 0.322222 0.910937 0.294444 0.9125 0.291667 0.9125 0.275 0.914062 0.272222 0.914062 0.266667 0.915625 0.263889 0.920313 0.263889 0.920313 0.0888889 0.914062 0.0888889 0.9125 0.0861111 0.910937 0.0861111 0.909375 0.0833333 0.9 0.0833333 0.898438 0.0805556 0.882812 0.0805556 0.88125 0.0777778 0.86875 0.0777778 0.867188 0.075 0.84375 0.075 0.842188 0.0722222 0.81875 0.0722222 0.817187 0.0694444 0.779688 0.0694444 0.778125 0.0666667 0.746875 0.0666667 0.745313 0.0638889 0.646875 0.0638889 0.645312 0.0611111 0.621875 0.0611111 0.620313 0.0583333 0.590625 0.0583333 0.589063 0.0555556 0.534375 0.0555556 0.532812 0.0527778 0.53125 0.0555556 0.520312 0.0555556 0.51875 0.0527778 0.48125 0.0527778 0.479688 0.05 0.46875 0.05 0.467187 0.0472222 0.467187 0.0388889 0.621735
62 0.003125 0.216667 0.003125 0.683333 0.009375 0.683333 0.0125 0.688889 0.0125 0.691667 0.0171875 0.7 0.0171875 0.702778 0.01875 0.705556 0.01875 0.713889 0.0203125 0.716667 0.0203125 0.719444 0.01875 0.722222 0.01875 0.727778 0.0171875 0.730556 0.0171875 0.733333 0.015625 0.736111 0.015625 0.75 0.0140625 0.752778 0.0140625 0.758333 0.0125 0.761111 0.0125 0.763889 0.0109375 0.766667 0.0109375 0.769444 0.0078125 0.775 0.003125 0.775 0.003125 0.813889 0.05625 0.813889 0.05625 0.805556 0.0578125 0.802778 0.0640625 0.802778 0.065625 0.8 0.0796875 0.8 0.08125 0.797222 0.090625 0.797222 0.0921875 0.794444 0.096875 0.794444 0.0984375 0.791667 0.103125 0.791667 0.104687 0.788889 0.110937 0.788889 0.1125 0.786111 0.120312 0.786111 0.121875 0.783333 0.126563 0.783333 0.126563 0.6 0.120312 0.6 0.11875 0.597222 0.11875 0.594444 0.117188 0.591667 0.11875 0.588889 0.11875 0.577778 0.117188 0.575 0.117188 0.569444 0.11875 0.566667 0.11875 0.563889 0.120312 0.561111 0.120312 0.558333 0.11875 0.555556 0.11875 0.55 0.117188 0.547222 0.117188 0.530556 0.115625 0.527778 0.115625 0.516667 0.117188 0.513889 0.117188 0.508333 0.11875 0.505556 0.11875 0.488889 0.117188 0.486111 0.117188 0.472222 0.115625 0.469444 0.115625 0.463889 0.114063 0.461111 0.114063 0.455556 0.1125 0.452778 0.1125 0.444444 0.110937 0.441667 0.110937 0.433333 0.1125 0.430556 0.1125 0.422222 0.114063 0.419444 0.114063 0.416667 0.115625 0.413889 0.115625 0.411111 0.117188 0.408333 0.117188 0.4 0.11875 0.397222 0.11875 0.286111 0.120312 0.283333 0.120312 0.252778 0.121875 0.25 0.126563 0.25 0.121875 0.25 0.11875 0.244444 0.11875 0.241667 0.117188 0.238889 0.117188 0.236111 0.115625 0.236111 0.1125 0.230556 0.110937 0.230556 0.109375 0.227778 0.107813 0.227778 0.10625 0.225 0.10625 0.216667 0.30778
0 0.648438 0.683333 0.648438 0.694444 0.629687 0.727778 0.629687 0.730556 0.609375 0.766667 0.607813 0.766667 0.604688 0.772222 0.603125 0.772222 0.596875 0.783333 0.595312 0.783333 0.59375 0.786111 0.592188 0.786111 0.582812 0.802778 0.58125 0.802778 0.578125 0.808333 0.576563 0.808333 0.575 0.811111 0.573438 0.811111 0.56875 0.819444 0.567187 0.819444 0.565625 0.822222 0.564062 0.822222 0.560938 0.827778 0.557813 0.827778 0.55625 0.830556 0.553125 0.830556 0.551562 0.833333 0.548437 0.833333 0.546875 0.836111 0.54375 0.836111 0.542188 0.838889 0.5375 0.838889 0.535937 0.841667 0.51875 0.841667 0.517187 0.838889 0.510938 0.838889 0.509375 0.841667 0.5 0.841667 0.498437 0.844444 0.49375 0.844444 0.492188 0.847222 0.489062 0.847222 0.4875 0.85 0.485938 0.85 0.484375 0.852778 0.48125 0.852778 0.479688 0.855556 0.475 0.855556 0.473437 0.858333 0.445312 0.858333 0.44375 0.861111 0.439063 0.861111 0.435937 0.866667 0.434375 0.866667 0.432813 0.869444 0.43125 0.869444 0.429688 0.872222 0.428125 0.872222 0.426562 0.875 0.425 0.875 0.41875 0.886111 0.417188 0.886111 0.407813 0.902778 0.407813 0.905556 0.401563 0.916667 0.401563 0.919444 0.398438 0.925 0.398438 0.927778 0.390625 0.941667 0.390625 0.944444 0.385938 0.952778 0.385938 0.955556 0.382812 0.961111 0.378125 0.961111 0.378125 1 0.634375 1 0.634375 0.994444 0.632812 0.991667 0.632812 0.988889 0.63125 0.986111 0.63125 0.975 0.629687 0.972222 0.629687 0.958333 0.628125 0.955556 0.628125 0.95 0.626562 0.947222 0.626562 0.938889 0.625 0.936111 0.625 0.922222 0.626562 0.919444 0.626562 0.913889 0.628125 0.911111 0.628125 0.908333 0.629687 0.905556 0.629687 0.902778 0.63125 0.9 0.63125 0.897222 0.6375 0.886111 0.6375 0.883333 0.653125 0.855556 0.653125 0.852778 0.657812 0.844444 0.657812 0.841667 0.664062 0.830556 0.664062 0.827778 0.665625 0.825 0.665625 0.822222 0.66875 0.816667 0.66875 0.813889 0.670313 0.811111 0.670313 0.808333 0.675 0.8 0.675 0.797222 0.679688 0.788889 0.679688 0.786111 0.68125 0.783333 0.68125 0.780556 0.6875 0.769444 0.6875 0.766667 0.689062 0.763889 0.689062 0.761111 0.690625 0.758333 0.690625 0.755556 0.692187 0.752778 0.692187 0.75 0.69375 0.747222 0.69375 0.744444 0.695312 0.741667 0.695312 0.736111 0.696875 0.733333 0.696875 0.725 0.698438 0.722222 0.698438 0.683333 0.848536
62 0.1625 0.0388889 0.1625 0.05 0.160938 0.0527778 0.160938 0.0722222 0.159375 0.075 0.159375 0.111111 0.157813 0.113889 0.153125 0.113889 0.153125 0.841667 0.159375 0.841667 0.160938 0.844444 0.1625 0.844444 0.171875 0.861111 0.173438 0.861111 0.175 0.863889 0.176563 0.863889 0.184375 0.877778 0.185937 0.877778 0.1875 0.880556 0.190625 0.880556 0.192188 0.883333 0.19375 0.883333 0.195312 0.886111 0.2 0.886111 0.201562 0.888889 0.20625 0.888889 0.207813 0.891667 0.217187 0.891667 0.21875 0.894444 0.226562 0.894444 0.228125 0.897222 0.246875 0.897222 0.248437 0.9 0.260938 0.9 0.2625 0.902778 0.271875 0.902778 0.273438 0.905556 0.282813 0.905556 0.284375 0.908333 0.295312 0.908333 0.296875 0.911111 0.309375 0.911111 0.310937 0.913889 0.321875 0.913889 0.323438 0.916667 0.340625 0.916667 0.342187 0.919444 0.351562 0.919444 0.353125 0.922222 0.357812 0.922222 0.359375 0.925 0.364062 0.925 0.367188 0.930556 0.36875 0.930556 0.370313 0.933333 0.376563 0.933333 0.378125 0.936111 0.379687 0.936111 0.382812 0.941667 0.385938 0.936111 0.389062 0.936111 0.389062 0.933333 0.392188 0.927778 0.39375 0.927778 0.395312 0.925 0.395312 0.922222 0.396875 0.919444 0.396875 0.916667 0.401563 0.908333 0.401563 0.905556 0.410937 0.888889 0.410937 0.886111 0.420312 0.869444 0.423438 0.869444 0.425 0.866667 0.428125 0.866667 0.43125 0.861111 0.432813 0.861111 0.434375 0.858333 0.435937 0.858333 0.4375 0.855556 0.440625 0.855556 0.442187 0.852778 0.446875 0.852778 0.448438 0.85 0.457812 0.85 0.459375 0.847222 0.478125 0.847222 0.479688 0.844444 0.48125 0.844444 0.482812 0.841667 0.484375 0.841667 0.492188 0.827778 0.49375 0.827778 0.495313 0.825 0.503125 0.825 0.504687 0.827778 0.529688 0.827778 0.53125 0.830556 0.534375 0.830556 0.535937 0.827778 0.546875 0.827778 0.548437 0.825 0.554688 0.825 0.55625 0.822222 0.559375 0.822222 0.5625 0.816667 0.565625 0.816667 0.567187 0.813889 0.570312 0.813889 0.575 0.805556 0.576563 0.805556 0.578125 0.802778 0.579687 0.802778 0.582812 0.797222 0.584375 0.797222 0.592188 0.783333 0.595312 0.783333 0.596875 0.780556 0.596875 0.777778 0.604688 0.763889 0.60625 0.763889 0.607813 0.761111 0.609375 0.761111 0.61875 0.744444 0.620313 0.744444 0.626562 0.733333 0.626562 0.730556 0.646875 0.694444 0.648438 0.694444 0.651563 0.688889 0.653125 0.688889 0.654688 0.686111 0.65625 0.686111 0.657812 0.683333 0.6625 0.683333 0.664062 0.680556 0.690625 0.680556 0.692187 0.683333 0.69375 0.683333 0.698438 0.691667 0.698438 0.694444 0.7 0.697222 0.7 0.702778 0.701563 0.705556 0.701563 0.716667 0.7 0.719444 0.7 0.730556 0.698438 0.733333 0.698438 0.736111 0.696875 0.738889 0.696875 0.741667 0.695312 0.744444 0.695312 0.75 0.69375 0.752778 0.69375 0.755556 0.692187 0.758333 0.692187 0.761111 0.690625 0.763889 0.690625 0.766667 0.689062 0.769444 0.689062 0.772222 0.684375 0.780556 0.684375 0.783333 0.682813 0.786111 0.682813 0.788889 0.678125 0.797222 0.678125 0.8 0.675 0.805556 0.675 0.808333 0.671875 0.813889 0.671875 0.816667 0.670313 0.819444 0.670313 0.822222 0.665625 0.830556 0.665625 0.833333 0.659375 0.844444 0.659375 0.847222 0.651563 0.861111 0.651563 0.863889 0.645312 0.875 0.645312 0.877778 0.642187 0.883333 0.640625 0.883333 0.640625 0.888889 0.634375 0.9 0.634375 0.902778 0.632812 0.905556 0.632812 0.908333 0.63125 0.911111 0.63125 0.913889 0.629687 0.916667 0.629687 0.919444 0.628125 0.922222 0.628125 0.944444 0.63125 0.95 0.63125 0.952778 0.634375 0.958333 0.635938 0.958333 0.6375 0.961111 0.642187 0.961111 0.64375 0.958333 0.65625 0.958333 0.657812 0.961111 0.660937 0.961111 0.6625 0.958333 0.665625 0.958333 0.667188 0.961111 0.675 0.961111 0.676562 0.963889 0.679688 0.963889 0.68125 0.966667 0.689062 0.966667 0.692187 0.972222 0.692187 0.980556 0.845312 0.980556 0.845312 0.969444 0.848437 0.963889 0.85 0.963889 0.851562 0.961111 0.854688 0.961111 0.85625 0.958333 0.857813 0.958333 0.859375 0.955556 0.860937 0.955556 0.8625 0.952778 0.864062 0.952778 0.865625 0.95 0.867188 0.95 0.86875 0.947222 0.870313 0.947222 0.873438 0.941667 0.875 0.941667 0.876562 0.938889 0.878125 0.938889 0.884375 0.927778 0.885938 0.927778 0.885938 0.925 0.889063 0.919444 0.889063 0.916667 0.890625 0.913889 0.890625 0.880556 0.892187 0.877778 0.892187 0.811111 0.89375 0.808333 0.89375 0.786111 0.895312 0.783333 0.895312 0.769444 0.896875 0.766667 0.896875 0.758333 0.898438 0.755556 0.898438 0.733333 0.9 0.730556 0.9 0.705556 0.901563 0.702778 0.901563 0.683333 0.9 0.680556 0.9 0.605556 0.901563 0.602778 0.901563 0.541667 0.903125 0.538889 0.903125 0.505556 0.904688 0.502778 0.904688 0.458333 0.90625 0.455556 0.90625 0.430556 0.907812 0.427778 0.907812 0.355556 0.909375 0.352778 0.909375 0.325 0.910937 0.322222 0.910937 0.294444 0.9125 0.291667 0.9125 0.275 0.914062 0.272222 0.914062 0.266667 0.915625 0.263889 0.920313 0.263889 0.920313 0.0888889 0.914062 0.0888889 0.9125 0.0861111 0.910937 0.0861111 0.909375 0.0833333 0.9 0.0833333 0.898438 0.0805556 0.882812 0.0805556 0.88125 0.0777778 0.86875 0.0777778 0.867188 0.075 0.84375 0.075 0.842188 0.0722222 0.81875 0.0722222 0.817187 0.0694444 0.779688 0.0694444 0.778125 0.0666667 0.746875 0.0666667 0.745313 0.0638889 0.646875 0.0638889 0.645312 0.0611111 0.621875 0.0611111 0.620313 0.0583333 0.590625 0.0583333 0.589063 0.0555556 0.534375 0.0555556 0.532812 0.0527778 0.53125 0.0555556 0.520312 0.0555556 0.51875 0.0527778 0.48125 0.0527778 0.479688 0.05 0.46875 0.05 0.467187 0.0472222 0.467187 0.0388889 0.621735
62 0.003125 0.216667 0.003125 0.683333 0.009375 0.683333 0.0125 0.688889 0.0125 0.691667 0.0171875 0.7 0.0171875 0.702778 0.01875 0.705556 0.01875 0.713889 0.0203125 0.716667 0.0203125 0.719444 0.01875 0.722222 0.01875 0.727778 0.0171875 0.730556 0.0171875 0.733333 0.015625 0.736111 0.015625 0.75 0.0140625 0.752778 0.0140625 0.758333 0.0125 0.761111 0.0125 0.763889 0.0109375 0.766667 0.0109375 0.769444 0.0078125 0.775 0.003125 0.775 0.003125 0.813889 0.05625 0.813889 0.05625 0.805556 0.0578125 0.802778 0.0640625 0.802778 0.065625 0.8 0.0796875 0.8 0.08125 0.797222 0.090625 0.797222 0.0921875 0.794444 0.096875 0.794444 0.0984375 0.791667 0.103125 0.791667 0.104687 0.788889 0.110937 0.788889 0.1125 0.786111 0.120312 0.786111 0.121875 0.783333 0.126563 0.783333 0.126563 0.6 0.120312 0.6 0.11875 0.597222 0.11875 0.594444 0.117188 0.591667 0.11875 0.588889 0.11875 0.577778 0.117188 0.575 0.117188 0.569444 0.11875 0.566667 0.11875 0.563889 0.120312 0.561111 0.120312 0.558333 0.11875 0.555556 0.11875 0.55 0.117188 0.547222 0.117188 0.530556 0.115625 0.527778 0.115625 0.516667 0.117188 0.513889 0.117188 0.508333 0.11875 0.505556 0.11875 0.488889 0.117188 0.486111 0.117188 0.472222 0.115625 0.469444 0.115625 0.463889 0.114063 0.461111 0.114063 0.455556 0.1125 0.452778 0.1125 0.444444 0.110937 0.441667 0.110937 0.433333 0.1125 0.430556 0.1125 0.422222 0.114063 0.419444 0.114063 0.416667 0.115625 0.413889 0.115625 0.411111 0.117188 0.408333 0.117188 0.4 0.11875 0.397222 0.11875 0.286111 0.120312 0.283333 0.120312 0.252778 0.121875 0.25 0.126563 0.25 0.121875 0.25 0.11875 0.244444 0.11875 0.241667 0.117188 0.238889 0.117188 0.236111 0.115625 0.236111 0.1125 0.230556 0.110937 0.230556 0.109375 0.227778 0.107813 0.227778 0.10625 0.225 0.10625 0.216667 0.30778
0 0.648438 0.683333 0.648438 0.694444 0.629687 0.727778 0.629687 0.730556 0.609375 0.766667 0.607813 0.766667 0.604688 0.772222 0.603125 0.772222 0.596875 0.783333 0.595312 0.783333 0.59375 0.786111 0.592188 0.786111 0.582812 0.802778 0.58125 0.802778 0.578125 0.808333 0.576563 0.808333 0.575 0.811111 0.573438 0.811111 0.56875 0.819444 0.567187 0.819444 0.565625 0.822222 0.564062 0.822222 0.560938 0.827778 0.557813 0.827778 0.55625 0.830556 0.553125 0.830556 0.551562 0.833333 0.548437 0.833333 0.546875 0.836111 0.54375 0.836111 0.542188 0.838889 0.5375 0.838889 0.535937 0.841667 0.51875 0.841667 0.517187 0.838889 0.510938 0.838889 0.509375 0.841667 0.5 0.841667 0.498437 0.844444 0.49375 0.844444 0.492188 0.847222 0.489062 0.847222 0.4875 0.85 0.485938 0.85 0.484375 0.852778 0.48125 0.852778 0.479688 0.855556 0.475 0.855556 0.473437 0.858333 0.445312 0.858333 0.44375 0.861111 0.439063 0.861111 0.435937 0.866667 0.434375 0.866667 0.432813 0.869444 0.43125 0.869444 0.429688 0.872222 0.428125 0.872222 0.426562 0.875 0.425 0.875 0.41875 0.886111 0.417188 0.886111 0.407813 0.902778 0.407813 0.905556 0.401563 0.916667 0.401563 0.919444 0.398438 0.925 0.398438 0.927778 0.390625 0.941667 0.390625 0.944444 0.385938 0.952778 0.385938 0.955556 0.382812 0.961111 0.378125 0.961111 0.378125 1 0.634375 1 0.634375 0.994444 0.632812 0.991667 0.632812 0.988889 0.63125 0.986111 0.63125 0.975 0.629687 0.972222 0.629687 0.958333 0.628125 0.955556 0.628125 0.95 0.626562 0.947222 0.626562 0.938889 0.625 0.936111 0.625 0.922222 0.626562 0.919444 0.626562 0.913889 0.628125 0.911111 0.628125 0.908333 0.629687 0.905556 0.629687 0.902778 0.63125 0.9 0.63125 0.897222 0.6375 0.886111 0.6375 0.883333 0.653125 0.855556 0.653125 0.852778 0.657812 0.844444 0.657812 0.841667 0.664062 0.830556 0.664062 0.827778 0.665625 0.825 0.665625 0.822222 0.66875 0.816667 0.66875 0.813889 0.670313 0.811111 0.670313 0.808333 0.675 0.8 0.675 0.797222 0.679688 0.788889 0.679688 0.786111 0.68125 0.783333 0.68125 0.780556 0.6875 0.769444 0.6875 0.766667 0.689062 0.763889 0.689062 0.761111 0.690625 0.758333 0.690625 0.755556 0.692187 0.752778 0.692187 0.75 0.69375 0.747222 0.69375 0.744444 0.695312 0.741667 0.695312 0.736111 0.696875 0.733333 0.696875 0.725 0.698438 0.722222 0.698438 0.683333 0.848536
62 0.1625 0.0388889 0.1625 0.05 0.160938 0.0527778 0.160938 0.0722222 0.159375 0.075 0.159375 0.111111 0.157813 0.113889 0.153125 0.113889 0.153125 0.841667 0.159375 0.841667 0.160938 0.844444 0.1625 0.844444 0.171875 0.861111 0.173438 0.861111 0.175 0.863889 0.176563 0.863889 0.184375 0.877778 0.185937 0.877778 0.1875 0.880556 0.190625 0.880556 0.192188 0.883333 0.19375 0.883333 0.195312 0.886111 0.2 0.886111 0.201562 0.888889 0.20625 0.888889 0.207813 0.891667 0.217187 0.891667 0.21875 0.894444 0.226562 0.894444 0.228125 0.897222 0.246875 0.897222 0.248437 0.9 0.260938 0.9 0.2625 0.902778 0.271875 0.902778 0.273438 0.905556 0.282813 0.905556 0.284375 0.908333 0.295312 0.908333 0.296875 0.911111 0.309375 0.911111 0.310937 0.913889 0.321875 0.913889 0.323438 0.916667 0.340625 0.916667 0.342187 0.919444 0.351562 0.919444 0.353125 0.922222 0.357812 0.922222 0.359375 0.925 0.364062 0.925 0.367188 0.930556 0.36875 0.930556 0.370313 0.933333 0.376563 0.933333 0.378125 0.936111 0.379687 0.936111 0.382812 0.941667 0.385938 0.936111 0.389062 0.936111 0.389062 0.933333 0.392188 0.927778 0.39375 0.927778 0.395312 0.925 0.395312 0.922222 0.396875 0.919444 0.396875 0.916667 0.401563 0.908333 0.401563 0.905556 0.410937 0.888889 0.410937 0.886111 0.420312 0.869444 0.423438 0.869444 0.425 0.866667 0.428125 0.866667 0.43125 0.861111 0.432813 0.861111 0.434375 0.858333 0.435937 0.858333 0.4375 0.855556 0.440625 0.855556 0.442187 0.852778 0.446875 0.852778 0.448438 0.85 0.457812 0.85 0.459375 0.847222 0.478125 0.847222 0.479688 0.844444 0.48125 0.844444 0.482812 0.841667 0.484375 0.841667 0.492188 0.827778 0.49375 0.827778 0.495313 0.825 0.503125 0.825 0.504687 0.827778 0.529688 0.827778 0.53125 0.830556 0.534375 0.830556 0.535937 0.827778 0.546875 0.827778 0.548437 0.825 0.554688 0.825 0.55625 0.822222 0.559375 0.822222 0.5625 0.816667 0.565625 0.816667 0.567187 0.813889 0.570312 0.813889 0.575 0.805556 0.576563 0.805556 0.578125 0.802778 0.579687 0.802778 0.582812 0.797222 0.584375 0.797222 0.592188 0.783333 0.595312 0.783333 0.596875 0.780556 0.596875 0.777778 0.604688 0.763889 0.60625 0.763889 0.607813 0.761111 0.609375 0.761111 0.61875 0.744444 0.620313 0.744444 0.626562 0.733333 0.626562 0.730556 0.646875 0.694444 0.648438 0.694444 0.651563 0.688889 0.653125 0.688889 0.654688 0.686111 0.65625 0.686111 0.657812 0.683333 0.6625 0.683333 0.664062 0.680556 0.690625 0.680556 0.692187 0.683333 0.69375 0.683333 0.698438 0.691667 0.698438 0.694444 0.7 0.697222 0.7 0.702778 0.701563 0.705556 0.701563 0.716667 0.7 0.719444 0.7 0.730556 0.698438 0.733333 0.698438 0.736111 0.696875 0.738889 0.696875 0.741667 0.695312 0.744444 0.695312 0.75 0.69375 0.752778 0.69375 0.755556 0.692187 0.758333 0.692187 0.761111 0.690625 0.763889 0.690625 0.766667 0.689062 0.769444 0.689062 0.772222 0.684375 0.780556 0.684375 0.783333 0.682813 0.786111 0.682813 0.788889 0.678125 0.797222 0.678125 0.8 0.675 0.805556 0.675 0.808333 0.671875 0.813889 0.671875 0.816667 0.670313 0.819444 0.670313 0.822222 0.665625 0.830556 0.665625 0.833333 0.659375 0.844444 0.659375 0.847222 0.651563 0.861111 0.651563 0.863889 0.645312 0.875 0.645312 0.877778 0.642187 0.883333 0.640625 0.883333 0.640625 0.888889 0.634375 0.9 0.634375 0.902778 0.632812 0.905556 0.632812 0.908333 0.63125 0.911111 0.63125 0.913889 0.629687 0.916667 0.629687 0.919444 0.628125 0.922222 0.628125 0.944444 0.63125 0.95 0.63125 0.952778 0.634375 0.958333 0.635938 0.958333 0.6375 0.961111 0.642187 0.961111 0.64375 0.958333 0.65625 0.958333 0.657812 0.961111 0.660937 0.961111 0.6625 0.958333 0.665625 0.958333 0.667188 0.961111 0.675 0.961111 0.676562 0.963889 0.679688 0.963889 0.68125 0.966667 0.689062 0.966667 0.692187 0.972222 0.692187 0.980556 0.845312 0.980556 0.845312 0.969444 0.848437 0.963889 0.85 0.963889 0.851562 0.961111 0.854688 0.961111 0.85625 0.958333 0.857813 0.958333 0.859375 0.955556 0.860937 0.955556 0.8625 0.952778 0.864062 0.952778 0.865625 0.95 0.867188 0.95 0.86875 0.947222 0.870313 0.947222 0.873438 0.941667 0.875 0.941667 0.876562 0.938889 0.878125 0.938889 0.884375 0.927778 0.885938 0.927778 0.885938 0.925 0.889063 0.919444 0.889063 0.916667 0.890625 0.913889 0.890625 0.880556 0.892187 0.877778 0.892187 0.811111 0.89375 0.808333 0.89375 0.786111 0.895312 0.783333 0.895312 0.769444 0.896875 0.766667 0.896875 0.758333 0.898438 0.755556 0.898438 0.733333 0.9 0.730556 0.9 0.705556 0.901563 0.702778 0.901563 0.683333 0.9 0.680556 0.9 0.605556 0.901563 0.602778 0.901563 0.541667 0.903125 0.538889 0.903125 0.505556 0.904688 0.502778 0.904688 0.458333 0.90625 0.455556 0.90625 0.430556 0.907812 0.427778 0.907812 0.355556 0.909375 0.352778 0.909375 0.325 0.910937 0.322222 0.910937 0.294444 0.9125 0.291667 0.9125 0.275 0.914062 0.272222 0.914062 0.266667 0.915625 0.263889 0.920313 0.263889 0.920313 0.0888889 0.914062 0.0888889 0.9125 0.0861111 0.910937 0.0861111 0.909375 0.0833333 0.9 0.0833333 0.898438 0.0805556 0.882812 0.0805556 0.88125 0.0777778 0.86875 0.0777778 0.867188 0.075 0.84375 0.075 0.842188 0.0722222 0.81875 0.0722222 0.817187 0.0694444 0.779688 0.0694444 0.778125 0.0666667 0.746875 0.0666667 0.745313 0.0638889 0.646875 0.0638889 0.645312 0.0611111 0.621875 0.0611111 0.620313 0.0583333 0.590625 0.0583333 0.589063 0.0555556 0.534375 0.0555556 0.532812 0.0527778 0.53125 0.0555556 0.520312 0.0555556 0.51875 0.0527778 0.48125 0.0527778 0.479688 0.05 0.46875 0.05 0.467187 0.0472222 0.467187 0.0388889 0.621735
62 0.003125 0.216667 0.003125 0.683333 0.009375 0.683333 0.0125 0.688889 0.0125 0.691667 0.0171875 0.7 0.0171875 0.702778 0.01875 0.705556 0.01875 0.713889 0.0203125 0.716667 0.0203125 0.719444 0.01875 0.722222 0.01875 0.727778 0.0171875 0.730556 0.0171875 0.733333 0.015625 0.736111 0.015625 0.75 0.0140625 0.752778 0.0140625 0.758333 0.0125 0.761111 0.0125 0.763889 0.0109375 0.766667 0.0109375 0.769444 0.0078125 0.775 0.003125 0.775 0.003125 0.813889 0.05625 0.813889 0.05625 0.805556 0.0578125 0.802778 0.0640625 0.802778 0.065625 0.8 0.0796875 0.8 0.08125 0.797222 0.090625 0.797222 0.0921875 0.794444 0.096875 0.794444 0.0984375 0.791667 0.103125 0.791667 0.104687 0.788889 0.110937 0.788889 0.1125 0.786111 0.120312 0.786111 0.121875 0.783333 0.126563 0.783333 0.126563 0.6 0.120312 0.6 0.11875 0.597222 0.11875 0.594444 0.117188 0.591667 0.11875 0.588889 0.11875 0.577778 0.117188 0.575 0.117188 0.569444 0.11875 0.566667 0.11875 0.563889 0.120312 0.561111 0.120312 0.558333 0.11875 0.555556 0.11875 0.55 0.117188 0.547222 0.117188 0.530556 0.115625 0.527778 0.115625 0.516667 0.117188 0.513889 0.117188 0.508333 0.11875 0.505556 0.11875 0.488889 0.117188 0.486111 0.117188 0.472222 0.115625 0.469444 0.115625 0.463889 0.114063 0.461111 0.114063 0.455556 0.1125 0.452778 0.1125 0.444444 0.110937 0.441667 0.110937 0.433333 0.1125 0.430556 0.1125 0.422222 0.114063 0.419444 0.114063 0.416667 0.115625 0.413889 0.115625 0.411111 0.117188 0.408333 0.117188 0.4 0.11875 0.397222 0.11875 0.286111 0.120312 0.283333 0.120312 0.252778 0.121875 0.25 0.126563 0.25 0.121875 0.25 0.11875 0.244444 0.11875 0.241667 0.117188 0.238889 0.117188 0.236111 0.115625 0.236111 0.1125 0.230556 0.110937 0.230556 0.109375 0.227778 0.107813 0.227778 0.10625 0.225 0.10625 0.216667 0.30778
0 0.648438 0.683333 0.648438 0.694444 0.629687 0.727778 0.629687 0.730556 0.609375 0.766667 0.607813 0.766667 0.604688 0.772222 0.603125 0.772222 0.596875 0.783333 0.595312 0.783333 0.59375 0.786111 0.592188 0.786111 0.582812 0.802778 0.58125 0.802778 0.578125 0.808333 0.576563 0.808333 0.575 0.811111 0.573438 0.811111 0.56875 0.819444 0.567187 0.819444 0.565625 0.822222 0.564062 0.822222 0.560938 0.827778 0.557813 0.827778 0.55625 0.830556 0.553125 0.830556 0.551562 0.833333 0.548437 0.833333 0.546875 0.836111 0.54375 0.836111 0.542188 0.838889 0.5375 0.838889 0.535937 0.841667 0.51875 0.841667 0.517187 0.838889 0.510938 0.838889 0.509375 0.841667 0.5 0.841667 0.498437 0.844444 0.49375 0.844444 0.492188 0.847222 0.489062 0.847222 0.4875 0.85 0.485938 0.85 0.484375 0.852778 0.48125 0.852778 0.479688 0.855556 0.475 0.855556 0.473437 0.858333 0.445312 0.858333 0.44375 0.861111 0.439063 0.861111 0.435937 0.866667 0.434375 0.866667 0.432813 0.869444 0.43125 0.869444 0.429688 0.872222 0.428125 0.872222 0.426562 0.875 0.425 0.875 0.41875 0.886111 0.417188 0.886111 0.407813 0.902778 0.407813 0.905556 0.401563 0.916667 0.401563 0.919444 0.398438 0.925 0.398438 0.927778 0.390625 0.941667 0.390625 0.944444 0.385938 0.952778 0.385938 0.955556 0.382812 0.961111 0.378125 0.961111 0.378125 1 0.634375 1 0.634375 0.994444 0.632812 0.991667 0.632812 0.988889 0.63125 0.986111 0.63125 0.975 0.629687 0.972222 0.629687 0.958333 0.628125 0.955556 0.628125 0.95 0.626562 0.947222 0.626562 0.938889 0.625 0.936111 0.625 0.922222 0.626562 0.919444 0.626562 0.913889 0.628125 0.911111 0.628125 0.908333 0.629687 0.905556 0.629687 0.902778 0.63125 0.9 0.63125 0.897222 0.6375 0.886111 0.6375 0.883333 0.653125 0.855556 0.653125 0.852778 0.657812 0.844444 0.657812 0.841667 0.664062 0.830556 0.664062 0.827778 0.665625 0.825 0.665625 0.822222 0.66875 0.816667 0.66875 0.813889 0.670313 0.811111 0.670313 0.808333 0.675 0.8 0.675 0.797222 0.679688 0.788889 0.679688 0.786111 0.68125 0.783333 0.68125 0.780556 0.6875 0.769444 0.6875 0.766667 0.689062 0.763889 0.689062 0.761111 0.690625 0.758333 0.690625 0.755556 0.692187 0.752778 0.692187 0.75 0.69375 0.747222 0.69375 0.744444 0.695312 0.741667 0.695312 0.736111 0.696875 0.733333 0.696875 0.725 0.698438 0.722222 0.698438 0.683333 0.848536
62 0.1625 0.0388889 0.1625 0.05 0.160938 0.0527778 0.160938 0.0722222 0.159375 0.075 0.159375 0.111111 0.157813 0.113889 0.153125 0.113889 0.153125 0.841667 0.159375 0.841667 0.160938 0.844444 0.1625 0.844444 0.171875 0.861111 0.173438 0.861111 0.175 0.863889 0.176563 0.863889 0.184375 0.877778 0.185937 0.877778 0.1875 0.880556 0.190625 0.880556 0.192188 0.883333 0.19375 0.883333 0.195312 0.886111 0.2 0.886111 0.201562 0.888889 0.20625 0.888889 0.207813 0.891667 0.217187 0.891667 0.21875 0.894444 0.226562 0.894444 0.228125 0.897222 0.246875 0.897222 0.248437 0.9 0.260938 0.9 0.2625 0.902778 0.271875 0.902778 0.273438 0.905556 0.282813 0.905556 0.284375 0.908333 0.295312 0.908333 0.296875 0.911111 0.309375 0.911111 0.310937 0.913889 0.321875 0.913889 0.323438 0.916667 0.340625 0.916667 0.342187 0.919444 0.351562 0.919444 0.353125 0.922222 0.357812 0.922222 0.359375 0.925 0.364062 0.925 0.367188 0.930556 0.36875 0.930556 0.370313 0.933333 0.376563 0.933333 0.378125 0.936111 0.379687 0.936111 0.382812 0.941667 0.385938 0.936111 0.389062 0.936111 0.389062 0.933333 0.392188 0.927778 0.39375 0.927778 0.395312 0.925 0.395312 0.922222 0.396875 0.919444 0.396875 0.916667 0.401563 0.908333 0.401563 0.905556 0.410937 0.888889 0.410937 0.886111 0.420312 0.869444 0.423438 0.869444 0.425 0.866667 0.428125 0.866667 0.43125 0.861111 0.432813 0.861111 0.434375 0.858333 0.435937 0.858333 0.4375 0.855556 0.440625 0.855556 0.442187 0.852778 0.446875 0.852778 0.448438 0.85 0.457812 0.85 0.459375 0.847222 0.478125 0.847222 0.479688 0.844444 0.48125 0.844444 0.482812 0.841667 0.484375 0.841667 0.492188 0.827778 0.49375 0.827778 0.495313 0.825 0.503125 0.825 0.504687 0.827778 0.529688 0.827778 0.53125 0.830556 0.534375 0.830556 0.535937 0.827778 0.546875 0.827778 0.548437 0.825 0.554688 0.825 0.55625 0.822222 0.559375 0.822222 0.5625 0.816667 0.565625 0.816667 0.567187 0.813889 0.570312 0.813889 0.575 0.805556 0.576563 0.805556 0.578125 0.802778 0.579687 0.802778 0.582812 0.797222 0.584375 0.797222 0.592188 0.783333 0.595312 0.783333 0.596875 0.780556 0.596875 0.777778 0.604688 0.763889 0.60625 0.763889 0.607813 0.761111 0.609375 0.761111 0.61875 0.744444 0.620313 0.744444 0.626562 0.733333 0.626562 0.730556 0.646875 0.694444 0.648438 0.694444 0.651563 0.688889 0.653125 0.688889 0.654688 0.686111 0.65625 0.686111 0.657812 0.683333 0.6625 0.683333 0.664062 0.680556 0.690625 0.680556 0.692187 0.683333 0.69375 0.683333 0.698438 0.691667 0.698438 0.694444 0.7 0.697222 0.7 0.702778 0.701563 0.705556 0.701563 0.716667 0.7 0.719444 0.7 0.730556 0.698438 0.733333 0.698438 0.736111 0.696875 0.738889 0.696875 0.741667 0.695312 0.744444 0.695312 0.75 0.69375 0.752778 0.69375 0.755556 0.692187 0.758333 0.692187 0.761111 0.690625 0.763889 0.690625 0.766667 0.689062 0.769444 0.689062 0.772222 0.684375 0.780556 0.684375 0.783333 0.682813 0.786111 0.682813 0.788889 0.678125 0.797222 0.678125 0.8 0.675 0.805556 0.675 0.808333 0.671875 0.813889 0.671875 0.816667 0.670313 0.819444 0.670313 0.822222 0.665625 0.830556 0.665625 0.833333 0.659375 0.844444 0.659375 0.847222 0.651563 0.861111 0.651563 0.863889 0.645312 0.875 0.645312 0.877778 0.642187 0.883333 0.640625 0.883333 0.640625 0.888889 0.634375 0.9 0.634375 0.902778 0.632812 0.905556 0.632812 0.908333 0.63125 0.911111 0.63125 0.913889 0.629687 0.916667 0.629687 0.919444 0.628125 0.922222 0.628125 0.944444 0.63125 0.95 0.63125 0.952778 0.634375 0.958333 0.635938 0.958333 0.6375 0.961111 0.642187 0.961111 0.64375 0.958333 0.65625 0.958333 0.657812 0.961111 0.660937 0.961111 0.6625 0.958333 0.665625 0.958333 0.667188 0.961111 0.675 0.961111 0.676562 0.963889 0.679688 0.963889 0.68125 0.966667 0.689062 0.966667 0.692187 0.972222 0.692187 0.980556 0.845312 0.980556 0.845312 0.969444 0.848437 0.963889 0.85 0.963889 0.851562 0.961111 0.854688 0.961111 0.85625 0.958333 0.857813 0.958333 0.859375 0.955556 0.860937 0.955556 0.8625 0.952778 0.864062 0.952778 0.865625 0.95 0.867188 0.95 0.86875 0.947222 0.870313 0.947222 0.873438 0.941667 0.875 0.941667 0.876562 0.938889 0.878125 0.938889 0.884375 0.927778 0.885938 0.927778 0.885938 0.925 0.889063 0.919444 0.889063 0.916667 0.890625 0.913889 0.890625 0.880556 0.892187 0.877778 0.892187 0.811111 0.89375 0.808333 0.89375 0.786111 0.895312 0.783333 0.895312 0.769444 0.896875 0.766667 0.896875 0.758333 0.898438 0.755556 0.898438 0.733333 0.9 0.730556 0.9 0.705556 0.901563 0.702778 0.901563 0.683333 0.9 0.680556 0.9 0.605556 0.901563 0.602778 0.901563 0.541667 0.903125 0.538889 0.903125 0.505556 0.904688 0.502778 0.904688 0.458333 0.90625 0.455556 0.90625 0.430556 0.907812 0.427778 0.907812 0.355556 0.909375 0.352778 0.909375 0.325 0.910937 0.322222 0.910937 0.294444 0.9125 0.291667 0.9125 0.275 0.914062 0.272222 0.914062 0.266667 0.915625 0.263889 0.920313 0.263889 0.920313 0.0888889 0.914062 0.0888889 0.9125 0.0861111 0.910937 0.0861111 0.909375 0.0833333 0.9 0.0833333 0.898438 0.0805556 0.882812 0.0805556 0.88125 0.0777778 0.86875 0.0777778 0.867188 0.075 0.84375 0.075 0.842188 0.0722222 0.81875 0.0722222 0.817187 0.0694444 0.779688 0.0694444 0.778125 0.0666667 0.746875 0.0666667 0.745313 0.0638889 0.646875 0.0638889 0.645312 0.0611111 0.621875 0.0611111 0.620313 0.0583333 0.590625 0.0583333 0.589063 0.0555556 0.534375 0.0555556 0.532812 0.0527778 0.53125 0.0555556 0.520312 0.0555556 0.51875 0.0527778 0.48125 0.0527778 0.479688 0.05 0.46875 0.05 0.467187 0.0472222 0.467187 0.0388889 0.621735
62 0.003125 0.216667 0.003125 0.683333 0.009375 0.683333 0.0125 0.688889 0.0125 0.691667 0.0171875 0.7 0.0171875 0.702778 0.01875 0.705556 0.01875 0.713889 0.0203125 0.716667 0.0203125 0.719444 0.01875 0.722222 0.01875 0.727778 0.0171875 0.730556 0.0171875 0.733333 0.015625 0.736111 0.015625 0.75 0.0140625 0.752778 0.0140625 0.758333 0.0125 0.761111 0.0125 0.763889 0.0109375 0.766667 0.0109375 0.769444 0.0078125 0.775 0.003125 0.775 0.003125 0.813889 0.05625 0.813889 0.05625 0.805556 0.0578125 0.802778 0.0640625 0.802778 0.065625 0.8 0.0796875 0.8 0.08125 0.797222 0.090625 0.797222 0.0921875 0.794444 0.096875 0.794444 0.0984375 0.791667 0.103125 0.791667 0.104687 0.788889 0.110937 0.788889 0.1125 0.786111 0.120312 0.786111 0.121875 0.783333 0.126563 0.783333 0.126563 0.6 0.120312 0.6 0.11875 0.597222 0.11875 0.594444 0.117188 0.591667 0.11875 0.588889 0.11875 0.577778 0.117188 0.575 0.117188 0.569444 0.11875 0.566667 0.11875 0.563889 0.120312 0.561111 0.120312 0.558333 0.11875 0.555556 0.11875 0.55 0.117188 0.547222 0.117188 0.530556 0.115625 0.527778 0.115625 0.516667 0.117188 0.513889 0.117188 0.508333 0.11875 0.505556 0.11875 0.488889 0.117188 0.486111 0.117188 0.472222 0.115625 0.469444 0.115625 0.463889 0.114063 0.461111 0.114063 0.455556 0.1125 0.452778 0.1125 0.444444 0.110937 0.441667 0.110937 0.433333 0.1125 0.430556 0.1125 0.422222 0.114063 0.419444 0.114063 0.416667 0.115625 0.413889 0.115625 0.411111 0.117188 0.408333 0.117188 0.4 0.11875 0.397222 0.11875 0.286111 0.120312 0.283333 0.120312 0.252778 0.121875 0.25 0.126563 0.25 0.121875 0.25 0.11875 0.244444 0.11875 0.241667 0.117188 0.238889 0.117188 0.236111 0.115625 0.236111 0.1125 0.230556 0.110937 0.230556 0.109375 0.227778 0.107813 0.227778 0.10625 0.225 0.10625 0.216667 0.30778
0 0.648438 0.683333 0.648438 0.694444 0.629687 0.727778 0.629687 0.730556 0.609375 0.766667 0.607813 0.766667 0.604688 0.772222 0.603125 0.772222 0.596875 0.783333 0.595312 0.783333 0.59375 0.786111 0.592188 0.786111 0.582812 0.802778 0.58125 0.802778 0.578125 0.808333 0.576563 0.808333 0.575 0.811111 0.573438 0.811111 0.56875 0.819444 0.567187 0.819444 0.565625 0.822222 0.564062 0.822222 0.560938 0.827778 0.557813 0.827778 0.55625 0.830556 0.553125 0.830556 0.551562 0.833333 0.548437 0.833333 0.546875 0.836111 0.54375 0.836111 0.542188 0.838889 0.5375 0.838889 0.535937 0.841667 0.51875 0.841667 0.517187 0.838889 0.510938 0.838889 0.509375 0.841667 0.5 0.841667 0.498437 0.844444 0.49375 0.844444 0.492188 0.847222 0.489062 0.847222 0.4875 0.85 0.485938 0.85 0.484375 0.852778 0.48125 0.852778 0.479688 0.855556 0.475 0.855556 0.473437 0.858333 0.445312 0.858333 0.44375 0.861111 0.439063 0.861111 0.435937 0.866667 0.434375 0.866667 0.432813 0.869444 0.43125 0.869444 0.429688 0.872222 0.428125 0.872222 0.426562 0.875 0.425 0.875 0.41875 0.886111 0.417188 0.886111 0.407813 0.902778 0.407813 0.905556 0.401563 0.916667 0.401563 0.919444 0.398438 0.925 0.398438 0.927778 0.390625 0.941667 0.390625 0.944444 0.385938 0.952778 0.385938 0.955556 0.382812 0.961111 0.378125 0.961111 0.378125 1 0.634375 1 0.634375 0.994444 0.632812 0.991667 0.632812 0.988889 0.63125 0.986111 0.63125 0.975 0.629687 0.972222 0.629687 0.958333 0.628125 0.955556 0.628125 0.95 0.626562 0.947222 0.626562 0.938889 0.625 0.936111 0.625 0.922222 0.626562 0.919444 0.626562 0.913889 0.628125 0.911111 0.628125 0.908333 0.629687 0.905556 0.629687 0.902778 0.63125 0.9 0.63125 0.897222 0.6375 0.886111 0.6375 0.883333 0.653125 0.855556 0.653125 0.852778 0.657812 0.844444 0.657812 0.841667 0.664062 0.830556 0.664062 0.827778 0.665625 0.825 0.665625 0.822222 0.66875 0.816667 0.66875 0.813889 0.670313 0.811111 0.670313 0.808333 0.675 0.8 0.675 0.797222 0.679688 0.788889 0.679688 0.786111 0.68125 0.783333 0.68125 0.780556 0.6875 0.769444 0.6875 0.766667 0.689062 0.763889 0.689062 0.761111 0.690625 0.758333 0.690625 0.755556 0.692187 0.752778 0.692187 0.75 0.69375 0.747222 0.69375 0.744444 0.695312 0.741667 0.695312 0.736111 0.696875 0.733333 0.696875 0.725 0.698438 0.722222 0.698438 0.683333 0.848536
62 0.1625 0.0388889 0.1625 0.05 0.160938 0.0527778 0.160938 0.0722222 0.159375 0.075 0.159375 0.111111 0.157813 0.113889 0.153125 0.113889 0.153125 0.841667 0.159375 0.841667 0.160938 0.844444 0.1625 0.844444 0.171875 0.861111 0.173438 0.861111 0.175 0.863889 0.176563 0.863889 0.184375 0.877778 0.185937 0.877778 0.1875 0.880556 0.190625 0.880556 0.192188 0.883333 0.19375 0.883333 0.195312 0.886111 0.2 0.886111 0.201562 0.888889 0.20625 0.888889 0.207813 0.891667 0.217187 0.891667 0.21875 0.894444 0.226562 0.894444 0.228125 0.897222 0.246875 0.897222 0.248437 0.9 0.260938 0.9 0.2625 0.902778 0.271875 0.902778 0.273438 0.905556 0.282813 0.905556 0.284375 0.908333 0.295312 0.908333 0.296875 0.911111 0.309375 0.911111 0.310937 0.913889 0.321875 0.913889 0.323438 0.916667 0.340625 0.916667 0.342187 0.919444 0.351562 0.919444 0.353125 0.922222 0.357812 0.922222 0.359375 0.925 0.364062 0.925 0.367188 0.930556 0.36875 0.930556 0.370313 0.933333 0.376563 0.933333 0.378125 0.936111 0.379687 0.936111 0.382812 0.941667 0.385938 0.936111 0.389062 0.936111 0.389062 0.933333 0.392188 0.927778 0.39375 0.927778 0.395312 0.925 0.395312 0.922222 0.396875 0.919444 0.396875 0.916667 0.401563 0.908333 0.401563 0.905556 0.410937 0.888889 0.410937 0.886111 0.420312 0.869444 0.423438 0.869444 0.425 0.866667 0.428125 0.866667 0.43125 0.861111 0.432813 0.861111 0.434375 0.858333 0.435937 0.858333 0.4375 0.855556 0.440625 0.855556 0.442187 0.852778 0.446875 0.852778 0.448438 0.85 0.457812 0.85 0.459375 0.847222 0.478125 0.847222 0.479688 0.844444 0.48125 0.844444 0.482812 0.841667 0.484375 0.841667 0.492188 0.827778 0.49375 0.827778 0.495313 0.825 0.503125 0.825 0.504687 0.827778 0.529688 0.827778 0.53125 0.830556 0.534375 0.830556 0.535937 0.827778 0.546875 0.827778 0.548437 0.825 0.554688 0.825 0.55625 0.822222 0.559375 0.822222 0.5625 0.816667 0.565625 0.816667 0.567187 0.813889 0.570312 0.813889 0.575 0.805556 0.576563 0.805556 0.578125 0.802778 0.579687 0.802778 0.582812 0.797222 0.584375 0.797222 0.592188 0.783333 0.595312 0.783333 0.596875 0.780556 0.596875 0.777778 0.604688 0.763889 0.60625 0.763889 0.607813 0.761111 0.609375 0.761111 0.61875 0.744444 0.620313 0.744444 0.626562 0.733333 0.626562 0.730556 0.646875 0.694444 0.648438 0.694444 0.651563 0.688889 0.653125 0.688889 0.654688 0.686111 0.65625 0.686111 0.657812 0.683333 0.6625 0.683333 0.664062 0.680556 0.690625 0.680556 0.692187 0.683333 0.69375 0.683333 0.698438 0.691667 0.698438 0.694444 0.7 0.697222 0.7 0.702778 0.701563 0.705556 0.701563 0.716667 0.7 0.719444 0.7 0.730556 0.698438 0.733333 0.698438 0.736111 0.696875 0.738889 0.696875 0.741667 0.695312 0.744444 0.695312 0.75 0.69375 0.752778 0.69375 0.755556 0.692187 0.758333 0.692187 0.761111 0.690625 0.763889 0.690625 0.766667 0.689062 0.769444 0.689062 0.772222 0.684375 0.780556 0.684375 0.783333 0.682813 0.786111 0.682813 0.788889 0.678125 0.797222 0.678125 0.8 0.675 0.805556 0.675 0.808333 0.671875 0.813889 0.671875 0.816667 0.670313 0.819444 0.670313 0.822222 0.665625 0.830556 0.665625 0.833333 0.659375 0.844444 0.659375 0.847222 0.651563 0.861111 0.651563 0.863889 0.645312 0.875 0.645312 0.877778 0.642187 0.883333 0.640625 0.883333 0.640625 0.888889 0.634375 0.9 0.634375 0.902778 0.632812 0.905556 0.632812 0.908333 0.63125 0.911111 0.63125 0.913889 0.629687 0.916667 0.629687 0.919444 0.628125 0.922222 0.628125 0.944444 0.63125 0.95 0.63125 0.952778 0.634375 0.958333 0.635938 0.958333 0.6375 0.961111 0.642187 0.961111 0.64375 0.958333 0.65625 0.958333 0.657812 0.961111 0.660937 0.961111 0.6625 0.958333 0.665625 0.958333 0.667188 0.961111 0.675 0.961111 0.676562 0.963889 0.679688 0.963889 0.68125 0.966667 0.689062 0.966667 0.692187 0.972222 0.692187 0.980556 0.845312 0.980556 0.845312 0.969444 0.848437 0.963889 0.85 0.963889 0.851562 0.961111 0.854688 0.961111 0.85625 0.958333 0.857813 0.958333 0.859375 0.955556 0.860937 0.955556 0.8625 0.952778 0.864062 0.952778 0.865625 0.95 0.867188 0.95 0.86875 0.947222 0.870313 0.947222 0.873438 0.941667 0.875 0.941667 0.876562 0.938889 0.878125 0.938889 0.884375 0.927778 0.885938 0.927778 0.885938 0.925 0.889063 0.919444 0.889063 0.916667 0.890625 0.913889 0.890625 0.880556 0.892187 0.877778 0.892187 0.811111 0.89375 0.808333 0.89375 0.786111 0.895312 0.783333 0.895312 0.769444 0.896875 0.766667 0.896875 0.758333 0.898438 0.755556 0.898438 0.733333 0.9 0.730556 0.9 0.705556 0.901563 0.702778 0.901563 0.683333 0.9 0.680556 0.9 0.605556 0.901563 0.602778 0.901563 0.541667 0.903125 0.538889 0.903125 0.505556 0.904688 0.502778 0.904688 0.458333 0.90625 0.455556 0.90625 0.430556 0.907812 0.427778 0.907812 0.355556 0.909375 0.352778 0.909375 0.325 0.910937 0.322222 0.910937 0.294444 0.9125 0.291667 0.9125 0.275 0.914062 0.272222 0.914062 0.266667 0.915625 0.263889 0.920313 0.263889 0.920313 0.0888889 0.914062 0.0888889 0.9125 0.0861111 0.910937 0.0861111 0.909375 0.0833333 0.9 0.0833333 0.898438 0.0805556 0.882812 0.0805556 0.88125 0.0777778 0.86875 0.0777778 0.867188 0.075 0.84375 0.075 0.842188 0.0722222 0.81875 0.0722222 0.817187 0.0694444 0.779688 0.0694444 0.778125 0.0666667 0.746875 0.0666667 0.745313 0.0638889 0.646875 0.0638889 0.645312 0.0611111 0.621875 0.0611111 0.620313 0.0583333 0.590625 0.0583333 0.589063 0.0555556 0.534375 0.0555556 0.532812 0.0527778 0.53125 0.0555556 0.520312 0.0555556 0.51875 0.0527778 0.48125 0.0527778 0.479688 0.05 0.46875 0.05 0.467187 0.0472222 0.467187 0.0388889 0.621735
62 0.003125 0.216667 0.003125 0.683333 0.009375 0.683333 0.0125 0.688889 0.0125 0.691667 0.0171875 0.7 0.0171875 0.702778 0.01875 0.705556 0.01875 0.713889 0.0203125 0.716667 0.0203125 0.719444 0.01875 0.722222 0.01875 0.727778 0.0171875 0.730556 0.0171875 0.733333 0.015625 0.736111 0.015625 0.75 0.0140625 0.752778 0.0140625 0.758333 0.0125 0.761111 0.0125 0.763889 0.0109375 0.766667 0.0109375 0.769444 0.0078125 0.775 0.003125 0.775 0.003125 0.813889 0.05625 0.813889 0.05625 0.805556 0.0578125 0.802778 0.0640625 0.802778 0.065625 0.8 0.0796875 0.8 0.08125 0.797222 0.090625 0.797222 0.0921875 0.794444 0.096875 0.794444 0.0984375 0.791667 0.103125 0.791667 0.104687 0.788889 0.110937 0.788889 0.1125 0.786111 0.120312 0.786111 0.121875 0.783333 0.126563 0.783333 0.126563 0.6 0.120312 0.6 0.11875 0.597222 0.11875 0.594444 0.117188 0.591667 0.11875 0.588889 0.11875 0.577778 0.117188 0.575 0.117188 0.569444 0.11875 0.566667 0.11875 0.563889 0.120312 0.561111 0.120312 0.558333 0.11875 0.555556 0.11875 0.55 0.117188 0.547222 0.117188 0.530556 0.115625 0.527778 0.115625 0.516667 0.117188 0.513889 0.117188 0.508333 0.11875 0.505556 0.11875 0.488889 0.117188 0.486111 0.117188 0.472222 0.115625 0.469444 0.115625 0.463889 0.114063 0.461111 0.114063 0.455556 0.1125 0.452778 0.1125 0.444444 0.110937 0.441667 0.110937 0.433333 0.1125 0.430556 0.1125 0.422222 0.114063 0.419444 0.114063 0.416667 0.115625 0.413889 0.115625 0.411111 0.117188 0.408333 0.117188 0.4 0.11875 0.397222 0.11875 0.286111 0.120312 0.283333 0.120312 0.252778 0.121875 0.25 0.126563 0.25 0.121875 0.25 0.11875 0.244444 0.11875 0.241667 0.117188 0.238889 0.117188 0.236111 0.115625 0.236111 0.1125 0.230556 0.110937 0.230556 0.109375 0.227778 0.107813 0.227778 0.10625 0.225 0.10625 0.216667 0.30778
0 0.648438 0.683333 0.648438 0.694444 0.629687 0.727778 0.629687 0.730556 0.609375 0.766667 0.607813 0.766667 0.604688 0.772222 0.603125 0.772222 0.596875 0.783333 0.595312 0.783333 0.59375 0.786111 0.592188 0.786111 0.582812 0.802778 0.58125 0.802778 0.578125 0.808333 0.576563 0.808333 0.575 0.811111 0.573438 0.811111 0.56875 0.819444 0.567187 0.819444 0.565625 0.822222 0.564062 0.822222 0.560938 0.827778 0.557813 0.827778 0.55625 0.830556 0.553125 0.830556 0.551562 0.833333 0.548437 0.833333 0.546875 0.836111 0.54375 0.836111 0.542188 0.838889 0.5375 0.838889 0.535937 0.841667 0.51875 0.841667 0.517187 0.838889 0.510938 0.838889 0.509375 0.841667 0.5 0.841667 0.498437 0.844444 0.49375 0.844444 0.492188 0.847222 0.489062 0.847222 0.4875 0.85 0.485938 0.85 0.484375 0.852778 0.48125 0.852778 0.479688 0.855556 0.475 0.855556 0.473437 0.858333 0.445312 0.858333 0.44375 0.861111 0.439063 0.861111 0.435937 0.866667 0.434375 0.866667 0.432813 0.869444 0.43125 0.869444 0.429688 0.872222 0.428125 0.872222 0.426562 0.875 0.425 0.875 0.41875 0.886111 0.417188 0.886111 0.407813 0.902778 0.407813 0.905556 0.401563 0.916667 0.401563 0.919444 0.398438 0.925 0.398438 0.927778 0.390625 0.941667 0.390625 0.944444 0.385938 0.952778 0.385938 0.955556 0.382812 0.961111 0.378125 0.961111 0.378125 1 0.634375 1 0.634375 0.994444 0.632812 0.991667 0.632812 0.988889 0.63125 0.986111 0.63125 0.975 0.629687 0.972222 0.629687 0.958333 0.628125 0.955556 0.628125 0.95 0.626562 0.947222 0.626562 0.938889 0.625 0.936111 0.625 0.922222 0.626562 0.919444 0.626562 0.913889 0.628125 0.911111 0.628125 0.908333 0.629687 0.905556 0.629687 0.902778 0.63125 0.9 0.63125 0.897222 0.6375 0.886111 0.6375 0.883333 0.653125 0.855556 0.653125 0.852778 0.657812 0.844444 0.657812 0.841667 0.664062 0.830556 0.664062 0.827778 0.665625 0.825 0.665625 0.822222 0.66875 0.816667 0.66875 0.813889 0.670313 0.811111 0.670313 0.808333 0.675 0.8 0.675 0.797222 0.679688 0.788889 0.679688 0.786111 0.68125 0.783333 0.68125 0.780556 0.6875 0.769444 0.6875 0.766667 0.689062 0.763889 0.689062 0.761111 0.690625 0.758333 0.690625 0.755556 0.692187 0.752778 0.692187 0.75 0.69375 0.747222 0.69375 0.744444 0.695312 0.741667 0.695312 0.736111 0.696875 0.733333 0.696875 0.725 0.698438 0.722222 0.698438 0.683333 0.848536
62 0.1625 0.0388889 0.1625 0.05 0.160938 0.0527778 0.160938 0.0722222 0.159375 0.075 0.159375 0.111111 0.157813 0.113889 0.153125 0.113889 0.153125 0.841667 0.159375 0.841667 0.160938 0.844444 0.1625 0.844444 0.171875 0.861111 0.173438 0.861111 0.175 0.863889 0.176563 0.863889 0.184375 0.877778 0.185937 0.877778 0.1875 0.880556 0.190625 0.880556 0.192188 0.883333 0.19375 0.883333 0.195312 0.886111 0.2 0.886111 0.201562 0.888889 0.20625 0.888889 0.207813 0.891667 0.217187 0.891667 0.21875 0.894444 0.226562 0.894444 0.228125 0.897222 0.246875 0.897222 0.248437 0.9 0.260938 0.9 0.2625 0.902778 0.271875 0.902778 0.273438 0.905556 0.282813 0.905556 0.284375 0.908333 0.295312 0.908333 0.296875 0.911111 0.309375 0.911111 0.310937 0.913889 0.321875 0.913889 0.323438 0.916667 0.340625 0.916667 0.342187 0.919444 0.351562 0.919444 0.353125 0.922222 0.357812 0.922222 0.359375 0.925 0.364062 0.925 0.367188 0.930556 0.36875 0.930556 0.370313 0.933333 0.376563 0.933333 0.378125 0.936111 0.379687 0.936111 0.382812 0.941667 0.385938 0.936111 0.389062 0.936111 0.389062 0.933333 0.392188 0.927778 0.39375 0.927778 0.395312 0.925 0.395312 0.922222 0.396875 0.919444 0.396875 0.916667 0.401563 0.908333 0.401563 0.905556 0.410937 0.888889 0.410937 0.886111 0.420312 0.869444 0.423438 0.869444 0.425 0.866667 0.428125 0.866667 0.43125 0.861111 0.432813 0.861111 0.434375 0.858333 0.435937 0.858333 0.4375 0.855556 0.440625 0.855556 0.442187 0.852778 0.446875 0.852778 0.448438 0.85 0.457812 0.85 0.459375 0.847222 0.478125 0.847222 0.479688 0.844444 0.48125 0.844444 0.482812 0.841667 0.484375 0.841667 0.492188 0.827778 0.49375 0.827778 0.495313 0.825 0.503125 0.825 0.504687 0.827778 0.529688 0.827778 0.53125 0.830556 0.534375 0.830556 0.535937 0.827778 0.546875 0.827778 0.548437 0.825 0.554688 0.825 0.55625 0.822222 0.559375 0.822222 0.5625 0.816667 0.565625 0.816667 0.567187 0.813889 0.570312 0.813889 0.575 0.805556 0.576563 0.805556 0.578125 0.802778 0.579687 0.802778 0.582812 0.797222 0.584375 0.797222 0.592188 0.783333 0.595312 0.783333 0.596875 0.780556 0.596875 0.777778 0.604688 0.763889 0.60625 0.763889 0.607813 0.761111 0.609375 0.761111 0.61875 0.744444 0.620313 0.744444 0.626562 0.733333 0.626562 0.730556 0.646875 0.694444 0.648438 0.694444 0.651563 0.688889 0.653125 0.688889 0.654688 0.686111 0.65625 0.686111 0.657812 0.683333 0.6625 0.683333 0.664062 0.680556 0.690625 0.680556 0.692187 0.683333 0.69375 0.683333 0.698438 0.691667 0.698438 0.694444 0.7 0.697222 0.7 0.702778 0.701563 0.705556 0.701563 0.716667 0.7 0.719444 0.7 0.730556 0.698438 0.733333 0.698438 0.736111 0.696875 0.738889 0.696875 0.741667 0.695312 0.744444 0.695312 0.75 0.69375 0.752778 0.69375 0.755556 0.692187 0.758333 0.692187 0.761111 0.690625 0.763889 0.690625 0.766667 0.689062 0.769444 0.689062 0.772222 0.684375 0.780556 0.684375 0.783333 0.682813 0.786111 0.682813 0.788889 0.678125 0.797222 0.678125 0.8 0.675 0.805556 0.675 0.808333 0.671875 0.813889 0.671875 0.816667 0.670313 0.819444 0.670313 0.822222 0.665625 0.830556 0.665625 0.833333 0.659375 0.844444 0.659375 0.847222 0.651563 0.861111 0.651563 0.863889 0.645312 0.875 0.645312 0.877778 0.642187 0.883333 0.640625 0.883333 0.640625 0.888889 0.634375 0.9 0.634375 0.902778 0.632812 0.905556 0.632812 0.908333 0.63125 0.911111 0.63125 0.913889 0.629687 0.916667 0.629687 0.919444 0.628125 0.922222 0.628125 0.944444 0.63125 0.95 0.63125 0.952778 0.634375 0.958333 0.635938 0.958333 0.6375 0.961111 0.642187 0.961111 0.64375 0.958333 0.65625 0.958333 0.657812 0.961111 0.660937 0.961111 0.6625 0.958333 0.665625 0.958333 0.667188 0.961111 0.675 0.961111 0.676562 0.963889 0.679688 0.963889 0.68125 0.966667 0.689062 0.966667 0.692187 0.972222 0.692187 0.980556 0.845312 0.980556 0.845312 0.969444 0.848437 0.963889 0.85 0.963889 0.851562 0.961111 0.854688 0.961111 0.85625 0.958333 0.857813 0.958333 0.859375 0.955556 0.860937 0.955556 0.8625 0.952778 0.864062 0.952778 0.865625 0.95 0.867188 0.95 0.86875 0.947222 0.870313 0.947222 0.873438 0.941667 0.875 0.941667 0.876562 0.938889 0.878125 0.938889 0.884375 0.927778 0.885938 0.927778 0.885938 0.925 0.889063 0.919444 0.889063 0.916667 0.890625 0.913889 0.890625 0.880556 0.892187 0.877778 0.892187 0.811111 0.89375 0.808333 0.89375 0.786111 0.895312 0.783333 0.895312 0.769444 0.896875 0.766667 0.896875 0.758333 0.898438 0.755556 0.898438 0.733333 0.9 0.730556 0.9 0.705556 0.901563 0.702778 0.901563 0.683333 0.9 0.680556 0.9 0.605556 0.901563 0.602778 0.901563 0.541667 0.903125 0.538889 0.903125 0.505556 0.904688 0.502778 0.904688 0.458333 0.90625 0.455556 0.90625 0.430556 0.907812 0.427778 0.907812 0.355556 0.909375 0.352778 0.909375 0.325 0.910937 0.322222 0.910937 0.294444 0.9125 0.291667 0.9125 0.275 0.914062 0.272222 0.914062 0.266667 0.915625 0.263889 0.920313 0.263889 0.920313 0.0888889 0.914062 0.0888889 0.9125 0.0861111 0.910937 0.0861111 0.909375 0.0833333 0.9 0.0833333 0.898438 0.0805556 0.882812 0.0805556 0.88125 0.0777778 0.86875 0.0777778 0.867188 0.075 0.84375 0.075 0.842188 0.0722222 0.81875 0.0722222 0.817187 0.0694444 0.779688 0.0694444 0.778125 0.0666667 0.746875 0.0666667 0.745313 0.0638889 0.646875 0.0638889 0.645312 0.0611111 0.621875 0.0611111 0.620313 0.0583333 0.590625 0.0583333 0.589063 0.0555556 0.534375 0.0555556 0.532812 0.0527778 0.53125 0.0555556 0.520312 0.0555556 0.51875 0.0527778 0.48125 0.0527778 0.479688 0.05 0.46875 0.05 0.467187 0.0472222 0.467187 0.0388889 0.621735
62 0.003125 0.216667 0.003125 0.683333 0.009375 0.683333 0.0125 0.688889 0.0125 0.691667 0.0171875 0.7 0.0171875 0.702778 0.01875 0.705556 0.01875 0.713889 0.0203125 0.716667 0.0203125 0.719444 0.01875 0.722222 0.01875 0.727778 0.0171875 0.730556 0.0171875 0.733333 0.015625 0.736111 0.015625 0.75 0.0140625 0.752778 0.0140625 0.758333 0.0125 0.761111 0.0125 0.763889 0.0109375 0.766667 0.0109375 0.769444 0.0078125 0.775 0.003125 0.775 0.003125 0.813889 0.05625 0.813889 0.05625 0.805556 0.0578125 0.802778 0.0640625 0.802778 0.065625 0.8 0.0796875 0.8 0.08125 0.797222 0.090625 0.797222 0.0921875 0.794444 0.096875 0.794444 0.0984375 0.791667 0.103125 0.791667 0.104687 0.788889 0.110937 0.788889 0.1125 0.786111 0.120312 0.786111 0.121875 0.783333 0.126563 0.783333 0.126563 0.6 0.120312 0.6 0.11875 0.597222 0.11875 0.594444 0.117188 0.591667 0.11875 0.588889 0.11875 0.577778 0.117188 0.575 0.117188 0.569444 0.11875 0.566667 0.11875 0.563889 0.120312 0.561111 0.120312 0.558333 0.11875 0.555556 0.11875 0.55 0.117188 0.547222 0.117188 0.530556 0.115625 0.527778 0.115625 0.516667 0.117188 0.513889 0.117188 0.508333 0.11875 0.505556 0.11875 0.488889 0.117188 0.486111 0.117188 0.472222 0.115625 0.469444 0.115625 0.463889 0.114063 0.461111 0.114063 0.455556 0.1125 0.452778 0.1125 0.444444 0.110937 0.441667 0.110937 0.433333 0.1125 0.430556 0.1125 0.422222 0.114063 0.419444 0.114063 0.416667 0.115625 0.413889 0.115625 0.411111 0.117188 0.408333 0.117188 0.4 0.11875 0.397222 0.11875 0.286111 0.120312 0.283333 0.120312 0.252778 0.121875 0.25 0.126563 0.25 0.121875 0.25 0.11875 0.244444 0.11875 0.241667 0.117188 0.238889 0.117188 0.236111 0.115625 0.236111 0.1125 0.230556 0.110937 0.230556 0.109375 0.227778 0.107813 0.227778 0.10625 0.225 0.10625 0.216667 0.30778
