0 0.270312 0.538889 0.270312 0.547222 0.267188 0.552778 0.265625 0.552778 0.264062 0.555556 0.2625 0.555556 0.245312 0.586111 0.245312 0.591667 0.239063 0.602778 0.239063 0.605556 0.2375 0.608333 0.2375 0.613889 0.235938 0.616667 0.235938 0.619444 0.234375 0.622222 0.234375 0.625 0.232812 0.627778 0.232812 0.636111 0.23125 0.638889 0.23125 0.647222 0.229687 0.65 0.229687 0.688889 0.23125 0.691667 0.23125 0.705556 0.232812 0.708333 0.232812 0.722222 0.234375 0.725 0.234375 0.736111 0.232812 0.738889 0.232812 0.744444 0.23125 0.747222 0.23125 0.752778 0.229687 0.755556 0.229687 0.763889 0.228125 0.766667 0.228125 0.775 0.229687 0.777778 0.229687 0.783333 0.23125 0.786111 0.23125 0.788889 0.232812 0.791667 0.232812 0.794444 0.234375 0.797222 0.234375 0.8 0.235938 0.802778 0.235938 0.805556 0.239063 0.811111 0.239063 0.813889 0.242188 0.819444 0.242188 0.822222 0.24375 0.825 0.24375 0.830556 0.245312 0.833333 0.245312 0.836111 0.246875 0.838889 0.246875 0.841667 0.251563 0.85 0.251563 0.852778 0.254687 0.858333 0.254687 0.863889 0.25625 0.866667 0.25625 0.883333 0.254687 0.886111 0.253125 0.886111 0.25 0.891667 0.248437 0.891667 0.246875 0.894444 0.245312 0.894444 0.2375 0.908333 0.235938 0.908333 0.23125 0.916667 0.229687 0.916667 0.226562 0.922222 0.225 0.922222 0.221875 0.927778 0.220313 0.927778 0.214062 0.938889 0.2125 0.938889 0.207813 0.947222 0.20625 0.947222 0.203125 0.952778 0.201562 0.952778 0.2 0.955556 0.198437 0.955556 0.195312 0.961111 0.192188 0.961111 0.190625 0.963889 0.189063 0.963889 0.184375 0.972222 0.182812 0.972222 0.179688 0.977778 0.178125 0.977778 0.175 0.983333 0.173438 0.983333 0.171875 0.986111 0.165625 0.986111 0.165625 1 0.945312 1 0.945312 0.708333 0.940625 0.708333 0.935938 0.716667 0.935938 0.719444 0.923437 0.741667 0.923437 0.744444 0.920313 0.75 0.920313 0.752778 0.915625 0.761111 0.915625 0.763889 0.914062 0.766667 0.914062 0.772222 0.9125 0.775 0.9125 0.777778 0.910937 0.780556 0.910937 0.783333 0.909375 0.786111 0.909375 0.791667 0.90625 0.797222 0.90625 0.8 0.903125 0.805556 0.903125 0.808333 0.898438 0.816667 0.896875 0.816667 0.895312 0.819444 0.89375 0.819444 0.892187 0.822222 0.889063 0.822222 0.8875 0.825 0.879687 0.825 0.878125 0.827778 0.875 0.827778 0.873438 0.830556 0.871875 0.830556 0.870313 0.833333 0.86875 0.833333 0.865625 0.838889 0.864062 0.838889 0.8625 0.841667 0.860937 0.841667 0.859375 0.844444 0.85625 0.844444 0.854688 0.847222 0.851562 0.847222 0.85 0.85 0.846875 0.85 0.845312 0.852778 0.84375 0.852778 0.839063 0.861111 0.8375 0.861111 0.834375 0.866667 0.83125 0.866667 0.829687 0.869444 0.826563 0.869444 0.825 0.872222 0.820312 0.872222 0.81875 0.875 0.817187 0.875 0.815625 0.877778 0.8125 0.877778 0.810938 0.880556 0.80625 0.880556 0.804688 0.883333 0.801562 0.883333 0.8 0.886111 0.796875 0.886111 0.795313 0.888889 0.790625 0.888889 0.789062 0.891667 0.784375 0.891667 0.782812 0.894444 0.779688 0.894444 0.778125 0.897222 0.776563 0.897222 0.775 0.9 0.773438 0.9 0.771875 0.902778 0.770312 0.902778 0.76875 0.905556 0.767187 0.905556 0.764063 0.911111 0.7625 0.911111 0.760938 0.913889 0.759375 0.913889 0.757812 0.916667 0.751562 0.916667 0.75 0.919444 0.742188 0.919444 0.740625 0.922222 0.735937 0.922222 0.734375 0.925 0.73125 0.925 0.729688 0.927778 0.726562 0.927778 0.725 0.930556 0.721875 0.930556 0.7125 0.947222 0.709375 0.947222 0.707812 0.95 0.7 0.95 0.698438 0.947222 0.689062 0.947222 0.6875 0.944444 0.682813 0.944444 0.68125 0.941667 0.607813 0.941667 0.60625 0.938889 0.601562 0.938889 0.596875 0.930556 0.595312 0.930556 0.59375 0.927778 0.592188 0.927778 0.590625 0.925 0.5875 0.925 0.585938 0.922222 0.579687 0.922222 0.578125 0.919444 0.575 0.919444 0.573438 0.916667 0.56875 0.916667 0.567187 0.913889 0.564062 0.913889 0.5625 0.911111 0.559375 0.911111 0.557813 0.908333 0.554688 0.908333 0.553125 0.905556 0.551562 0.905556 0.55 0.902778 0.546875 0.902778 0.545313 0.9 0.542188 0.9 0.540625 0.897222 0.539062 0.897222 0.5375 0.894444 0.535937 0.894444 0.534375 0.891667 0.53125 0.891667 0.529688 0.888889 0.528125 0.888889 0.526563 0.886111 0.523438 0.886111 0.521875 0.883333 0.51875 0.883333 0.517187 0.886111 0.514063 0.886111 0.5125 0.883333 0.507812 0.883333 0.50625 0.880556 0.490625 0.880556 0.489062 0.883333 0.476562 0.883333 0.475 0.880556 0.460938 0.880556 0.459375 0.877778 0.45625 0.877778 0.453125 0.872222 0.45 0.872222 0.448438 0.869444 0.440625 0.869444 0.439063 0.866667 0.434375 0.866667 0.432813 0.863889 0.428125 0.863889 0.420312 0.85 0.420312 0.825 0.421875 0.822222 0.421875 0.747222 0.420312 0.744444 0.420312 0.733333 0.41875 0.730556 0.41875 0.722222 0.417188 0.719444 0.417188 0.713889 0.415625 0.711111 0.415625 0.705556 0.414062 0.702778 0.414062 0.7 0.4125 0.697222 0.4125 0.688889 0.410937 0.686111 0.410937 0.675 0.409375 0.672222 0.409375 0.652778 0.407813 0.65 0.407813 0.644444 0.40625 0.641667 0.40625 0.633333 0.404687 0.630556 0.404687 0.622222 0.403125 0.619444 0.403125 0.613889 0.401563 0.611111 0.401563 0.608333 0.4 0.605556 0.4 0.602778 0.398438 0.6 0.398438 0.597222 0.396875 0.594444 0.396875 0.591667 0.39375 0.586111 0.39375 0.583333 0.390625 0.577778 0.390625 0.575 0.382812 0.561111 0.38125 0.561111 0.379687 0.558333 0.378125 0.558333 0.376563 0.555556 0.375 0.555556 0.373437 0.552778 0.371875 0.552778 0.370313 0.55 0.370313 0.538889 0.503404
46 0.003125 0.461111 0.003125 0.569444 0.009375 0.569444 0.0109375 0.566667 0.0140625 0.566667 0.015625 0.563889 0.040625 0.563889 0.0421875 0.566667 0.0453125 0.566667 0.0484375 0.572222 0.0484375 0.575 0.05 0.577778 0.05 0.580556 0.0546875 0.588889 0.0578125 0.588889 0.059375 0.591667 0.06875 0.591667 0.0703125 0.594444 0.084375 0.594444 0.0859375 0.597222 0.110937 0.597222 0.1125 0.6 0.115625 0.6 0.117188 0.597222 0.121875 0.597222 0.123438 0.594444 0.123438 0.591667 0.125 0.588889 0.125 0.575 0.126563 0.572222 0.126563 0.569444 0.128125 0.566667 0.132812 0.566667 0.132812 0.552778 0.126563 0.552778 0.125 0.55 0.123438 0.55 0.121875 0.547222 0.11875 0.547222 0.117188 0.544444 0.110937 0.544444 0.109375 0.541667 0.0953125 0.541667 0.09375 0.538889 0.078125 0.538889 0.075 0.533333 0.0734375 0.533333 0.071875 0.530556 0.0703125 0.530556 0.0671875 0.525 0.065625 0.525 0.0609375 0.516667 0.059375 0.516667 0.05625 0.511111 0.0546875 0.511111 0.053125 0.508333 0.0453125 0.508333 0.04375 0.505556 0.040625 0.505556 0.0375 0.5 0.0359375 0.5 0.034375 0.497222 0.0328125 0.497222 0.025 0.483333 0.0234375 0.483333 0.0171875 0.472222 0.0171875 0.461111 0.331729
0 0.270312 0.538889 0.270312 0.547222 0.267188 0.552778 0.265625 0.552778 0.264062 0.555556 0.2625 0.555556 0.245312 0.586111 0.245312 0.591667 0.239063 0.602778 0.239063 0.605556 0.2375 0.608333 0.2375 0.613889 0.235938 0.616667 0.235938 0.619444 0.234375 0.622222 0.234375 0.625 0.232812 0.627778 0.232812 0.636111 0.23125 0.638889 0.23125 0.647222 0.229687 0.65 0.229687 0.688889 0.23125 0.691667 0.23125 0.705556 0.232812 0.708333 0.232812 0.722222 0.234375 0.725 0.234375 0.736111 0.232812 0.738889 0.232812 0.744444 0.23125 0.747222 0.23125 0.752778 0.229687 0.755556 0.229687 0.763889 0.228125 0.766667 0.228125 0.775 0.229687 0.777778 0.229687 0.783333 0.23125 0.786111 0.23125 0.788889 0.232812 0.791667 0.232812 0.794444 0.234375 0.797222 0.234375 0.8 0.235938 0.802778 0.235938 0.805556 0.239063 0.811111 0.239063 0.813889 0.242188 0.819444 0.242188 0.822222 0.24375 0.825 0.24375 0.830556 0.245312 0.833333 0.245312 0.836111 0.246875 0.838889 0.246875 0.841667 0.251563 0.85 0.251563 0.852778 0.254687 0.858333 0.254687 0.863889 0.25625 0.866667 0.25625 0.883333 0.254687 0.886111 0.253125 0.886111 0.25 0.891667 0.248437 0.891667 0.246875 0.894444 0.245312 0.894444 0.2375 0.908333 0.235938 0.908333 0.23125 0.916667 0.229687 0.916667 0.226562 0.922222 0.225 0.922222 0.221875 0.927778 0.220313 0.927778 0.214062 0.938889 0.2125 0.938889 0.207813 0.947222 0.20625 0.947222 0.203125 0.952778 0.201562 0.952778 0.2 0.955556 0.198437 0.955556 0.195312 0.961111 0.192188 0.961111 0.190625 0.963889 0.189063 0.963889 0.184375 0.972222 0.182812 0.972222 0.179688 0.977778 0.178125 0.977778 0.175 0.983333 0.173438 0.983333 0.171875 0.986111 0.165625 0.986111 0.165625 1 0.945312 1 0.945312 0.708333 0.940625 0.708333 0.935938 0.716667 0.935938 0.719444 0.923437 0.741667 0.923437 0.744444 0.920313 0.75 0.920313 0.752778 0.915625 0.761111 0.915625 0.763889 0.914062 0.766667 0.914062 0.772222 0.9125 0.775 0.9125 0.777778 0.910937 0.780556 0.910937 0.783333 0.909375 0.786111 0.909375 0.791667 0.90625 0.797222 0.90625 0.8 0.903125 0.805556 0.903125 0.808333 0.898438 0.816667 0.896875 0.816667 0.895312 0.819444 0.89375 0.819444 0.892187 0.822222 0.889063 0.822222 0.8875 0.825 0.879687 0.825 0.878125 0.827778 0.875 0.827778 0.873438 0.830556 0.871875 0.830556 0.870313 0.833333 0.86875 0.833333 0.865625 0.838889 0.864062 0.838889 0.8625 0.841667 0.860937 0.841667 0.859375 0.844444 0.85625 0.844444 0.854688 0.847222 0.851562 0.847222 0.85 0.85 0.846875 0.85 0.845312 0.852778 0.84375 0.852778 0.839063 0.861111 0.8375 0.861111 0.834375 0.866667 0.83125 0.866667 0.829687 0.869444 0.826563 0.869444 0.825 0.872222 0.820312 0.872222 0.81875 0.875 0.817187 0.875 0.815625 0.877778 0.8125 0.877778 0.810938 0.880556 0.80625 0.880556 0.804688 0.883333 0.801562 0.883333 0.8 0.886111 0.796875 0.886111 0.795313 0.888889 0.790625 0.888889 0.789062 0.891667 0.784375 0.891667 0.782812 0.894444 0.779688 0.894444 0.778125 0.897222 0.776563 0.897222 0.775 0.9 0.773438 0.9 0.771875 0.902778 0.770312 0.902778 0.76875 0.905556 0.767187 0.905556 0.764063 0.911111 0.7625 0.911111 0.760938 0.913889 0.759375 0.913889 0.757812 0.916667 0.751562 0.916667 0.75 0.919444 0.742188 0.919444 0.740625 0.922222 0.735937 0.922222 0.734375 0.925 0.73125 0.925 0.729688 0.927778 0.726562 0.927778 0.725 0.930556 0.721875 0.930556 0.7125 0.947222 0.709375 0.947222 0.707812 0.95 0.7 0.95 0.698438 0.947222 0.689062 0.947222 0.6875 0.944444 0.682813 0.944444 0.68125 0.941667 0.607813 0.941667 0.60625 0.938889 0.601562 0.938889 0.596875 0.930556 0.595312 0.930556 0.59375 0.927778 0.592188 0.927778 0.590625 0.925 0.5875 0.925 0.585938 0.922222 0.579687 0.922222 0.578125 0.919444 0.575 0.919444 0.573438 0.916667 0.56875 0.916667 0.567187 0.913889 0.564062 0.913889 0.5625 0.911111 0.559375 0.911111 0.557813 0.908333 0.554688 0.908333 0.553125 0.905556 0.551562 0.905556 0.55 0.902778 0.546875 0.902778 0.545313 0.9 0.542188 0.9 0.540625 0.897222 0.539062 0.897222 0.5375 0.894444 0.535937 0.894444 0.534375 0.891667 0.53125 0.891667 0.529688 0.888889 0.528125 0.888889 0.526563 0.886111 0.523438 0.886111 0.521875 0.883333 0.51875 0.883333 0.517187 0.886111 0.514063 0.886111 0.5125 0.883333 0.507812 0.883333 0.50625 0.880556 0.490625 0.880556 0.489062 0.883333 0.476562 0.883333 0.475 0.880556 0.460938 0.880556 0.459375 0.877778 0.45625 0.877778 0.453125 0.872222 0.45 0.872222 0.448438 0.869444 0.440625 0.869444 0.439063 0.866667 0.434375 0.866667 0.432813 0.863889 0.428125 0.863889 0.420312 0.85 0.420312 0.825 0.421875 0.822222 0.421875 0.747222 0.420312 0.744444 0.420312 0.733333 0.41875 0.730556 0.41875 0.722222 0.417188 0.719444 0.417188 0.713889 0.415625 0.711111 0.415625 0.705556 0.414062 0.702778 0.414062 0.7 0.4125 0.697222 0.4125 0.688889 0.410937 0.686111 0.410937 0.675 0.409375 0.672222 0.409375 0.652778 0.407813 0.65 0.407813 0.644444 0.40625 0.641667 0.40625 0.633333 0.404687 0.630556 0.404687 0.622222 0.403125 0.619444 0.403125 0.613889 0.401563 0.611111 0.401563 0.608333 0.4 0.605556 0.4 0.602778 0.398438 0.6 0.398438 0.597222 0.396875 0.594444 0.396875 0.591667 0.39375 0.586111 0.39375 0.583333 0.390625 0.577778 0.390625 0.575 0.382812 0.561111 0.38125 0.561111 0.379687 0.558333 0.378125 0.558333 0.376563 0.555556 0.375 0.555556 0.373437 0.552778 0.371875 0.552778 0.370313 0.55 0.370313 0.538889 0.503404
46 0.003125 0.461111 0.003125 0.569444 0.009375 0.569444 0.0109375 0.566667 0.0140625 0.566667 0.015625 0.563889 0.040625 0.563889 0.0421875 0.566667 0.0453125 0.566667 0.0484375 0.572222 0.0484375 0.575 0.05 0.577778 0.05 0.580556 0.0546875 0.588889 0.0578125 0.588889 0.059375 0.591667 0.06875 0.591667 0.0703125 0.594444 0.084375 0.594444 0.0859375 0.597222 0.110937 0.597222 0.1125 0.6 0.115625 0.6 0.117188 0.597222 0.121875 0.597222 0.123438 0.594444 0.123438 0.591667 0.125 0.588889 0.125 0.575 0.126563 0.572222 0.126563 0.569444 0.128125 0.566667 0.132812 0.566667 0.132812 0.552778 0.126563 0.552778 0.125 0.55 0.123438 0.55 0.121875 0.547222 0.11875 0.547222 0.117188 0.544444 0.110937 0.544444 0.109375 0.541667 0.0953125 0.541667 0.09375 0.538889 0.078125 0.538889 0.075 0.533333 0.0734375 0.533333 0.071875 0.530556 0.0703125 0.530556 0.0671875 0.525 0.065625 0.525 0.0609375 0.516667 0.059375 0.516667 0.05625 0.511111 0.0546875 0.511111 0.053125 0.508333 0.0453125 0.508333 0.04375 0.505556 0.040625 0.505556 0.0375 0.5 0.0359375 0.5 0.034375 0.497222 0.0328125 0.497222 0.025 0.483333 0.0234375 0.483333 0.0171875 0.472222 0.0171875 0.461111 0.331729
0 0.270312 0.538889 0.270312 0.547222 0.267188 0.552778 0.265625 0.552778 0.264062 0.555556 0.2625 0.555556 0.245312 0.586111 0.245312 0.591667 0.239063 0.602778 0.239063 0.605556 0.2375 0.608333 0.2375 0.613889 0.235938 0.616667 0.235938 0.619444 0.234375 0.622222 0.234375 0.625 0.232812 0.627778 0.232812 0.636111 0.23125 0.638889 0.23125 0.647222 0.229687 0.65 0.229687 0.688889 0.23125 0.691667 0.23125 0.705556 0.232812 0.708333 0.232812 0.722222 0.234375 0.725 0.234375 0.736111 0.232812 0.738889 0.232812 0.744444 0.23125 0.747222 0.23125 0.752778 0.229687 0.755556 0.229687 0.763889 0.228125 0.766667 0.228125 0.775 0.229687 0.777778 0.229687 0.783333 0.23125 0.786111 0.23125 0.788889 0.232812 0.791667 0.232812 0.794444 0.234375 0.797222 0.234375 0.8 0.235938 0.802778 0.235938 0.805556 0.239063 0.811111 0.239063 0.813889 0.242188 0.819444 0.242188 0.822222 0.24375 0.825 0.24375 0.830556 0.245312 0.833333 0.245312 0.836111 0.246875 0.838889 0.246875 0.841667 0.251563 0.85 0.251563 0.852778 0.254687 0.858333 0.254687 0.863889 0.25625 0.866667 0.25625 0.883333 0.254687 0.886111 0.253125 0.886111 0.25 0.891667 0.248437 0.891667 0.246875 0.894444 0.245312 0.894444 0.2375 0.908333 0.235938 0.908333 0.23125 0.916667 0.229687 0.916667 0.226562 0.922222 0.225 0.922222 0.221875 0.927778 0.220313 0.927778 0.214062 0.938889 0.2125 0.938889 0.207813 0.947222 0.20625 0.947222 0.203125 0.952778 0.201562 0.952778 0.2 0.955556 0.198437 0.955556 0.195312 0.961111 0.192188 0.961111 0.190625 0.963889 0.189063 0.963889 0.184375 0.972222 0.182812 0.972222 0.179688 0.977778 0.178125 0.977778 0.175 0.983333 0.173438 0.983333 0.171875 0.986111 0.165625 0.986111 0.165625 1 0.945312 1 0.945312 0.708333 0.940625 0.708333 0.935938 0.716667 0.935938 0.719444 0.923437 0.741667 0.923437 0.744444 0.920313 0.75 0.920313 0.752778 0.915625 0.761111 0.915625 0.763889 0.914062 0.766667 0.914062 0.772222 0.9125 0.775 0.9125 0.777778 0.910937 0.780556 0.910937 0.783333 0.909375 0.786111 0.909375 0.791667 0.90625 0.797222 0.90625 0.8 0.903125 0.805556 0.903125 0.808333 0.898438 0.816667 0.896875 0.816667 0.895312 0.819444 0.89375 0.819444 0.892187 0.822222 0.889063 0.822222 0.8875 0.825 0.879687 0.825 0.878125 0.827778 0.875 0.827778 0.873438 0.830556 0.871875 0.830556 0.870313 0.833333 0.86875 0.833333 0.865625 0.838889 0.864062 0.838889 0.8625 0.841667 0.860937 0.841667 0.859375 0.844444 0.85625 0.844444 0.854688 0.847222 0.851562 0.847222 0.85 0.85 0.846875 0.85 0.845312 0.852778 0.84375 0.852778 0.839063 0.861111 0.8375 0.861111 0.834375 0.866667 0.83125 0.866667 0.829687 0.869444 0.826563 0.869444 0.825 0.872222 0.820312 0.872222 0.81875 0.875 0.817187 0.875 0.815625 0.877778 0.8125 0.877778 0.810938 0.880556 0.80625 0.880556 0.804688 0.883333 0.801562 0.883333 0.8 0.886111 0.796875 0.886111 0.795313 0.888889 0.790625 0.888889 0.789062 0.891667 0.784375 0.891667 0.782812 0.894444 0.779688 0.894444 0.778125 0.897222 0.776563 0.897222 0.775 0.9 0.773438 0.9 0.771875 0.902778 0.770312 0.902778 0.76875 0.905556 0.767187 0.905556 0.764063 0.911111 0.7625 0.911111 0.760938 0.913889 0.759375 0.913889 0.757812 0.916667 0.751562 0.916667 0.75 0.919444 0.742188 0.919444 0.740625 0.922222 0.735937 0.922222 0.734375 0.925 0.73125 0.925 0.729688 0.927778 0.726562 0.927778 0.725 0.930556 0.721875 0.930556 0.7125 0.947222 0.709375 0.947222 0.707812 0.95 0.7 0.95 0.698438 0.947222 0.689062 0.947222 0.6875 0.944444 0.682813 0.944444 0.68125 0.941667 0.607813 0.941667 0.60625 0.938889 0.601562 0.938889 0.596875 0.930556 0.595312 0.930556 0.59375 0.927778 0.592188 0.927778 0.590625 0.925 0.5875 0.925 0.585938 0.922222 0.579687 0.922222 0.578125 0.919444 0.575 0.919444 0.573438 0.916667 0.56875 0.916667 0.567187 0.913889 0.564062 0.913889 0.5625 0.911111 0.559375 0.911111 0.557813 0.908333 0.554688 0.908333 0.553125 0.905556 0.551562 0.905556 0.55 0.902778 0.546875 0.902778 0.545313 0.9 0.542188 0.9 0.540625 0.897222 0.539062 0.897222 0.5375 0.894444 0.535937 0.894444 0.534375 0.891667 0.53125 0.891667 0.529688 0.888889 0.528125 0.888889 0.526563 0.886111 0.523438 0.886111 0.521875 0.883333 0.51875 0.883333 0.517187 0.886111 0.514063 0.886111 0.5125 0.883333 0.507812 0.883333 0.50625 0.880556 0.490625 0.880556 0.489062 0.883333 0.476562 0.883333 0.475 0.880556 0.460938 0.880556 0.459375 0.877778 0.45625 0.877778 0.453125 0.872222 0.45 0.872222 0.448438 0.869444 0.440625 0.869444 0.439063 0.866667 0.434375 0.866667 0.432813 0.863889 0.428125 0.863889 0.420312 0.85 0.420312 0.825 0.421875 0.822222 0.421875 0.747222 0.420312 0.744444 0.420312 0.733333 0.41875 0.730556 0.41875 0.722222 0.417188 0.719444 0.417188 0.713889 0.415625 0.711111 0.415625 0.705556 0.414062 0.702778 0.414062 0.7 0.4125 0.697222 0.4125 0.688889 0.410937 0.686111 0.410937 0.675 0.409375 0.672222 0.409375 0.652778 0.407813 0.65 0.407813 0.644444 0.40625 0.641667 0.40625 0.633333 0.404687 0.630556 0.404687 0.622222 0.403125 0.619444 0.403125 0.613889 0.401563 0.611111 0.401563 0.608333 0.4 0.605556 0.4 0.602778 0.398438 0.6 0.398438 0.597222 0.396875 0.594444 0.396875 0.591667 0.39375 0.586111 0.39375 0.583333 0.390625 0.577778 0.390625 0.575 0.382812 0.561111 0.38125 0.561111 0.379687 0.558333 0.378125 0.558333 0.376563 0.555556 0.375 0.555556 0.373437 0.552778 0.371875 0.552778 0.370313 0.55 0.370313 0.538889 0.503404
46 0.003125 0.461111 0.003125 0.569444 0.009375 0.569444 0.0109375 0.566667 0.0140625 0.566667 0.015625 0.563889 0.040625 0.563889 0.0421875 0.566667 0.0453125 0.566667 0.0484375 0.572222 0.0484375 0.575 0.05 0.577778 0.05 0.580556 0.0546875 0.588889 0.0578125 0.588889 0.059375 0.591667 0.06875 0.591667 0.0703125 0.594444 0.084375 0.594444 0.0859375 0.597222 0.110937 0.597222 0.1125 0.6 0.115625 0.6 0.117188 0.597222 0.121875 0.597222 0.123438 0.594444 0.123438 0.591667 0.125 0.588889 0.125 0.575 0.126563 0.572222 0.126563 0.569444 0.128125 0.566667 0.132812 0.566667 0.132812 0.552778 0.126563 0.552778 0.125 0.55 0.123438 0.55 0.121875 0.547222 0.11875 0.547222 0.117188 0.544444 0.110937 0.544444 0.109375 0.541667 0.0953125 0.541667 0.09375 0.538889 0.078125 0.538889 0.075 0.533333 0.0734375 0.533333 0.071875 0.530556 0.0703125 0.530556 0.0671875 0.525 0.065625 0.525 0.0609375 0.516667 0.059375 0.516667 0.05625 0.511111 0.0546875 0.511111 0.053125 0.508333 0.0453125 0.508333 0.04375 0.505556 0.040625 0.505556 0.0375 0.5 0.0359375 0.5 0.034375 0.497222 0.0328125 0.497222 0.025 0.483333 0.0234375 0.483333 0.0171875 0.472222 0.0171875 0.461111 0.331729
0 0.270312 0.538889 0.270312 0.547222 0.267188 0.552778 0.265625 0.552778 0.264062 0.555556 0.2625 0.555556 0.245312 0.586111 0.245312 0.591667 0.239063 0.602778 0.239063 0.605556 0.2375 0.608333 0.2375 0.613889 0.235938 0.616667 0.235938 0.619444 0.234375 0.622222 0.234375 0.625 0.232812 0.627778 0.232812 0.636111 0.23125 0.638889 0.23125 0.647222 0.229687 0.65 0.229687 0.688889 0.23125 0.691667 0.23125 0.705556 0.232812 0.708333 0.232812 0.722222 0.234375 0.725 0.234375 0.736111 0.232812 0.738889 0.232812 0.744444 0.23125 0.747222 0.23125 0.752778 0.229687 0.755556 0.229687 0.763889 0.228125 0.766667 0.228125 0.775 0.229687 0.777778 0.229687 0.783333 0.23125 0.786111 0.23125 0.788889 0.232812 0.791667 0.232812 0.794444 0.234375 0.797222 0.234375 0.8 0.235938 0.802778 0.235938 0.805556 0.239063 0.811111 0.239063 0.813889 0.242188 0.819444 0.242188 0.822222 0.24375 0.825 0.24375 0.830556 0.245312 0.833333 0.245312 0.836111 0.246875 0.838889 0.246875 0.841667 0.251563 0.85 0.251563 0.852778 0.254687 0.858333 0.254687 0.863889 0.25625 0.866667 0.25625 0.883333 0.254687 0.886111 0.253125 0.886111 0.25 0.891667 0.248437 0.891667 0.246875 0.894444 0.245312 0.894444 0.2375 0.908333 0.235938 0.908333 0.23125 0.916667 0.229687 0.916667 0.226562 0.922222 0.225 0.922222 0.221875 0.927778 0.220313 0.927778 0.214062 0.938889 0.2125 0.938889 0.207813 0.947222 0.20625 0.947222 0.203125 0.952778 0.201562 0.952778 0.2 0.955556 0.198437 0.955556 0.195312 0.961111 0.192188 0.961111 0.190625 0.963889 0.189063 0.963889 0.184375 0.972222 0.182812 0.972222 0.179688 0.977778 0.178125 0.977778 0.175 0.983333 0.173438 0.983333 0.171875 0.986111 0.165625 0.986111 0.165625 1 0.945312 1 0.945312 0.708333 0.940625 0.708333 0.935938 0.716667 0.935938 0.719444 0.923437 0.741667 0.923437 0.744444 0.920313 0.75 0.920313 0.752778 0.915625 0.761111 0.915625 0.763889 0.914062 0.766667 0.914062 0.772222 0.9125 0.775 0.9125 0.777778 0.910937 0.780556 0.910937 0.783333 0.909375 0.786111 0.909375 0.791667 0.90625 0.797222 0.90625 0.8 0.903125 0.805556 0.903125 0.808333 0.898438 0.816667 0.896875 0.816667 0.895312 0.819444 0.89375 0.819444 0.892187 0.822222 0.889063 0.822222 0.8875 0.825 0.879687 0.825 0.878125 0.827778 0.875 0.827778 0.873438 0.830556 0.871875 0.830556 0.870313 0.833333 0.86875 0.833333 0.865625 0.838889 0.864062 0.838889 0.8625 0.841667 0.860937 0.841667 0.859375 0.844444 0.85625 0.844444 0.854688 0.847222 0.851562 0.847222 0.85 0.85 0.846875 0.85 0.845312 0.852778 0.84375 0.852778 0.839063 0.861111 0.8375 0.861111 0.834375 0.866667 0.83125 0.866667 0.829687 0.869444 0.826563 0.869444 0.825 0.872222 0.820312 0.872222 0.81875 0.875 0.817187 0.875 0.815625 0.877778 0.8125 0.877778 0.810938 0.880556 0.80625 0.880556 0.804688 0.883333 0.801562 0.883333 0.8 0.886111 0.796875 0.886111 0.795313 0.888889 0.790625 0.888889 0.789062 0.891667 0.784375 0.891667 0.782812 0.894444 0.779688 0.894444 0.778125 0.897222 0.776563 0.897222 0.775 0.9 0.773438 0.9 0.771875 0.902778 0.770312 0.902778 0.76875 0.905556 0.767187 0.905556 0.764063 0.911111 0.7625 0.911111 0.760938 0.913889 0.759375 0.913889 0.757812 0.916667 0.751562 0.916667 0.75 0.919444 0.742188 0.919444 0.740625 0.922222 0.735937 0.922222 0.734375 0.925 0.73125 0.925 0.729688 0.927778 0.726562 0.927778 0.725 0.930556 0.721875 0.930556 0.7125 0.947222 0.709375 0.947222 0.707812 0.95 0.7 0.95 0.698438 0.947222 0.689062 0.947222 0.6875 0.944444 0.682813 0.944444 0.68125 0.941667 0.607813 0.941667 0.60625 0.938889 0.601562 0.938889 0.596875 0.930556 0.595312 0.930556 0.59375 0.927778 0.592188 0.927778 0.590625 0.925 0.5875 0.925 0.585938 0.922222 0.579687 0.922222 0.578125 0.919444 0.575 0.919444 0.573438 0.916667 0.56875 0.916667 0.567187 0.913889 0.564062 0.913889 0.5625 0.911111 0.559375 0.911111 0.557813 0.908333 0.554688 0.908333 0.553125 0.905556 0.551562 0.905556 0.55 0.902778 0.546875 0.902778 0.545313 0.9 0.542188 0.9 0.540625 0.897222 0.539062 0.897222 0.5375 0.894444 0.535937 0.894444 0.534375 0.891667 0.53125 0.891667 0.529688 0.888889 0.528125 0.888889 0.526563 0.886111 0.523438 0.886111 0.521875 0.883333 0.51875 0.883333 0.517187 0.886111 0.514063 0.886111 0.5125 0.883333 0.507812 0.883333 0.50625 0.880556 0.490625 0.880556 0.489062 0.883333 0.476562 0.883333 0.475 0.880556 0.460938 0.880556 0.459375 0.877778 0.45625 0.877778 0.453125 0.872222 0.45 0.872222 0.448438 0.869444 0.440625 0.869444 0.439063 0.866667 0.434375 0.866667 0.432813 0.863889 0.428125 0.863889 0.420312 0.85 0.420312 0.825 0.421875 0.822222 0.421875 0.747222 0.420312 0.744444 0.420312 0.733333 0.41875 0.730556 0.41875 0.722222 0.417188 0.719444 0.417188 0.713889 0.415625 0.711111 0.415625 0.705556 0.414062 0.702778 0.414062 0.7 0.4125 0.697222 0.4125 0.688889 0.410937 0.686111 0.410937 0.675 0.409375 0.672222 0.409375 0.652778 0.407813 0.65 0.407813 0.644444 0.40625 0.641667 0.40625 0.633333 0.404687 0.630556 0.404687 0.622222 0.403125 0.619444 0.403125 0.613889 0.401563 0.611111 0.401563 0.608333 0.4 0.605556 0.4 0.602778 0.398438 0.6 0.398438 0.597222 0.396875 0.594444 0.396875 0.591667 0.39375 0.586111 0.39375 0.583333 0.390625 0.577778 0.390625 0.575 0.382812 0.561111 0.38125 0.561111 0.379687 0.558333 0.378125 0.558333 0.376563 0.555556 0.375 0.555556 0.373437 0.552778 0.371875 0.552778 0.370313 0.55 0.370313 0.538889 0.503404
46 0.003125 0.461111 0.003125 0.569444 0.009375 0.569444 0.0109375 0.566667 0.0140625 0.566667 0.015625 0.563889 0.040625 0.563889 0.0421875 0.566667 0.0453125 0.566667 0.0484375 0.572222 0.0484375 0.575 0.05 0.577778 0.05 0.580556 0.0546875 0.588889 0.0578125 0.588889 0.059375 0.591667 0.06875 0.591667 0.0703125 0.594444 0.084375 0.594444 0.0859375 0.597222 0.110937 0.597222 0.1125 0.6 0.115625 0.6 0.117188 0.597222 0.121875 0.597222 0.123438 0.594444 0.123438 0.591667 0.125 0.588889 0.125 0.575 0.126563 0.572222 0.126563 0.569444 0.128125 0.566667 0.132812 0.566667 0.132812 0.552778 0.126563 0.552778 0.125 0.55 0.123438 0.55 0.121875 0.547222 0.11875 0.547222 0.117188 0.544444 0.110937 0.544444 0.109375 0.541667 0.0953125 0.541667 0.09375 0.538889 0.078125 0.538889 0.075 0.533333 0.0734375 0.533333 0.071875 0.530556 0.0703125 0.530556 0.0671875 0.525 0.065625 0.525 0.0609375 0.516667 0.059375 0.516667 0.05625 0.511111 0.0546875 0.511111 0.053125 0.508333 0.0453125 0.508333 0.04375 0.505556 0.040625 0.505556 0.0375 0.5 0.0359375 0.5 0.034375 0.497222 0.0328125 0.497222 0.025 0.483333 0.0234375 0.483333 0.0171875 0.472222 0.0171875 0.461111 0.331729
0 0.270312 0.538889 0.270312 0.547222 0.267188 0.552778 0.265625 0.552778 0.264062 0.555556 0.2625 0.555556 0.245312 0.586111 0.245312 0.591667 0.239063 0.602778 0.239063 0.605556 0.2375 0.608333 0.2375 0.613889 0.235938 0.616667 0.235938 0.619444 0.234375 0.622222 0.234375 0.625 0.232812 0.627778 0.232812 0.636111 0.23125 0.638889 0.23125 0.647222 0.229687 0.65 0.229687 0.688889 0.23125 0.691667 0.23125 0.705556 0.232812 0.708333 0.232812 0.722222 0.234375 0.725 0.234375 0.736111 0.232812 0.738889 0.232812 0.744444 0.23125 0.747222 0.23125 0.752778 0.229687 0.755556 0.229687 0.763889 0.228125 0.766667 0.228125 0.775 0.229687 0.777778 0.229687 0.783333 0.23125 0.786111 0.23125 0.788889 0.232812 0.791667 0.232812 0.794444 0.234375 0.797222 0.234375 0.8 0.235938 0.802778 0.235938 0.805556 0.239063 0.811111 0.239063 0.813889 0.242188 0.819444 0.242188 0.822222 0.24375 0.825 0.24375 0.830556 0.245312 0.833333 0.245312 0.836111 0.246875 0.838889 0.246875 0.841667 0.251563 0.85 0.251563 0.852778 0.254687 0.858333 0.254687 0.863889 0.25625 0.866667 0.25625 0.883333 0.254687 0.886111 0.253125 0.886111 0.25 0.891667 0.248437 0.891667 0.246875 0.894444 0.245312 0.894444 0.2375 0.908333 0.235938 0.908333 0.23125 0.916667 0.229687 0.916667 0.226562 0.922222 0.225 0.922222 0.221875 0.927778 0.220313 0.927778 0.214062 0.938889 0.2125 0.938889 0.207813 0.947222 0.20625 0.947222 0.203125 0.952778 0.201562 0.952778 0.2 0.955556 0.198437 0.955556 0.195312 0.961111 0.192188 0.961111 0.190625 0.963889 0.189063 0.963889 0.184375 0.972222 0.182812 0.972222 0.179688 0.977778 0.178125 0.977778 0.175 0.983333 0.173438 0.983333 0.171875 0.986111 0.165625 0.986111 0.165625 1 0.945312 1 0.945312 0.708333 0.940625 0.708333 0.935938 0.716667 0.935938 0.719444 0.923437 0.741667 0.923437 0.744444 0.920313 0.75 0.920313 0.752778 0.915625 0.761111 0.915625 0.763889 0.914062 0.766667 0.914062 0.772222 0.9125 0.775 0.9125 0.777778 0.910937 0.780556 0.910937 0.783333 0.909375 0.786111 0.909375 0.791667 0.90625 0.797222 0.90625 0.8 0.903125 0.805556 0.903125 0.808333 0.898438 0.816667 0.896875 0.816667 0.895312 0.819444 0.89375 0.819444 0.892187 0.822222 0.889063 0.822222 0.8875 0.825 0.879687 0.825 0.878125 0.827778 0.875 0.827778 0.873438 0.830556 0.871875 0.830556 0.870313 0.833333 0.86875 0.833333 0.865625 0.838889 0.864062 0.838889 0.8625 0.841667 0.860937 0.841667 0.859375 0.844444 0.85625 0.844444 0.854688 0.847222 0.851562 0.847222 0.85 0.85 0.846875 0.85 0.845312 0.852778 0.84375 0.852778 0.839063 0.861111 0.8375 0.861111 0.834375 0.866667 0.83125 0.866667 0.829687 0.869444 0.826563 0.869444 0.825 0.872222 0.820312 0.872222 0.81875 0.875 0.817187 0.875 0.815625 0.877778 0.8125 0.877778 0.810938 0.880556 0.80625 0.880556 0.804688 0.883333 0.801562 0.883333 0.8 0.886111 0.796875 0.886111 0.795313 0.888889 0.790625 0.888889 0.789062 0.891667 0.784375 0.891667 0.782812 0.894444 0.779688 0.894444 0.778125 0.897222 0.776563 0.897222 0.775 0.9 0.773438 0.9 0.771875 0.902778 0.770312 0.902778 0.76875 0.905556 0.767187 0.905556 0.764063 0.911111 0.7625 0.911111 0.760938 0.913889 0.759375 0.913889 0.757812 0.916667 0.751562 0.916667 0.75 0.919444 0.742188 0.919444 0.740625 0.922222 0.735937 0.922222 0.734375 0.925 0.73125 0.925 0.729688 0.927778 0.726562 0.927778 0.725 0.930556 0.721875 0.930556 0.7125 0.947222 0.709375 0.947222 0.707812 0.95 0.7 0.95 0.698438 0.947222 0.689062 0.947222 0.6875 0.944444 0.682813 0.944444 0.68125 0.941667 0.607813 0.941667 0.60625 0.938889 0.601562 0.938889 0.596875 0.930556 0.595312 0.930556 0.59375 0.927778 0.592188 0.927778 0.590625 0.925 0.5875 0.925 0.585938 0.922222 0.579687 0.922222 0.578125 0.919444 0.575 0.919444 0.573438 0.916667 0.56875 0.916667 0.567187 0.913889 0.564062 0.913889 0.5625 0.911111 0.559375 0.911111 0.557813 0.908333 0.554688 0.908333 0.553125 0.905556 0.551562 0.905556 0.55 0.902778 0.546875 0.902778 0.545313 0.9 0.542188 0.9 0.540625 0.897222 0.539062 0.897222 0.5375 0.894444 0.535937 0.894444 0.534375 0.891667 0.53125 0.891667 0.529688 0.888889 0.528125 0.888889 0.526563 0.886111 0.523438 0.886111 0.521875 0.883333 0.51875 0.883333 0.517187 0.886111 0.514063 0.886111 0.5125 0.883333 0.507812 0.883333 0.50625 0.880556 0.490625 0.880556 0.489062 0.883333 0.476562 0.883333 0.475 0.880556 0.460938 0.880556 0.459375 0.877778 0.45625 0.877778 0.453125 0.872222 0.45 0.872222 0.448438 0.869444 0.440625 0.869444 0.439063 0.866667 0.434375 0.866667 0.432813 0.863889 0.428125 0.863889 0.420312 0.85 0.420312 0.825 0.421875 0.822222 0.421875 0.747222 0.420312 0.744444 0.420312 0.733333 0.41875 0.730556 0.41875 0.722222 0.417188 0.719444 0.417188 0.713889 0.415625 0.711111 0.415625 0.705556 0.414062 0.702778 0.414062 0.7 0.4125 0.697222 0.4125 0.688889 0.410937 0.686111 0.410937 0.675 0.409375 0.672222 0.409375 0.652778 0.407813 0.65 0.407813 0.644444 0.40625 0.641667 0.40625 0.633333 0.404687 0.630556 0.404687 0.622222 0.403125 0.619444 0.403125 0.613889 0.401563 0.611111 0.401563 0.608333 0.4 0.605556 0.4 0.602778 0.398438 0.6 0.398438 0.597222 0.396875 0.594444 0.396875 0.591667 0.39375 0.586111 0.39375 0.583333 0.390625 0.577778 0.390625 0.575 0.382812 0.561111 0.38125 0.561111 0.379687 0.558333 0.378125 0.558333 0.376563 0.555556 0.375 0.555556 0.373437 0.552778 0.371875 0.552778 0.370313 0.55 0.370313 0.538889 0.503404
46 0.003125 0.461111 0.003125 0.569444 0.009375 0.569444 0.0109375 0.566667 0.0140625 0.566667 0.015625 0.563889 0.040625 0.563889 0.0421875 0.566667 0.0453125 0.566667 0.0484375 0.572222 0.0484375 0.575 0.05 0.577778 0.05 0.580556 0.0546875 0.588889 0.0578125 0.588889 0.059375 0.591667 0.06875 0.591667 0.0703125 0.594444 0.084375 0.594444 0.0859375 0.597222 0.110937 0.597222 0.1125 0.6 0.115625 0.6 0.117188 0.597222 0.121875 0.597222 0.123438 0.594444 0.123438 0.591667 0.125 0.588889 0.125 0.575 0.126563 0.572222 0.126563 0.569444 0.128125 0.566667 0.132812 0.566667 0.132812 0.552778 0.126563 0.552778 0.125 0.55 0.123438 0.55 0.121875 0.547222 0.11875 0.547222 0.117188 0.544444 0.110937 0.544444 0.109375 0.541667 0.0953125 0.541667 0.09375 0.538889 0.078125 0.538889 0.075 0.533333 0.0734375 0.533333 0.071875 0.530556 0.0703125 0.530556 0.0671875 0.525 0.065625 0.525 0.0609375 0.516667 0.059375 0.516667 0.05625 0.511111 0.0546875 0.511111 0.053125 0.508333 0.0453125 0.508333 0.04375 0.505556 0.040625 0.505556 0.0375 0.5 0.0359375 0.5 0.034375 0.497222 0.0328125 0.497222 0.025 0.483333 0.0234375 0.483333 0.0171875 0.472222 0.0171875 0.461111 0.331729
0 0.270312 0.538889 0.270312 0.547222 0.267188 0.552778 0.265625 0.552778 0.264062 0.555556 0.2625 0.555556 0.245312 0.586111 0.245312 0.591667 0.239063 0.602778 0.239063 0.605556 0.2375 0.608333 0.2375 0.613889 0.235938 0.616667 0.235938 0.619444 0.234375 0.622222 0.234375 0.625 0.232812 0.627778 0.232812 0.636111 0.23125 0.638889 0.23125 0.647222 0.229687 0.65 0.229687 0.688889 0.23125 0.691667 0.23125 0.705556 0.232812 0.708333 0.232812 0.722222 0.234375 0.725 0.234375 0.736111 0.232812 0.738889 0.232812 0.744444 0.23125 0.747222 0.23125 0.752778 0.229687 0.755556 0.229687 0.763889 0.228125 0.766667 0.228125 0.775 0.229687 0.777778 0.229687 0.783333 0.23125 0.786111 0.23125 0.788889 0.232812 0.791667 0.232812 0.794444 0.234375 0.797222 0.234375 0.8 0.235938 0.802778 0.235938 0.805556 0.239063 0.811111 0.239063 0.813889 0.242188 0.819444 0.242188 0.822222 0.24375 0.825 0.24375 0.830556 0.245312 0.833333 0.245312 0.836111 0.246875 0.838889 0.246875 0.841667 0.251563 0.85 0.251563 0.852778 0.254687 0.858333 0.254687 0.863889 0.25625 0.866667 0.25625 0.883333 0.254687 0.886111 0.253125 0.886111 0.25 0.891667 0.248437 0.891667 0.246875 0.894444 0.245312 0.894444 0.2375 0.908333 0.235938 0.908333 0.23125 0.916667 0.229687 0.916667 0.226562 0.922222 0.225 0.922222 0.221875 0.927778 0.220313 0.927778 0.214062 0.938889 0.2125 0.938889 0.207813 0.947222 0.20625 0.947222 0.203125 0.952778 0.201562 0.952778 0.2 0.955556 0.198437 0.955556 0.195312 0.961111 0.192188 0.961111 0.190625 0.963889 0.189063 0.963889 0.184375 0.972222 0.182812 0.972222 0.179688 0.977778 0.178125 0.977778 0.175 0.983333 0.173438 0.983333 0.171875 0.986111 0.165625 0.986111 0.165625 1 0.945312 1 0.945312 0.708333 0.940625 0.708333 0.935938 0.716667 0.935938 0.719444 0.923437 0.741667 0.923437 0.744444 0.920313 0.75 0.920313 0.752778 0.915625 0.761111 0.915625 0.763889 0.914062 0.766667 0.914062 0.772222 0.9125 0.775 0.9125 0.777778 0.910937 0.780556 0.910937 0.783333 0.909375 0.786111 0.909375 0.791667 0.90625 0.797222 0.90625 0.8 0.903125 0.805556 0.903125 0.808333 0.898438 0.816667 0.896875 0.816667 0.895312 0.819444 0.89375 0.819444 0.892187 0.822222 0.889063 0.822222 0.8875 0.825 0.879687 0.825 0.878125 0.827778 0.875 0.827778 0.873438 0.830556 0.871875 0.830556 0.870313 0.833333 0.86875 0.833333 0.865625 0.838889 0.864062 0.838889 0.8625 0.841667 0.860937 0.841667 0.859375 0.844444 0.85625 0.844444 0.854688 0.847222 0.851562 0.847222 0.85 0.85 0.846875 0.85 0.845312 0.852778 0.84375 0.852778 0.839063 0.861111 0.8375 0.861111 0.834375 0.866667 0.83125 0.866667 0.829687 0.869444 0.826563 0.869444 0.825 0.872222 0.820312 0.872222 0.81875 0.875 0.817187 0.875 0.815625 0.877778 0.8125 0.877778 0.810938 0.880556 0.80625 0.880556 0.804688 0.883333 0.801562 0.883333 0.8 0.886111 0.796875 0.886111 0.795313 0.888889 0.790625 0.888889 0.789062 0.891667 0.784375 0.891667 0.782812 0.894444 0.779688 0.894444 0.778125 0.897222 0.776563 0.897222 0.775 0.9 0.773438 0.9 0.771875 0.902778 0.770312 0.902778 0.76875 0.905556 0.767187 0.905556 0.764063 0.911111 0.7625 0.911111 0.760938 0.913889 0.759375 0.913889 0.757812 0.916667 0.751562 0.916667 0.75 0.919444 0.742188 0.919444 0.740625 0.922222 0.735937 0.922222 0.734375 0.925 0.73125 0.925 0.729688 0.927778 0.726562 0.927778 0.725 0.930556 0.721875 0.930556 0.7125 0.947222 0.709375 0.947222 0.707812 0.95 0.7 0.95 0.698438 0.947222 0.689062 0.947222 0.6875 0.944444 0.682813 0.944444 0.68125 0.941667 0.607813 0.941667 0.60625 0.938889 0.601562 0.938889 0.596875 0.930556 0.595312 0.930556 0.59375 0.927778 0.592188 0.927778 0.590625 0.925 0.5875 0.925 0.585938 0.922222 0.579687 0.922222 0.578125 0.919444 0.575 0.919444 0.573438 0.916667 0.56875 0.916667 0.567187 0.913889 0.564062 0.913889 0.5625 0.911111 0.559375 0.911111 0.557813 0.908333 0.554688 0.908333 0.553125 0.905556 0.551562 0.905556 0.55 0.902778 0.546875 0.902778 0.545313 0.9 0.542188 0.9 0.540625 0.897222 0.539062 0.897222 0.5375 0.894444 0.535937 0.894444 0.534375 0.891667 0.53125 0.891667 0.529688 0.888889 0.528125 0.888889 0.526563 0.886111 0.523438 0.886111 0.521875 0.883333 0.51875 0.883333 0.517187 0.886111 0.514063 0.886111 0.5125 0.883333 0.507812 0.883333 0.50625 0.880556 0.490625 0.880556 0.489062 0.883333 0.476562 0.883333 0.475 0.880556 0.460938 0.880556 0.459375 0.877778 0.45625 0.877778 0.453125 0.872222 0.45 0.872222 0.448438 0.869444 0.440625 0.869444 0.439063 0.866667 0.434375 0.866667 0.432813 0.863889 0.428125 0.863889 0.420312 0.85 0.420312 0.825 0.421875 0.822222 0.421875 0.747222 0.420312 0.744444 0.420312 0.733333 0.41875 0.730556 0.41875 0.722222 0.417188 0.719444 0.417188 0.713889 0.415625 0.711111 0.415625 0.705556 0.414062 0.702778 0.414062 0.7 0.4125 0.697222 0.4125 0.688889 0.410937 0.686111 0.410937 0.675 0.409375 0.672222 0.409375 0.652778 0.407813 0.65 0.407813 0.644444 0.40625 0.641667 0.40625 0.633333 0.404687 0.630556 0.404687 0.622222 0.403125 0.619444 0.403125 0.613889 0.401563 0.611111 0.401563 0.608333 0.4 0.605556 0.4 0.602778 0.398438 0.6 0.398438 0.597222 0.396875 0.594444 0.396875 0.591667 0.39375 0.586111 0.39375 0.583333 0.390625 0.577778 0.390625 0.575 0.382812 0.561111 0.38125 0.561111 0.379687 0.558333 0.378125 0.558333 0.376563 0.555556 0.375 0.555556 0.373437 0.552778 0.371875 0.552778 0.370313 0.55 0.370313 0.538889 0.503404
46 0.003125 0.461111 0.003125 0.569444 0.009375 0.569444 0.0109375 0.566667 0.0140625 0.566667 0.015625 0.563889 0.040625 0.563889 0.0421875 0.566667 0.0453125 0.566667 0.0484375 0.572222 0.0484375 0.575 0.05 0.577778 0.05 0.580556 0.0546875 0.588889 0.0578125 0.588889 0.059375 0.591667 0.06875 0.591667 0.0703125 0.594444 0.084375 0.594444 0.0859375 0.597222 0.110937 0.597222 0.1125 0.6 0.115625 0.6 0.117188 0.597222 0.121875 0.597222 0.123438 0.594444 0.123438 0.591667 0.125 0.588889 0.125 0.575 0.126563 0.572222 0.126563 0.569444 0.128125 0.566667 0.132812 0.566667 0.132812 0.552778 0.126563 0.552778 0.125 0.55 0.123438 0.55 0.121875 0.547222 0.11875 0.547222 0.117188 0.544444 0.110937 0.544444 0.109375 0.541667 0.0953125 0.541667 0.09375 0.538889 0.078125 0.538889 0.075 0.533333 0.0734375 0.533333 0.071875 0.530556 0.0703125 0.530556 0.0671875 0.525 0.065625 0.525 0.0609375 0.516667 0.059375 0.516667 0.05625 0.511111 0.0546875 0.511111 0.053125 0.508333 0.0453125 0.508333 0.04375 0.505556 0.040625 0.505556 0.0375 0.5 0.0359375 0.5 0.034375 0.497222 0.0328125 0.497222 0.025 0.483333 0.0234375 0.483333 0.0171875 0.472222 0.0171875 0.461111 0.331729
0 0.270312 0.538889 0.270312 0.547222 0.267188 0.552778 0.265625 0.552778 0.264062 0.555556 0.2625 0.555556 0.245312 0.586111 0.245312 0.591667 0.239063 0.602778 0.239063 0.605556 0.2375 0.608333 0.2375 0.613889 0.235938 0.616667 0.235938 0.619444 0.234375 0.622222 0.234375 0.625 0.232812 0.627778 0.232812 0.636111 0.23125 0.638889 0.23125 0.647222 0.229687 0.65 0.229687 0.688889 0.23125 0.691667 0.23125 0.705556 0.232812 0.708333 0.232812 0.722222 0.234375 0.725 0.234375 0.736111 0.232812 0.738889 0.232812 0.744444 0.23125 0.747222 0.23125 0.752778 0.229687 0.755556 0.229687 0.763889 0.228125 0.766667 0.228125 0.775 0.229687 0.777778 0.229687 0.783333 0.23125 0.786111 0.23125 0.788889 0.232812 0.791667 0.232812 0.794444 0.234375 0.797222 0.234375 0.8 0.235938 0.802778 0.235938 0.805556 0.239063 0.811111 0.239063 0.813889 0.242188 0.819444 0.242188 0.822222 0.24375 0.825 0.24375 0.830556 0.245312 0.833333 0.245312 0.836111 0.246875 0.838889 0.246875 0.841667 0.251563 0.85 0.251563 0.852778 0.254687 0.858333 0.254687 0.863889 0.25625 0.866667 0.25625 0.883333 0.254687 0.886111 0.253125 0.886111 0.25 0.891667 0.248437 0.891667 0.246875 0.894444 0.245312 0.894444 0.2375 0.908333 0.235938 0.908333 0.23125 0.916667 0.229687 0.916667 0.226562 0.922222 0.225 0.922222 0.221875 0.927778 0.220313 0.927778 0.214062 0.938889 0.2125 0.938889 0.207813 0.947222 0.20625 0.947222 0.203125 0.952778 0.201562 0.952778 0.2 0.955556 0.198437 0.955556 0.195312 0.961111 0.192188 0.961111 0.190625 0.963889 0.189063 0.963889 0.184375 0.972222 0.182812 0.972222 0.179688 0.977778 0.178125 0.977778 0.175 0.983333 0.173438 0.983333 0.171875 0.986111 0.165625 0.986111 0.165625 1 0.945312 1 0.945312 0.708333 0.940625 0.708333 0.935938 0.716667 0.935938 0.719444 0.923437 0.741667 0.923437 0.744444 0.920313 0.75 0.920313 0.752778 0.915625 0.761111 0.915625 0.763889 0.914062 0.766667 0.914062 0.772222 0.9125 0.775 0.9125 0.777778 0.910937 0.780556 0.910937 0.783333 0.909375 0.786111 0.909375 0.791667 0.90625 0.797222 0.90625 0.8 0.903125 0.805556 0.903125 0.808333 0.898438 0.816667 0.896875 0.816667 0.895312 0.819444 0.89375 0.819444 0.892187 0.822222 0.889063 0.822222 0.8875 0.825 0.879687 0.825 0.878125 0.827778 0.875 0.827778 0.873438 0.830556 0.871875 0.830556 0.870313 0.833333 0.86875 0.833333 0.865625 0.838889 0.864062 0.838889 0.8625 0.841667 0.860937 0.841667 0.859375 0.844444 0.85625 0.844444 0.854688 0.847222 0.851562 0.847222 0.85 0.85 0.846875 0.85 0.845312 0.852778 0.84375 0.852778 0.839063 0.861111 0.8375 0.861111 0.834375 0.866667 0.83125 0.866667 0.829687 0.869444 0.826563 0.869444 0.825 0.872222 0.820312 0.872222 0.81875 0.875 0.817187 0.875 0.815625 0.877778 0.8125 0.877778 0.810938 0.880556 0.80625 0.880556 0.804688 0.883333 0.801562 0.883333 0.8 0.886111 0.796875 0.886111 0.795313 0.888889 0.790625 0.888889 0.789062 0.891667 0.784375 0.891667 0.782812 0.894444 0.779688 0.894444 0.778125 0.897222 0.776563 0.897222 0.775 0.9 0.773438 0.9 0.771875 0.902778 0.770312 0.902778 0.76875 0.905556 0.767187 0.905556 0.764063 0.911111 0.7625 0.911111 0.760938 0.913889 0.759375 0.913889 0.757812 0.916667 0.751562 0.916667 0.75 0.919444 0.742188 0.919444 0.740625 0.922222 0.735937 0.922222 0.734375 0.925 0.73125 0.925 0.729688 0.927778 0.726562 0.927778 0.725 0.930556 0.721875 0.930556 0.7125 0.947222 0.709375 0.947222 0.707812 0.95 0.7 0.95 0.698438 0.947222 0.689062 0.947222 0.6875 0.944444 0.682813 0.944444 0.68125 0.941667 0.607813 0.941667 0.60625 0.938889 0.601562 0.938889 0.596875 0.930556 0.595312 0.930556 0.59375 0.927778 0.592188 0.927778 0.590625 0.925 0.5875 0.925 0.585938 0.922222 0.579687 0.922222 0.578125 0.919444 0.575 0.919444 0.573438 0.916667 0.56875 0.916667 0.567187 0.913889 0.564062 0.913889 0.5625 0.911111 0.559375 0.911111 0.557813 0.908333 0.554688 0.908333 0.553125 0.905556 0.551562 0.905556 0.55 0.902778 0.546875 0.902778 0.545313 0.9 0.542188 0.9 0.540625 0.897222 0.539062 0.897222 0.5375 0.894444 0.535937 0.894444 0.534375 0.891667 0.53125 0.891667 0.529688 0.888889 0.528125 0.888889 0.526563 0.886111 0.523438 0.886111 0.521875 0.883333 0.51875 0.883333 0.517187 0.886111 0.514063 0.886111 0.5125 0.883333 0.507812 0.883333 0.50625 0.880556 0.490625 0.880556 0.489062 0.883333 0.476562 0.883333 0.475 0.880556 0.460938 0.880556 0.459375 0.877778 0.45625 0.877778 0.453125 0.872222 0.45 0.872222 0.448438 0.869444 0.440625 0.869444 0.439063 0.866667 0.434375 0.866667 0.432813 0.863889 0.428125 0.863889 0.420312 0.85 0.420312 0.825 0.421875 0.822222 0.421875 0.747222 0.420312 0.744444 0.420312 0.733333 0.41875 0.730556 0.41875 0.722222 0.417188 0.719444 0.417188 0.713889 0.415625 0.711111 0.415625 0.705556 0.414062 0.702778 0.414062 0.7 0.4125 0.697222 0.4125 0.688889 0.410937 0.686111 0.410937 0.675 0.409375 0.672222 0.409375 0.652778 0.407813 0.65 0.407813 0.644444 0.40625 0.641667 0.40625 0.633333 0.404687 0.630556 0.404687 0.622222 0.403125 0.619444 0.403125 0.613889 0.401563 0.611111 0.401563 0.608333 0.4 0.605556 0.4 0.602778 0.398438 0.6 0.398438 0.597222 0.396875 0.594444 0.396875 0.591667 0.39375 0.586111 0.39375 0.583333 0.390625 0.577778 0.390625 0.575 0.382812 0.561111 0.38125 0.561111 0.379687 0.558333 0.378125 0.558333 0.376563 0.555556 0.375 0.555556 0.373437 0.552778 0.371875 0.552778 0.370313 0.55 0.370313 0.538889 0.503404
46 0.003125 0.461111 0.003125 0.569444 0.009375 0.569444 0.0109375 0.566667 0.0140625 0.566667 0.015625 0.563889 0.040625 0.563889 0.0421875 0.566667 0.0453125 0.566667 0.0484375 0.572222 0.0484375 0.575 0.05 0.577778 0.05 0.580556 0.0546875 0.588889 0.0578125 0.588889 0.059375 0.591667 0.06875 0.591667 0.0703125 0.594444 0.084375 0.594444 0.0859375 0.597222 0.110937 0.597222 0.1125 0.6 0.115625 0.6 0.117188 0.597222 0.121875 0.597222 0.123438 0.594444 0.123438 0.591667 0.125 0.588889 0.125 0.575 0.126563 0.572222 0.126563 0.569444 0.128125 0.566667 0.132812 0.566667 0.132812 0.552778 0.126563 0.552778 0.125 0.55 0.123438 0.55 0.121875 0.547222 0.11875 0.547222 0.117188 0.544444 0.110937 0.544444 0.109375 0.541667 0.0953125 0.541667 0.09375 0.538889 0.078125 0.538889 0.075 0.533333 0.0734375 0.533333 0.071875 0.530556 0.0703125 0.530556 0.0671875 0.525 0.065625 0.525 0.0609375 0.516667 0.059375 0.516667 0.05625 0.511111 0.0546875 0.511111 0.053125 0.508333 0.0453125 0.508333 0.04375 0.505556 0.040625 0.505556 0.0375 0.5 0.0359375 0.5 0.034375 0.497222 0.0328125 0.497222 0.025 0.483333 0.0234375 0.483333 0.0171875 0.472222 0.0171875 0.461111 0.331729
