62 0.159375 0.0388889 0.159375 0.85 0.165625 0.85 0.167187 0.852778 0.167187 0.855556 0.170312 0.861111 0.171875 0.861111 0.173438 0.863889 0.176563 0.863889 0.179688 0.869444 0.18125 0.869444 0.184375 0.875 0.1875 0.875 0.189063 0.877778 0.192188 0.877778 0.19375 0.880556 0.2 0.880556 0.201562 0.883333 0.207813 0.883333 0.209375 0.886111 0.217187 0.886111 0.21875 0.888889 0.229687 0.888889 0.23125 0.891667 0.253125 0.891667 0.254687 0.894444 0.260938 0.894444 0.2625 0.897222 0.270312 0.897222 0.271875 0.9 0.279687 0.9 0.28125 0.902778 0.309375 0.902778 0.310937 0.905556 0.328125 0.905556 0.329688 0.908333 0.348437 0.908333 0.35 0.911111 0.357812 0.911111 0.359375 0.913889 0.36875 0.913889 0.370313 0.911111 0.379687 0.911111 0.38125 0.908333 0.40625 0.908333 0.407813 0.911111 0.41875 0.911111 0.420312 0.913889 0.4375 0.913889 0.439063 0.916667 0.45 0.916667 0.451562 0.919444 0.4625 0.919444 0.464063 0.922222 0.490625 0.922222 0.492188 0.925 0.496875 0.925 0.498437 0.927778 0.507812 0.927778 0.509375 0.930556 0.517187 0.930556 0.51875 0.933333 0.523438 0.933333 0.525 0.936111 0.535937 0.936111 0.5375 0.938889 0.554688 0.938889 0.55625 0.941667 0.567187 0.941667 0.56875 0.944444 0.578125 0.944444 0.579687 0.947222 0.590625 0.947222 0.592188 0.95 0.604688 0.95 0.60625 0.952778 0.620313 0.952778 0.621875 0.955556 0.635938 0.955556 0.6375 0.958333 0.657812 0.958333 0.659375 0.961111 0.673437 0.961111 0.675 0.963889 0.682813 0.963889 0.684375 0.966667 0.7 0.966667 0.701563 0.969444 0.70625 0.969444 0.707812 0.972222 0.707812 0.980556 0.840625 0.980556 0.840625 0.969444 0.842188 0.966667 0.84375 0.966667 0.845312 0.963889 0.846875 0.963889 0.848437 0.961111 0.851562 0.961111 0.853125 0.958333 0.854688 0.958333 0.85625 0.955556 0.857813 0.955556 0.859375 0.952778 0.8625 0.952778 0.864062 0.95 0.865625 0.95 0.870313 0.941667 0.871875 0.941667 0.873438 0.938889 0.875 0.938889 0.879687 0.930556 0.88125 0.930556 0.885938 0.922222 0.885938 0.919444 0.889063 0.913889 0.889063 0.911111 0.890625 0.908333 0.890625 0.886111 0.892187 0.883333 0.892187 0.833333 0.89375 0.830556 0.89375 0.786111 0.895312 0.783333 0.895312 0.766667 0.896875 0.763889 0.896875 0.755556 0.898438 0.752778 0.898438 0.725 0.9 0.722222 0.9 0.708333 0.901563 0.705556 0.901563 0.680556 0.9 0.677778 0.9 0.611111 0.901563 0.608333 0.901563 0.544444 0.903125 0.541667 0.903125 0.488889 0.904688 0.486111 0.904688 0.45 0.90625 0.447222 0.90625 0.422222 0.907812 0.419444 0.907812 0.361111 0.909375 0.358333 0.909375 0.319444 0.910937 0.316667 0.910937 0.288889 0.9125 0.286111 0.9125 0.266667 0.914062 0.263889 0.914062 0.222222 0.915625 0.219444 0.920313 0.219444 0.920313 0.0861111 0.9125 0.0861111 0.910937 0.0833333 0.90625 0.0833333 0.904688 0.0805556 0.889063 0.0805556 0.8875 0.0777778 0.870313 0.0777778 0.86875 0.075 0.853125 0.075 0.851562 0.0722222 0.83125 0.0722222 0.829687 0.0694444 0.79375 0.0694444 0.792188 0.0666667 0.767187 0.0666667 0.765625 0.0638889 0.746875 0.0638889 0.745313 0.0611111 0.639063 0.0611111 0.6375 0.0583333 0.598437 0.0583333 0.596875 0.0555556 0.540625 0.0555556 0.539062 0.0527778 0.490625 0.0527778 0.489062 0.05 0.475 0.05 0.473437 0.0472222 0.473437 0.0388889 0.425202
67 0.159375 0.0388889 0.159375 0.85 0.165625 0.85 0.167187 0.852778 0.167187 0.855556 0.170312 0.861111 0.171875 0.861111 0.173438 0.863889 0.176563 0.863889 0.179688 0.869444 0.18125 0.869444 0.184375 0.875 0.1875 0.875 0.189063 0.877778 0.192188 0.877778 0.19375 0.880556 0.2 0.880556 0.201562 0.883333 0.207813 0.883333 0.209375 0.886111 0.217187 0.886111 0.21875 0.888889 0.229687 0.888889 0.23125 0.891667 0.253125 0.891667 0.254687 0.894444 0.260938 0.894444 0.2625 0.897222 0.270312 0.897222 0.271875 0.9 0.279687 0.9 0.28125 0.902778 0.309375 0.902778 0.310937 0.905556 0.328125 0.905556 0.329688 0.908333 0.348437 0.908333 0.35 0.911111 0.357812 0.911111 0.359375 0.913889 0.36875 0.913889 0.370313 0.911111 0.379687 0.911111 0.38125 0.908333 0.40625 0.908333 0.407813 0.911111 0.41875 0.911111 0.420312 0.913889 0.4375 0.913889 0.439063 0.916667 0.45 0.916667 0.451562 0.919444 0.4625 0.919444 0.464063 0.922222 0.490625 0.922222 0.492188 0.925 0.496875 0.925 0.498437 0.927778 0.507812 0.927778 0.509375 0.930556 0.517187 0.930556 0.51875 0.933333 0.523438 0.933333 0.525 0.936111 0.535937 0.936111 0.5375 0.938889 0.554688 0.938889 0.55625 0.941667 0.567187 0.941667 0.56875 0.944444 0.578125 0.944444 0.579687 0.947222 0.590625 0.947222 0.592188 0.95 0.604688 0.95 0.60625 0.952778 0.620313 0.952778 0.621875 0.955556 0.635938 0.955556 0.6375 0.958333 0.657812 0.958333 0.659375 0.961111 0.673437 0.961111 0.675 0.963889 0.682813 0.963889 0.684375 0.966667 0.7 0.966667 0.701563 0.969444 0.70625 0.969444 0.707812 0.972222 0.707812 0.980556 0.840625 0.980556 0.840625 0.969444 0.842188 0.966667 0.84375 0.966667 0.845312 0.963889 0.846875 0.963889 0.848437 0.961111 0.851562 0.961111 0.853125 0.958333 0.854688 0.958333 0.85625 0.955556 0.857813 0.955556 0.859375 0.952778 0.8625 0.952778 0.864062 0.95 0.865625 0.95 0.870313 0.941667 0.871875 0.941667 0.873438 0.938889 0.875 0.938889 0.879687 0.930556 0.88125 0.930556 0.885938 0.922222 0.885938 0.919444 0.889063 0.913889 0.889063 0.911111 0.890625 0.908333 0.890625 0.886111 0.892187 0.883333 0.892187 0.833333 0.89375 0.830556 0.89375 0.786111 0.895312 0.783333 0.895312 0.766667 0.896875 0.763889 0.896875 0.755556 0.898438 0.752778 0.898438 0.725 0.9 0.722222 0.9 0.708333 0.901563 0.705556 0.901563 0.680556 0.9 0.677778 0.9 0.611111 0.901563 0.608333 0.901563 0.544444 0.903125 0.541667 0.903125 0.488889 0.904688 0.486111 0.904688 0.45 0.90625 0.447222 0.90625 0.422222 0.907812 0.419444 0.907812 0.361111 0.909375 0.358333 0.909375 0.319444 0.910937 0.316667 0.910937 0.288889 0.9125 0.286111 0.9125 0.266667 0.914062 0.263889 0.914062 0.222222 0.915625 0.219444 0.920313 0.219444 0.920313 0.0861111 0.9125 0.0861111 0.910937 0.0833333 0.90625 0.0833333 0.904688 0.0805556 0.889063 0.0805556 0.8875 0.0777778 0.870313 0.0777778 0.86875 0.075 0.853125 0.075 0.851562 0.0722222 0.83125 0.0722222 0.829687 0.0694444 0.79375 0.0694444 0.792188 0.0666667 0.767187 0.0666667 0.765625 0.0638889 0.746875 0.0638889 0.745313 0.0611111 0.639063 0.0611111 0.6375 0.0583333 0.598437 0.0583333 0.596875 0.0555556 0.540625 0.0555556 0.539062 0.0527778 0.490625 0.0527778 0.489062 0.05 0.475 0.05 0.473437 0.0472222 0.473437 0.0388889 0.331993
62 0.159375 0.0388889 0.159375 0.85 0.165625 0.85 0.167187 0.852778 0.167187 0.855556 0.170312 0.861111 0.171875 0.861111 0.173438 0.863889 0.176563 0.863889 0.179688 0.869444 0.18125 0.869444 0.184375 0.875 0.1875 0.875 0.189063 0.877778 0.192188 0.877778 0.19375 0.880556 0.2 0.880556 0.201562 0.883333 0.207813 0.883333 0.209375 0.886111 0.217187 0.886111 0.21875 0.888889 0.229687 0.888889 0.23125 0.891667 0.253125 0.891667 0.254687 0.894444 0.260938 0.894444 0.2625 0.897222 0.270312 0.897222 0.271875 0.9 0.279687 0.9 0.28125 0.902778 0.309375 0.902778 0.310937 0.905556 0.328125 0.905556 0.329688 0.908333 0.348437 0.908333 0.35 0.911111 0.357812 0.911111 0.359375 0.913889 0.36875 0.913889 0.370313 0.911111 0.379687 0.911111 0.38125 0.908333 0.40625 0.908333 0.407813 0.911111 0.41875 0.911111 0.420312 0.913889 0.4375 0.913889 0.439063 0.916667 0.45 0.916667 0.451562 0.919444 0.4625 0.919444 0.464063 0.922222 0.490625 0.922222 0.492188 0.925 0.496875 0.925 0.498437 0.927778 0.507812 0.927778 0.509375 0.930556 0.517187 0.930556 0.51875 0.933333 0.523438 0.933333 0.525 0.936111 0.535937 0.936111 0.5375 0.938889 0.554688 0.938889 0.55625 0.941667 0.567187 0.941667 0.56875 0.944444 0.578125 0.944444 0.579687 0.947222 0.590625 0.947222 0.592188 0.95 0.604688 0.95 0.60625 0.952778 0.620313 0.952778 0.621875 0.955556 0.635938 0.955556 0.6375 0.958333 0.657812 0.958333 0.659375 0.961111 0.673437 0.961111 0.675 0.963889 0.682813 0.963889 0.684375 0.966667 0.7 0.966667 0.701563 0.969444 0.70625 0.969444 0.707812 0.972222 0.707812 0.980556 0.840625 0.980556 0.840625 0.969444 0.842188 0.966667 0.84375 0.966667 0.845312 0.963889 0.846875 0.963889 0.848437 0.961111 0.851562 0.961111 0.853125 0.958333 0.854688 0.958333 0.85625 0.955556 0.857813 0.955556 0.859375 0.952778 0.8625 0.952778 0.864062 0.95 0.865625 0.95 0.870313 0.941667 0.871875 0.941667 0.873438 0.938889 0.875 0.938889 0.879687 0.930556 0.88125 0.930556 0.885938 0.922222 0.885938 0.919444 0.889063 0.913889 0.889063 0.911111 0.890625 0.908333 0.890625 0.886111 0.892187 0.883333 0.892187 0.833333 0.89375 0.830556 0.89375 0.786111 0.895312 0.783333 0.895312 0.766667 0.896875 0.763889 0.896875 0.755556 0.898438 0.752778 0.898438 0.725 0.9 0.722222 0.9 0.708333 0.901563 0.705556 0.901563 0.680556 0.9 0.677778 0.9 0.611111 0.901563 0.608333 0.901563 0.544444 0.903125 0.541667 0.903125 0.488889 0.904688 0.486111 0.904688 0.45 0.90625 0.447222 0.90625 0.422222 0.907812 0.419444 0.907812 0.361111 0.909375 0.358333 0.909375 0.319444 0.910937 0.316667 0.910937 0.288889 0.9125 0.286111 0.9125 0.266667 0.914062 0.263889 0.914062 0.222222 0.915625 0.219444 0.920313 0.219444 0.920313 0.0861111 0.9125 0.0861111 0.910937 0.0833333 0.90625 0.0833333 0.904688 0.0805556 0.889063 0.0805556 0.8875 0.0777778 0.870313 0.0777778 0.86875 0.075 0.853125 0.075 0.851562 0.0722222 0.83125 0.0722222 0.829687 0.0694444 0.79375 0.0694444 0.792188 0.0666667 0.767187 0.0666667 0.765625 0.0638889 0.746875 0.0638889 0.745313 0.0611111 0.639063 0.0611111 0.6375 0.0583333 0.598437 0.0583333 0.596875 0.0555556 0.540625 0.0555556 0.539062 0.0527778 0.490625 0.0527778 0.489062 0.05 0.475 0.05 0.473437 0.0472222 0.473437 0.0388889 0.425202
67 0.159375 0.0388889 0.159375 0.85 0.165625 0.85 0.167187 0.852778 0.167187 0.855556 0.170312 0.861111 0.171875 0.861111 0.173438 0.863889 0.176563 0.863889 0.179688 0.869444 0.18125 0.869444 0.184375 0.875 0.1875 0.875 0.189063 0.877778 0.192188 0.877778 0.19375 0.880556 0.2 0.880556 0.201562 0.883333 0.207813 0.883333 0.209375 0.886111 0.217187 0.886111 0.21875 0.888889 0.229687 0.888889 0.23125 0.891667 0.253125 0.891667 0.254687 0.894444 0.260938 0.894444 0.2625 0.897222 0.270312 0.897222 0.271875 0.9 0.279687 0.9 0.28125 0.902778 0.309375 0.902778 0.310937 0.905556 0.328125 0.905556 0.329688 0.908333 0.348437 0.908333 0.35 0.911111 0.357812 0.911111 0.359375 0.913889 0.36875 0.913889 0.370313 0.911111 0.379687 0.911111 0.38125 0.908333 0.40625 0.908333 0.407813 0.911111 0.41875 0.911111 0.420312 0.913889 0.4375 0.913889 0.439063 0.916667 0.45 0.916667 0.451562 0.919444 0.4625 0.919444 0.464063 0.922222 0.490625 0.922222 0.492188 0.925 0.496875 0.925 0.498437 0.927778 0.507812 0.927778 0.509375 0.930556 0.517187 0.930556 0.51875 0.933333 0.523438 0.933333 0.525 0.936111 0.535937 0.936111 0.5375 0.938889 0.554688 0.938889 0.55625 0.941667 0.567187 0.941667 0.56875 0.944444 0.578125 0.944444 0.579687 0.947222 0.590625 0.947222 0.592188 0.95 0.604688 0.95 0.60625 0.952778 0.620313 0.952778 0.621875 0.955556 0.635938 0.955556 0.6375 0.958333 0.657812 0.958333 0.659375 0.961111 0.673437 0.961111 0.675 0.963889 0.682813 0.963889 0.684375 0.966667 0.7 0.966667 0.701563 0.969444 0.70625 0.969444 0.707812 0.972222 0.707812 0.980556 0.840625 0.980556 0.840625 0.969444 0.842188 0.966667 0.84375 0.966667 0.845312 0.963889 0.846875 0.963889 0.848437 0.961111 0.851562 0.961111 0.853125 0.958333 0.854688 0.958333 0.85625 0.955556 0.857813 0.955556 0.859375 0.952778 0.8625 0.952778 0.864062 0.95 0.865625 0.95 0.870313 0.941667 0.871875 0.941667 0.873438 0.938889 0.875 0.938889 0.879687 0.930556 0.88125 0.930556 0.885938 0.922222 0.885938 0.919444 0.889063 0.913889 0.889063 0.911111 0.890625 0.908333 0.890625 0.886111 0.892187 0.883333 0.892187 0.833333 0.89375 0.830556 0.89375 0.786111 0.895312 0.783333 0.895312 0.766667 0.896875 0.763889 0.896875 0.755556 0.898438 0.752778 0.898438 0.725 0.9 0.722222 0.9 0.708333 0.901563 0.705556 0.901563 0.680556 0.9 0.677778 0.9 0.611111 0.901563 0.608333 0.901563 0.544444 0.903125 0.541667 0.903125 0.488889 0.904688 0.486111 0.904688 0.45 0.90625 0.447222 0.90625 0.422222 0.907812 0.419444 0.907812 0.361111 0.909375 0.358333 0.909375 0.319444 0.910937 0.316667 0.910937 0.288889 0.9125 0.286111 0.9125 0.266667 0.914062 0.263889 0.914062 0.222222 0.915625 0.219444 0.920313 0.219444 0.920313 0.0861111 0.9125 0.0861111 0.910937 0.0833333 0.90625 0.0833333 0.904688 0.0805556 0.889063 0.0805556 0.8875 0.0777778 0.870313 0.0777778 0.86875 0.075 0.853125 0.075 0.851562 0.0722222 0.83125 0.0722222 0.829687 0.0694444 0.79375 0.0694444 0.792188 0.0666667 0.767187 0.0666667 0.765625 0.0638889 0.746875 0.0638889 0.745313 0.0611111 0.639063 0.0611111 0.6375 0.0583333 0.598437 0.0583333 0.596875 0.0555556 0.540625 0.0555556 0.539062 0.0527778 0.490625 0.0527778 0.489062 0.05 0.475 0.05 0.473437 0.0472222 0.473437 0.0388889 0.331993
62 0.159375 0.0388889 0.159375 0.85 0.165625 0.85 0.167187 0.852778 0.167187 0.855556 0.170312 0.861111 0.171875 0.861111 0.173438 0.863889 0.176563 0.863889 0.179688 0.869444 0.18125 0.869444 0.184375 0.875 0.1875 0.875 0.189063 0.877778 0.192188 0.877778 0.19375 0.880556 0.2 0.880556 0.201562 0.883333 0.207813 0.883333 0.209375 0.886111 0.217187 0.886111 0.21875 0.888889 0.229687 0.888889 0.23125 0.891667 0.253125 0.891667 0.254687 0.894444 0.260938 0.894444 0.2625 0.897222 0.270312 0.897222 0.271875 0.9 0.279687 0.9 0.28125 0.902778 0.309375 0.902778 0.310937 0.905556 0.328125 0.905556 0.329688 0.908333 0.348437 0.908333 0.35 0.911111 0.357812 0.911111 0.359375 0.913889 0.36875 0.913889 0.370313 0.911111 0.379687 0.911111 0.38125 0.908333 0.40625 0.908333 0.407813 0.911111 0.41875 0.911111 0.420312 0.913889 0.4375 0.913889 0.439063 0.916667 0.45 0.916667 0.451562 0.919444 0.4625 0.919444 0.464063 0.922222 0.490625 0.922222 0.492188 0.925 0.496875 0.925 0.498437 0.927778 0.507812 0.927778 0.509375 0.930556 0.517187 0.930556 0.51875 0.933333 0.523438 0.933333 0.525 0.936111 0.535937 0.936111 0.5375 0.938889 0.554688 0.938889 0.55625 0.941667 0.567187 0.941667 0.56875 0.944444 0.578125 0.944444 0.579687 0.947222 0.590625 0.947222 0.592188 0.95 0.604688 0.95 0.60625 0.952778 0.620313 0.952778 0.621875 0.955556 0.635938 0.955556 0.6375 0.958333 0.657812 0.958333 0.659375 0.961111 0.673437 0.961111 0.675 0.963889 0.682813 0.963889 0.684375 0.966667 0.7 0.966667 0.701563 0.969444 0.70625 0.969444 0.707812 0.972222 0.707812 0.980556 0.840625 0.980556 0.840625 0.969444 0.842188 0.966667 0.84375 0.966667 0.845312 0.963889 0.846875 0.963889 0.848437 0.961111 0.851562 0.961111 0.853125 0.958333 0.854688 0.958333 0.85625 0.955556 0.857813 0.955556 0.859375 0.952778 0.8625 0.952778 0.864062 0.95 0.865625 0.95 0.870313 0.941667 0.871875 0.941667 0.873438 0.938889 0.875 0.938889 0.879687 0.930556 0.88125 0.930556 0.885938 0.922222 0.885938 0.919444 0.889063 0.913889 0.889063 0.911111 0.890625 0.908333 0.890625 0.886111 0.892187 0.883333 0.892187 0.833333 0.89375 0.830556 0.89375 0.786111 0.895312 0.783333 0.895312 0.766667 0.896875 0.763889 0.896875 0.755556 0.898438 0.752778 0.898438 0.725 0.9 0.722222 0.9 0.708333 0.901563 0.705556 0.901563 0.680556 0.9 0.677778 0.9 0.611111 0.901563 0.608333 0.901563 0.544444 0.903125 0.541667 0.903125 0.488889 0.904688 0.486111 0.904688 0.45 0.90625 0.447222 0.90625 0.422222 0.907812 0.419444 0.907812 0.361111 0.909375 0.358333 0.909375 0.319444 0.910937 0.316667 0.910937 0.288889 0.9125 0.286111 0.9125 0.266667 0.914062 0.263889 0.914062 0.222222 0.915625 0.219444 0.920313 0.219444 0.920313 0.0861111 0.9125 0.0861111 0.910937 0.0833333 0.90625 0.0833333 0.904688 0.0805556 0.889063 0.0805556 0.8875 0.0777778 0.870313 0.0777778 0.86875 0.075 0.853125 0.075 0.851562 0.0722222 0.83125 0.0722222 0.829687 0.0694444 0.79375 0.0694444 0.792188 0.0666667 0.767187 0.0666667 0.765625 0.0638889 0.746875 0.0638889 0.745313 0.0611111 0.639063 0.0611111 0.6375 0.0583333 0.598437 0.0583333 0.596875 0.0555556 0.540625 0.0555556 0.539062 0.0527778 0.490625 0.0527778 0.489062 0.05 0.475 0.05 0.473437 0.0472222 0.473437 0.0388889 0.425202
67 0.159375 0.0388889 0.159375 0.85 0.165625 0.85 0.167187 0.852778 0.167187 0.855556 0.170312 0.861111 0.171875 0.861111 0.173438 0.863889 0.176563 0.863889 0.179688 0.869444 0.18125 0.869444 0.184375 0.875 0.1875 0.875 0.189063 0.877778 0.192188 0.877778 0.19375 0.880556 0.2 0.880556 0.201562 0.883333 0.207813 0.883333 0.209375 0.886111 0.217187 0.886111 0.21875 0.888889 0.229687 0.888889 0.23125 0.891667 0.253125 0.891667 0.254687 0.894444 0.260938 0.894444 0.2625 0.897222 0.270312 0.897222 0.271875 0.9 0.279687 0.9 0.28125 0.902778 0.309375 0.902778 0.310937 0.905556 0.328125 0.905556 0.329688 0.908333 0.348437 0.908333 0.35 0.911111 0.357812 0.911111 0.359375 0.913889 0.36875 0.913889 0.370313 0.911111 0.379687 0.911111 0.38125 0.908333 0.40625 0.908333 0.407813 0.911111 0.41875 0.911111 0.420312 0.913889 0.4375 0.913889 0.439063 0.916667 0.45 0.916667 0.451562 0.919444 0.4625 0.919444 0.464063 0.922222 0.490625 0.922222 0.492188 0.925 0.496875 0.925 0.498437 0.927778 0.507812 0.927778 0.509375 0.930556 0.517187 0.930556 0.51875 0.933333 0.523438 0.933333 0.525 0.936111 0.535937 0.936111 0.5375 0.938889 0.554688 0.938889 0.55625 0.941667 0.567187 0.941667 0.56875 0.944444 0.578125 0.944444 0.579687 0.947222 0.590625 0.947222 0.592188 0.95 0.604688 0.95 0.60625 0.952778 0.620313 0.952778 0.621875 0.955556 0.635938 0.955556 0.6375 0.958333 0.657812 0.958333 0.659375 0.961111 0.673437 0.961111 0.675 0.963889 0.682813 0.963889 0.684375 0.966667 0.7 0.966667 0.701563 0.969444 0.70625 0.969444 0.707812 0.972222 0.707812 0.980556 0.840625 0.980556 0.840625 0.969444 0.842188 0.966667 0.84375 0.966667 0.845312 0.963889 0.846875 0.963889 0.848437 0.961111 0.851562 0.961111 0.853125 0.958333 0.854688 0.958333 0.85625 0.955556 0.857813 0.955556 0.859375 0.952778 0.8625 0.952778 0.864062 0.95 0.865625 0.95 0.870313 0.941667 0.871875 0.941667 0.873438 0.938889 0.875 0.938889 0.879687 0.930556 0.88125 0.930556 0.885938 0.922222 0.885938 0.919444 0.889063 0.913889 0.889063 0.911111 0.890625 0.908333 0.890625 0.886111 0.892187 0.883333 0.892187 0.833333 0.89375 0.830556 0.89375 0.786111 0.895312 0.783333 0.895312 0.766667 0.896875 0.763889 0.896875 0.755556 0.898438 0.752778 0.898438 0.725 0.9 0.722222 0.9 0.708333 0.901563 0.705556 0.901563 0.680556 0.9 0.677778 0.9 0.611111 0.901563 0.608333 0.901563 0.544444 0.903125 0.541667 0.903125 0.488889 0.904688 0.486111 0.904688 0.45 0.90625 0.447222 0.90625 0.422222 0.907812 0.419444 0.907812 0.361111 0.909375 0.358333 0.909375 0.319444 0.910937 0.316667 0.910937 0.288889 0.9125 0.286111 0.9125 0.266667 0.914062 0.263889 0.914062 0.222222 0.915625 0.219444 0.920313 0.219444 0.920313 0.0861111 0.9125 0.0861111 0.910937 0.0833333 0.90625 0.0833333 0.904688 0.0805556 0.889063 0.0805556 0.8875 0.0777778 0.870313 0.0777778 0.86875 0.075 0.853125 0.075 0.851562 0.0722222 0.83125 0.0722222 0.829687 0.0694444 0.79375 0.0694444 0.792188 0.0666667 0.767187 0.0666667 0.765625 0.0638889 0.746875 0.0638889 0.745313 0.0611111 0.639063 0.0611111 0.6375 0.0583333 0.598437 0.0583333 0.596875 0.0555556 0.540625 0.0555556 0.539062 0.0527778 0.490625 0.0527778 0.489062 0.05 0.475 0.05 0.473437 0.0472222 0.473437 0.0388889 0.331993
62 0.159375 0.0388889 0.159375 0.85 0.165625 0.85 0.167187 0.852778 0.167187 0.855556 0.170312 0.861111 0.171875 0.861111 0.173438 0.863889 0.176563 0.863889 0.179688 0.869444 0.18125 0.869444 0.184375 0.875 0.1875 0.875 0.189063 0.877778 0.192188 0.877778 0.19375 0.880556 0.2 0.880556 0.201562 0.883333 0.207813 0.883333 0.209375 0.886111 0.217187 0.886111 0.21875 0.888889 0.229687 0.888889 0.23125 0.891667 0.253125 0.891667 0.254687 0.894444 0.260938 0.894444 0.2625 0.897222 0.270312 0.897222 0.271875 0.9 0.279687 0.9 0.28125 0.902778 0.309375 0.902778 0.310937 0.905556 0.328125 0.905556 0.329688 0.908333 0.348437 0.908333 0.35 0.911111 0.357812 0.911111 0.359375 0.913889 0.36875 0.913889 0.370313 0.911111 0.379687 0.911111 0.38125 0.908333 0.40625 0.908333 0.407813 0.911111 0.41875 0.911111 0.420312 0.913889 0.4375 0.913889 0.439063 0.916667 0.45 0.916667 0.451562 0.919444 0.4625 0.919444 0.464063 0.922222 0.490625 0.922222 0.492188 0.925 0.496875 0.925 0.498437 0.927778 0.507812 0.927778 0.509375 0.930556 0.517187 0.930556 0.51875 0.933333 0.523438 0.933333 0.525 0.936111 0.535937 0.936111 0.5375 0.938889 0.554688 0.938889 0.55625 0.941667 0.567187 0.941667 0.56875 0.944444 0.578125 0.944444 0.579687 0.947222 0.590625 0.947222 0.592188 0.95 0.604688 0.95 0.60625 0.952778 0.620313 0.952778 0.621875 0.955556 0.635938 0.955556 0.6375 0.958333 0.657812 0.958333 0.659375 0.961111 0.673437 0.961111 0.675 0.963889 0.682813 0.963889 0.684375 0.966667 0.7 0.966667 0.701563 0.969444 0.70625 0.969444 0.707812 0.972222 0.707812 0.980556 0.840625 0.980556 0.840625 0.969444 0.842188 0.966667 0.84375 0.966667 0.845312 0.963889 0.846875 0.963889 0.848437 0.961111 0.851562 0.961111 0.853125 0.958333 0.854688 0.958333 0.85625 0.955556 0.857813 0.955556 0.859375 0.952778 0.8625 0.952778 0.864062 0.95 0.865625 0.95 0.870313 0.941667 0.871875 0.941667 0.873438 0.938889 0.875 0.938889 0.879687 0.930556 0.88125 0.930556 0.885938 0.922222 0.885938 0.919444 0.889063 0.913889 0.889063 0.911111 0.890625 0.908333 0.890625 0.886111 0.892187 0.883333 0.892187 0.833333 0.89375 0.830556 0.89375 0.786111 0.895312 0.783333 0.895312 0.766667 0.896875 0.763889 0.896875 0.755556 0.898438 0.752778 0.898438 0.725 0.9 0.722222 0.9 0.708333 0.901563 0.705556 0.901563 0.680556 0.9 0.677778 0.9 0.611111 0.901563 0.608333 0.901563 0.544444 0.903125 0.541667 0.903125 0.488889 0.904688 0.486111 0.904688 0.45 0.90625 0.447222 0.90625 0.422222 0.907812 0.419444 0.907812 0.361111 0.909375 0.358333 0.909375 0.319444 0.910937 0.316667 0.910937 0.288889 0.9125 0.286111 0.9125 0.266667 0.914062 0.263889 0.914062 0.222222 0.915625 0.219444 0.920313 0.219444 0.920313 0.0861111 0.9125 0.0861111 0.910937 0.0833333 0.90625 0.0833333 0.904688 0.0805556 0.889063 0.0805556 0.8875 0.0777778 0.870313 0.0777778 0.86875 0.075 0.853125 0.075 0.851562 0.0722222 0.83125 0.0722222 0.829687 0.0694444 0.79375 0.0694444 0.792188 0.0666667 0.767187 0.0666667 0.765625 0.0638889 0.746875 0.0638889 0.745313 0.0611111 0.639063 0.0611111 0.6375 0.0583333 0.598437 0.0583333 0.596875 0.0555556 0.540625 0.0555556 0.539062 0.0527778 0.490625 0.0527778 0.489062 0.05 0.475 0.05 0.473437 0.0472222 0.473437 0.0388889 0.425202
67 0.159375 0.0388889 0.159375 0.85 0.165625 0.85 0.167187 0.852778 0.167187 0.855556 0.170312 0.861111 0.171875 0.861111 0.173438 0.863889 0.176563 0.863889 0.179688 0.869444 0.18125 0.869444 0.184375 0.875 0.1875 0.875 0.189063 0.877778 0.192188 0.877778 0.19375 0.880556 0.2 0.880556 0.201562 0.883333 0.207813 0.883333 0.209375 0.886111 0.217187 0.886111 0.21875 0.888889 0.229687 0.888889 0.23125 0.891667 0.253125 0.891667 0.254687 0.894444 0.260938 0.894444 0.2625 0.897222 0.270312 0.897222 0.271875 0.9 0.279687 0.9 0.28125 0.902778 0.309375 0.902778 0.310937 0.905556 0.328125 0.905556 0.329688 0.908333 0.348437 0.908333 0.35 0.911111 0.357812 0.911111 0.359375 0.913889 0.36875 0.913889 0.370313 0.911111 0.379687 0.911111 0.38125 0.908333 0.40625 0.908333 0.407813 0.911111 0.41875 0.911111 0.420312 0.913889 0.4375 0.913889 0.439063 0.916667 0.45 0.916667 0.451562 0.919444 0.4625 0.919444 0.464063 0.922222 0.490625 0.922222 0.492188 0.925 0.496875 0.925 0.498437 0.927778 0.507812 0.927778 0.509375 0.930556 0.517187 0.930556 0.51875 0.933333 0.523438 0.933333 0.525 0.936111 0.535937 0.936111 0.5375 0.938889 0.554688 0.938889 0.55625 0.941667 0.567187 0.941667 0.56875 0.944444 0.578125 0.944444 0.579687 0.947222 0.590625 0.947222 0.592188 0.95 0.604688 0.95 0.60625 0.952778 0.620313 0.952778 0.621875 0.955556 0.635938 0.955556 0.6375 0.958333 0.657812 0.958333 0.659375 0.961111 0.673437 0.961111 0.675 0.963889 0.682813 0.963889 0.684375 0.966667 0.7 0.966667 0.701563 0.969444 0.70625 0.969444 0.707812 0.972222 0.707812 0.980556 0.840625 0.980556 0.840625 0.969444 0.842188 0.966667 0.84375 0.966667 0.845312 0.963889 0.846875 0.963889 0.848437 0.961111 0.851562 0.961111 0.853125 0.958333 0.854688 0.958333 0.85625 0.955556 0.857813 0.955556 0.859375 0.952778 0.8625 0.952778 0.864062 0.95 0.865625 0.95 0.870313 0.941667 0.871875 0.941667 0.873438 0.938889 0.875 0.938889 0.879687 0.930556 0.88125 0.930556 0.885938 0.922222 0.885938 0.919444 0.889063 0.913889 0.889063 0.911111 0.890625 0.908333 0.890625 0.886111 0.892187 0.883333 0.892187 0.833333 0.89375 0.830556 0.89375 0.786111 0.895312 0.783333 0.895312 0.766667 0.896875 0.763889 0.896875 0.755556 0.898438 0.752778 0.898438 0.725 0.9 0.722222 0.9 0.708333 0.901563 0.705556 0.901563 0.680556 0.9 0.677778 0.9 0.611111 0.901563 0.608333 0.901563 0.544444 0.903125 0.541667 0.903125 0.488889 0.904688 0.486111 0.904688 0.45 0.90625 0.447222 0.90625 0.422222 0.907812 0.419444 0.907812 0.361111 0.909375 0.358333 0.909375 0.319444 0.910937 0.316667 0.910937 0.288889 0.9125 0.286111 0.9125 0.266667 0.914062 0.263889 0.914062 0.222222 0.915625 0.219444 0.920313 0.219444 0.920313 0.0861111 0.9125 0.0861111 0.910937 0.0833333 0.90625 0.0833333 0.904688 0.0805556 0.889063 0.0805556 0.8875 0.0777778 0.870313 0.0777778 0.86875 0.075 0.853125 0.075 0.851562 0.0722222 0.83125 0.0722222 0.829687 0.0694444 0.79375 0.0694444 0.792188 0.0666667 0.767187 0.0666667 0.765625 0.0638889 0.746875 0.0638889 0.745313 0.0611111 0.639063 0.0611111 0.6375 0.0583333 0.598437 0.0583333 0.596875 0.0555556 0.540625 0.0555556 0.539062 0.0527778 0.490625 0.0527778 0.489062 0.05 0.475 0.05 0.473437 0.0472222 0.473437 0.0388889 0.331993
62 0.159375 0.0388889 0.159375 0.85 0.165625 0.85 0.167187 0.852778 0.167187 0.855556 0.170312 0.861111 0.171875 0.861111 0.173438 0.863889 0.176563 0.863889 0.179688 0.869444 0.18125 0.869444 0.184375 0.875 0.1875 0.875 0.189063 0.877778 0.192188 0.877778 0.19375 0.880556 0.2 0.880556 0.201562 0.883333 0.207813 0.883333 0.209375 0.886111 0.217187 0.886111 0.21875 0.888889 0.229687 0.888889 0.23125 0.891667 0.253125 0.891667 0.254687 0.894444 0.260938 0.894444 0.2625 0.897222 0.270312 0.897222 0.271875 0.9 0.279687 0.9 0.28125 0.902778 0.309375 0.902778 0.310937 0.905556 0.328125 0.905556 0.329688 0.908333 0.348437 0.908333 0.35 0.911111 0.357812 0.911111 0.359375 0.913889 0.36875 0.913889 0.370313 0.911111 0.379687 0.911111 0.38125 0.908333 0.40625 0.908333 0.407813 0.911111 0.41875 0.911111 0.420312 0.913889 0.4375 0.913889 0.439063 0.916667 0.45 0.916667 0.451562 0.919444 0.4625 0.919444 0.464063 0.922222 0.490625 0.922222 0.492188 0.925 0.496875 0.925 0.498437 0.927778 0.507812 0.927778 0.509375 0.930556 0.517187 0.930556 0.51875 0.933333 0.523438 0.933333 0.525 0.936111 0.535937 0.936111 0.5375 0.938889 0.554688 0.938889 0.55625 0.941667 0.567187 0.941667 0.56875 0.944444 0.578125 0.944444 0.579687 0.947222 0.590625 0.947222 0.592188 0.95 0.604688 0.95 0.60625 0.952778 0.620313 0.952778 0.621875 0.955556 0.635938 0.955556 0.6375 0.958333 0.657812 0.958333 0.659375 0.961111 0.673437 0.961111 0.675 0.963889 0.682813 0.963889 0.684375 0.966667 0.7 0.966667 0.701563 0.969444 0.70625 0.969444 0.707812 0.972222 0.707812 0.980556 0.840625 0.980556 0.840625 0.969444 0.842188 0.966667 0.84375 0.966667 0.845312 0.963889 0.846875 0.963889 0.848437 0.961111 0.851562 0.961111 0.853125 0.958333 0.854688 0.958333 0.85625 0.955556 0.857813 0.955556 0.859375 0.952778 0.8625 0.952778 0.864062 0.95 0.865625 0.95 0.870313 0.941667 0.871875 0.941667 0.873438 0.938889 0.875 0.938889 0.879687 0.930556 0.88125 0.930556 0.885938 0.922222 0.885938 0.919444 0.889063 0.913889 0.889063 0.911111 0.890625 0.908333 0.890625 0.886111 0.892187 0.883333 0.892187 0.833333 0.89375 0.830556 0.89375 0.786111 0.895312 0.783333 0.895312 0.766667 0.896875 0.763889 0.896875 0.755556 0.898438 0.752778 0.898438 0.725 0.9 0.722222 0.9 0.708333 0.901563 0.705556 0.901563 0.680556 0.9 0.677778 0.9 0.611111 0.901563 0.608333 0.901563 0.544444 0.903125 0.541667 0.903125 0.488889 0.904688 0.486111 0.904688 0.45 0.90625 0.447222 0.90625 0.422222 0.907812 0.419444 0.907812 0.361111 0.909375 0.358333 0.909375 0.319444 0.910937 0.316667 0.910937 0.288889 0.9125 0.286111 0.9125 0.266667 0.914062 0.263889 0.914062 0.222222 0.915625 0.219444 0.920313 0.219444 0.920313 0.0861111 0.9125 0.0861111 0.910937 0.0833333 0.90625 0.0833333 0.904688 0.0805556 0.889063 0.0805556 0.8875 0.0777778 0.870313 0.0777778 0.86875 0.075 0.853125 0.075 0.851562 0.0722222 0.83125 0.0722222 0.829687 0.0694444 0.79375 0.0694444 0.792188 0.0666667 0.767187 0.0666667 0.765625 0.0638889 0.746875 0.0638889 0.745313 0.0611111 0.639063 0.0611111 0.6375 0.0583333 0.598437 0.0583333 0.596875 0.0555556 0.540625 0.0555556 0.539062 0.0527778 0.490625 0.0527778 0.489062 0.05 0.475 0.05 0.473437 0.0472222 0.473437 0.0388889 0.425202
67 0.159375 0.0388889 0.159375 0.85 0.165625 0.85 0.167187 0.852778 0.167187 0.855556 0.170312 0.861111 0.171875 0.861111 0.173438 0.863889 0.176563 0.863889 0.179688 0.869444 0.18125 0.869444 0.184375 0.875 0.1875 0.875 0.189063 0.877778 0.192188 0.877778 0.19375 0.880556 0.2 0.880556 0.201562 0.883333 0.207813 0.883333 0.209375 0.886111 0.217187 0.886111 0.21875 0.888889 0.229687 0.888889 0.23125 0.891667 0.253125 0.891667 0.254687 0.894444 0.260938 0.894444 0.2625 0.897222 0.270312 0.897222 0.271875 0.9 0.279687 0.9 0.28125 0.902778 0.309375 0.902778 0.310937 0.905556 0.328125 0.905556 0.329688 0.908333 0.348437 0.908333 0.35 0.911111 0.357812 0.911111 0.359375 0.913889 0.36875 0.913889 0.370313 0.911111 0.379687 0.911111 0.38125 0.908333 0.40625 0.908333 0.407813 0.911111 0.41875 0.911111 0.420312 0.913889 0.4375 0.913889 0.439063 0.916667 0.45 0.916667 0.451562 0.919444 0.4625 0.919444 0.464063 0.922222 0.490625 0.922222 0.492188 0.925 0.496875 0.925 0.498437 0.927778 0.507812 0.927778 0.509375 0.930556 0.517187 0.930556 0.51875 0.933333 0.523438 0.933333 0.525 0.936111 0.535937 0.936111 0.5375 0.938889 0.554688 0.938889 0.55625 0.941667 0.567187 0.941667 0.56875 0.944444 0.578125 0.944444 0.579687 0.947222 0.590625 0.947222 0.592188 0.95 0.604688 0.95 0.60625 0.952778 0.620313 0.952778 0.621875 0.955556 0.635938 0.955556 0.6375 0.958333 0.657812 0.958333 0.659375 0.961111 0.673437 0.961111 0.675 0.963889 0.682813 0.963889 0.684375 0.966667 0.7 0.966667 0.701563 0.969444 0.70625 0.969444 0.707812 0.972222 0.707812 0.980556 0.840625 0.980556 0.840625 0.969444 0.842188 0.966667 0.84375 0.966667 0.845312 0.963889 0.846875 0.963889 0.848437 0.961111 0.851562 0.961111 0.853125 0.958333 0.854688 0.958333 0.85625 0.955556 0.857813 0.955556 0.859375 0.952778 0.8625 0.952778 0.864062 0.95 0.865625 0.95 0.870313 0.941667 0.871875 0.941667 0.873438 0.938889 0.875 0.938889 0.879687 0.930556 0.88125 0.930556 0.885938 0.922222 0.885938 0.919444 0.889063 0.913889 0.889063 0.911111 0.890625 0.908333 0.890625 0.886111 0.892187 0.883333 0.892187 0.833333 0.89375 0.830556 0.89375 0.786111 0.895312 0.783333 0.895312 0.766667 0.896875 0.763889 0.896875 0.755556 0.898438 0.752778 0.898438 0.725 0.9 0.722222 0.9 0.708333 0.901563 0.705556 0.901563 0.680556 0.9 0.677778 0.9 0.611111 0.901563 0.608333 0.901563 0.544444 0.903125 0.541667 0.903125 0.488889 0.904688 0.486111 0.904688 0.45 0.90625 0.447222 0.90625 0.422222 0.907812 0.419444 0.907812 0.361111 0.909375 0.358333 0.909375 0.319444 0.910937 0.316667 0.910937 0.288889 0.9125 0.286111 0.9125 0.266667 0.914062 0.263889 0.914062 0.222222 0.915625 0.219444 0.920313 0.219444 0.920313 0.0861111 0.9125 0.0861111 0.910937 0.0833333 0.90625 0.0833333 0.904688 0.0805556 0.889063 0.0805556 0.8875 0.0777778 0.870313 0.0777778 0.86875 0.075 0.853125 0.075 0.851562 0.0722222 0.83125 0.0722222 0.829687 0.0694444 0.79375 0.0694444 0.792188 0.0666667 0.767187 0.0666667 0.765625 0.0638889 0.746875 0.0638889 0.745313 0.0611111 0.639063 0.0611111 0.6375 0.0583333 0.598437 0.0583333 0.596875 0.0555556 0.540625 0.0555556 0.539062 0.0527778 0.490625 0.0527778 0.489062 0.05 0.475 0.05 0.473437 0.0472222 0.473437 0.0388889 0.331993
62 0.159375 0.0388889 0.159375 0.85 0.165625 0.85 0.167187 0.852778 0.167187 0.855556 0.170312 0.861111 0.171875 0.861111 0.173438 0.863889 0.176563 0.863889 0.179688 0.869444 0.18125 0.869444 0.184375 0.875 0.1875 0.875 0.189063 0.877778 0.192188 0.877778 0.19375 0.880556 0.2 0.880556 0.201562 0.883333 0.207813 0.883333 0.209375 0.886111 0.217187 0.886111 0.21875 0.888889 0.229687 0.888889 0.23125 0.891667 0.253125 0.891667 0.254687 0.894444 0.260938 0.894444 0.2625 0.897222 0.270312 0.897222 0.271875 0.9 0.279687 0.9 0.28125 0.902778 0.309375 0.902778 0.310937 0.905556 0.328125 0.905556 0.329688 0.908333 0.348437 0.908333 0.35 0.911111 0.357812 0.911111 0.359375 0.913889 0.36875 0.913889 0.370313 0.911111 0.379687 0.911111 0.38125 0.908333 0.40625 0.908333 0.407813 0.911111 0.41875 0.911111 0.420312 0.913889 0.4375 0.913889 0.439063 0.916667 0.45 0.916667 0.451562 0.919444 0.4625 0.919444 0.464063 0.922222 0.490625 0.922222 0.492188 0.925 0.496875 0.925 0.498437 0.927778 0.507812 0.927778 0.509375 0.930556 0.517187 0.930556 0.51875 0.933333 0.523438 0.933333 0.525 0.936111 0.535937 0.936111 0.5375 0.938889 0.554688 0.938889 0.55625 0.941667 0.567187 0.941667 0.56875 0.944444 0.578125 0.944444 0.579687 0.947222 0.590625 0.947222 0.592188 0.95 0.604688 0.95 0.60625 0.952778 0.620313 0.952778 0.621875 0.955556 0.635938 0.955556 0.6375 0.958333 0.657812 0.958333 0.659375 0.961111 0.673437 0.961111 0.675 0.963889 0.682813 0.963889 0.684375 0.966667 0.7 0.966667 0.701563 0.969444 0.70625 0.969444 0.707812 0.972222 0.707812 0.980556 0.840625 0.980556 0.840625 0.969444 0.842188 0.966667 0.84375 0.966667 0.845312 0.963889 0.846875 0.963889 0.848437 0.961111 0.851562 0.961111 0.853125 0.958333 0.854688 0.958333 0.85625 0.955556 0.857813 0.955556 0.859375 0.952778 0.8625 0.952778 0.864062 0.95 0.865625 0.95 0.870313 0.941667 0.871875 0.941667 0.873438 0.938889 0.875 0.938889 0.879687 0.930556 0.88125 0.930556 0.885938 0.922222 0.885938 0.919444 0.889063 0.913889 0.889063 0.911111 0.890625 0.908333 0.890625 0.886111 0.892187 0.883333 0.892187 0.833333 0.89375 0.830556 0.89375 0.786111 0.895312 0.783333 0.895312 0.766667 0.896875 0.763889 0.896875 0.755556 0.898438 0.752778 0.898438 0.725 0.9 0.722222 0.9 0.708333 0.901563 0.705556 0.901563 0.680556 0.9 0.677778 0.9 0.611111 0.901563 0.608333 0.901563 0.544444 0.903125 0.541667 0.903125 0.488889 0.904688 0.486111 0.904688 0.45 0.90625 0.447222 0.90625 0.422222 0.907812 0.419444 0.907812 0.361111 0.909375 0.358333 0.909375 0.319444 0.910937 0.316667 0.910937 0.288889 0.9125 0.286111 0.9125 0.266667 0.914062 0.263889 0.914062 0.222222 0.915625 0.219444 0.920313 0.219444 0.920313 0.0861111 0.9125 0.0861111 0.910937 0.0833333 0.90625 0.0833333 0.904688 0.0805556 0.889063 0.0805556 0.8875 0.0777778 0.870313 0.0777778 0.86875 0.075 0.853125 0.075 0.851562 0.0722222 0.83125 0.0722222 0.829687 0.0694444 0.79375 0.0694444 0.792188 0.0666667 0.767187 0.0666667 0.765625 0.0638889 0.746875 0.0638889 0.745313 0.0611111 0.639063 0.0611111 0.6375 0.0583333 0.598437 0.0583333 0.596875 0.0555556 0.540625 0.0555556 0.539062 0.0527778 0.490625 0.0527778 0.489062 0.05 0.475 0.05 0.473437 0.0472222 0.473437 0.0388889 0.425202
67 0.159375 0.0388889 0.159375 0.85 0.165625 0.85 0.167187 0.852778 0.167187 0.855556 0.170312 0.861111 0.171875 0.861111 0.173438 0.863889 0.176563 0.863889 0.179688 0.869444 0.18125 0.869444 0.184375 0.875 0.1875 0.875 0.189063 0.877778 0.192188 0.877778 0.19375 0.880556 0.2 0.880556 0.201562 0.883333 0.207813 0.883333 0.209375 0.886111 0.217187 0.886111 0.21875 0.888889 0.229687 0.888889 0.23125 0.891667 0.253125 0.891667 0.254687 0.894444 0.260938 0.894444 0.2625 0.897222 0.270312 0.897222 0.271875 0.9 0.279687 0.9 0.28125 0.902778 0.309375 0.902778 0.310937 0.905556 0.328125 0.905556 0.329688 0.908333 0.348437 0.908333 0.35 0.911111 0.357812 0.911111 0.359375 0.913889 0.36875 0.913889 0.370313 0.911111 0.379687 0.911111 0.38125 0.908333 0.40625 0.908333 0.407813 0.911111 0.41875 0.911111 0.420312 0.913889 0.4375 0.913889 0.439063 0.916667 0.45 0.916667 0.451562 0.919444 0.4625 0.919444 0.464063 0.922222 0.490625 0.922222 0.492188 0.925 0.496875 0.925 0.498437 0.927778 0.507812 0.927778 0.509375 0.930556 0.517187 0.930556 0.51875 0.933333 0.523438 0.933333 0.525 0.936111 0.535937 0.936111 0.5375 0.938889 0.554688 0.938889 0.55625 0.941667 0.567187 0.941667 0.56875 0.944444 0.578125 0.944444 0.579687 0.947222 0.590625 0.947222 0.592188 0.95 0.604688 0.95 0.60625 0.952778 0.620313 0.952778 0.621875 0.955556 0.635938 0.955556 0.6375 0.958333 0.657812 0.958333 0.659375 0.961111 0.673437 0.961111 0.675 0.963889 0.682813 0.963889 0.684375 0.966667 0.7 0.966667 0.701563 0.969444 0.70625 0.969444 0.707812 0.972222 0.707812 0.980556 0.840625 0.980556 0.840625 0.969444 0.842188 0.966667 0.84375 0.966667 0.845312 0.963889 0.846875 0.963889 0.848437 0.961111 0.851562 0.961111 0.853125 0.958333 0.854688 0.958333 0.85625 0.955556 0.857813 0.955556 0.859375 0.952778 0.8625 0.952778 0.864062 0.95 0.865625 0.95 0.870313 0.941667 0.871875 0.941667 0.873438 0.938889 0.875 0.938889 0.879687 0.930556 0.88125 0.930556 0.885938 0.922222 0.885938 0.919444 0.889063 0.913889 0.889063 0.911111 0.890625 0.908333 0.890625 0.886111 0.892187 0.883333 0.892187 0.833333 0.89375 0.830556 0.89375 0.786111 0.895312 0.783333 0.895312 0.766667 0.896875 0.763889 0.896875 0.755556 0.898438 0.752778 0.898438 0.725 0.9 0.722222 0.9 0.708333 0.901563 0.705556 0.901563 0.680556 0.9 0.677778 0.9 0.611111 0.901563 0.608333 0.901563 0.544444 0.903125 0.541667 0.903125 0.488889 0.904688 0.486111 0.904688 0.45 0.90625 0.447222 0.90625 0.422222 0.907812 0.419444 0.907812 0.361111 0.909375 0.358333 0.909375 0.319444 0.910937 0.316667 0.910937 0.288889 0.9125 0.286111 0.9125 0.266667 0.914062 0.263889 0.914062 0.222222 0.915625 0.219444 0.920313 0.219444 0.920313 0.0861111 0.9125 0.0861111 0.910937 0.0833333 0.90625 0.0833333 0.904688 0.0805556 0.889063 0.0805556 0.8875 0.0777778 0.870313 0.0777778 0.86875 0.075 0.853125 0.075 0.851562 0.0722222 0.83125 0.0722222 0.829687 0.0694444 0.79375 0.0694444 0.792188 0.0666667 0.767187 0.0666667 0.765625 0.0638889 0.746875 0.0638889 0.745313 0.0611111 0.639063 0.0611111 0.6375 0.0583333 0.598437 0.0583333 0.596875 0.0555556 0.540625 0.0555556 0.539062 0.0527778 0.490625 0.0527778 0.489062 0.05 0.475 0.05 0.473437 0.0472222 0.473437 0.0388889 0.331993
62 0.159375 0.0388889 0.159375 0.85 0.165625 0.85 0.167187 0.852778 0.167187 0.855556 0.170312 0.861111 0.171875 0.861111 0.173438 0.863889 0.176563 0.863889 0.179688 0.869444 0.18125 0.869444 0.184375 0.875 0.1875 0.875 0.189063 0.877778 0.192188 0.877778 0.19375 0.880556 0.2 0.880556 0.201562 0.883333 0.207813 0.883333 0.209375 0.886111 0.217187 0.886111 0.21875 0.888889 0.229687 0.888889 0.23125 0.891667 0.253125 0.891667 0.254687 0.894444 0.260938 0.894444 0.2625 0.897222 0.270312 0.897222 0.271875 0.9 0.279687 0.9 0.28125 0.902778 0.309375 0.902778 0.310937 0.905556 0.328125 0.905556 0.329688 0.908333 0.348437 0.908333 0.35 0.911111 0.357812 0.911111 0.359375 0.913889 0.36875 0.913889 0.370313 0.911111 0.379687 0.911111 0.38125 0.908333 0.40625 0.908333 0.407813 0.911111 0.41875 0.911111 0.420312 0.913889 0.4375 0.913889 0.439063 0.916667 0.45 0.916667 0.451562 0.919444 0.4625 0.919444 0.464063 0.922222 0.490625 0.922222 0.492188 0.925 0.496875 0.925 0.498437 0.927778 0.507812 0.927778 0.509375 0.930556 0.517187 0.930556 0.51875 0.933333 0.523438 0.933333 0.525 0.936111 0.535937 0.936111 0.5375 0.938889 0.554688 0.938889 0.55625 0.941667 0.567187 0.941667 0.56875 0.944444 0.578125 0.944444 0.579687 0.947222 0.590625 0.947222 0.592188 0.95 0.604688 0.95 0.60625 0.952778 0.620313 0.952778 0.621875 0.955556 0.635938 0.955556 0.6375 0.958333 0.657812 0.958333 0.659375 0.961111 0.673437 0.961111 0.675 0.963889 0.682813 0.963889 0.684375 0.966667 0.7 0.966667 0.701563 0.969444 0.70625 0.969444 0.707812 0.972222 0.707812 0.980556 0.840625 0.980556 0.840625 0.969444 0.842188 0.966667 0.84375 0.966667 0.845312 0.963889 0.846875 0.963889 0.848437 0.961111 0.851562 0.961111 0.853125 0.958333 0.854688 0.958333 0.85625 0.955556 0.857813 0.955556 0.859375 0.952778 0.8625 0.952778 0.864062 0.95 0.865625 0.95 0.870313 0.941667 0.871875 0.941667 0.873438 0.938889 0.875 0.938889 0.879687 0.930556 0.88125 0.930556 0.885938 0.922222 0.885938 0.919444 0.889063 0.913889 0.889063 0.911111 0.890625 0.908333 0.890625 0.886111 0.892187 0.883333 0.892187 0.833333 0.89375 0.830556 0.89375 0.786111 0.895312 0.783333 0.895312 0.766667 0.896875 0.763889 0.896875 0.755556 0.898438 0.752778 0.898438 0.725 0.9 0.722222 0.9 0.708333 0.901563 0.705556 0.901563 0.680556 0.9 0.677778 0.9 0.611111 0.901563 0.608333 0.901563 0.544444 0.903125 0.541667 0.903125 0.488889 0.904688 0.486111 0.904688 0.45 0.90625 0.447222 0.90625 0.422222 0.907812 0.419444 0.907812 0.361111 0.909375 0.358333 0.909375 0.319444 0.910937 0.316667 0.910937 0.288889 0.9125 0.286111 0.9125 0.266667 0.914062 0.263889 0.914062 0.222222 0.915625 0.219444 0.920313 0.219444 0.920313 0.0861111 0.9125 0.0861111 0.910937 0.0833333 0.90625 0.0833333 0.904688 0.0805556 0.889063 0.0805556 0.8875 0.0777778 0.870313 0.0777778 0.86875 0.075 0.853125 0.075 0.851562 0.0722222 0.83125 0.0722222 0.829687 0.0694444 0.79375 0.0694444 0.792188 0.0666667 0.767187 0.0666667 0.765625 0.0638889 0.746875 0.0638889 0.745313 0.0611111 0.639063 0.0611111 0.6375 0.0583333 0.598437 0.0583333 0.596875 0.0555556 0.540625 0.0555556 0.539062 0.0527778 0.490625 0.0527778 0.489062 0.05 0.475 0.05 0.473437 0.0472222 0.473437 0.0388889 0.425202
67 0.159375 0.0388889 0.159375 0.85 0.165625 0.85 0.167187 0.852778 0.167187 0.855556 0.170312 0.861111 0.171875 0.861111 0.173438 0.863889 0.176563 0.863889 0.179688 0.869444 0.18125 0.869444 0.184375 0.875 0.1875 0.875 0.189063 0.877778 0.192188 0.877778 0.19375 0.880556 0.2 0.880556 0.201562 0.883333 0.207813 0.883333 0.209375 0.886111 0.217187 0.886111 0.21875 0.888889 0.229687 0.888889 0.23125 0.891667 0.253125 0.891667 0.254687 0.894444 0.260938 0.894444 0.2625 0.897222 0.270312 0.897222 0.271875 0.9 0.279687 0.9 0.28125 0.902778 0.309375 0.902778 0.310937 0.905556 0.328125 0.905556 0.329688 0.908333 0.348437 0.908333 0.35 0.911111 0.357812 0.911111 0.359375 0.913889 0.36875 0.913889 0.370313 0.911111 0.379687 0.911111 0.38125 0.908333 0.40625 0.908333 0.407813 0.911111 0.41875 0.911111 0.420312 0.913889 0.4375 0.913889 0.439063 0.916667 0.45 0.916667 0.451562 0.919444 0.4625 0.919444 0.464063 0.922222 0.490625 0.922222 0.492188 0.925 0.496875 0.925 0.498437 0.927778 0.507812 0.927778 0.509375 0.930556 0.517187 0.930556 0.51875 0.933333 0.523438 0.933333 0.525 0.936111 0.535937 0.936111 0.5375 0.938889 0.554688 0.938889 0.55625 0.941667 0.567187 0.941667 0.56875 0.944444 0.578125 0.944444 0.579687 0.947222 0.590625 0.947222 0.592188 0.95 0.604688 0.95 0.60625 0.952778 0.620313 0.952778 0.621875 0.955556 0.635938 0.955556 0.6375 0.958333 0.657812 0.958333 0.659375 0.961111 0.673437 0.961111 0.675 0.963889 0.682813 0.963889 0.684375 0.966667 0.7 0.966667 0.701563 0.969444 0.70625 0.969444 0.707812 0.972222 0.707812 0.980556 0.840625 0.980556 0.840625 0.969444 0.842188 0.966667 0.84375 0.966667 0.845312 0.963889 0.846875 0.963889 0.848437 0.961111 0.851562 0.961111 0.853125 0.958333 0.854688 0.958333 0.85625 0.955556 0.857813 0.955556 0.859375 0.952778 0.8625 0.952778 0.864062 0.95 0.865625 0.95 0.870313 0.941667 0.871875 0.941667 0.873438 0.938889 0.875 0.938889 0.879687 0.930556 0.88125 0.930556 0.885938 0.922222 0.885938 0.919444 0.889063 0.913889 0.889063 0.911111 0.890625 0.908333 0.890625 0.886111 0.892187 0.883333 0.892187 0.833333 0.89375 0.830556 0.89375 0.786111 0.895312 0.783333 0.895312 0.766667 0.896875 0.763889 0.896875 0.755556 0.898438 0.752778 0.898438 0.725 0.9 0.722222 0.9 0.708333 0.901563 0.705556 0.901563 0.680556 0.9 0.677778 0.9 0.611111 0.901563 0.608333 0.901563 0.544444 0.903125 0.541667 0.903125 0.488889 0.904688 0.486111 0.904688 0.45 0.90625 0.447222 0.90625 0.422222 0.907812 0.419444 0.907812 0.361111 0.909375 0.358333 0.909375 0.319444 0.910937 0.316667 0.910937 0.288889 0.9125 0.286111 0.9125 0.266667 0.914062 0.263889 0.914062 0.222222 0.915625 0.219444 0.920313 0.219444 0.920313 0.0861111 0.9125 0.0861111 0.910937 0.0833333 0.90625 0.0833333 0.904688 0.0805556 0.889063 0.0805556 0.8875 0.0777778 0.870313 0.0777778 0.86875 0.075 0.853125 0.075 0.851562 0.0722222 0.83125 0.0722222 0.829687 0.0694444 0.79375 0.0694444 0.792188 0.0666667 0.767187 0.0666667 0.765625 0.0638889 0.746875 0.0638889 0.745313 0.0611111 0.639063 0.0611111 0.6375 0.0583333 0.598437 0.0583333 0.596875 0.0555556 0.540625 0.0555556 0.539062 0.0527778 0.490625 0.0527778 0.489062 0.05 0.475 0.05 0.473437 0.0472222 0.473437 0.0388889 0.331993
