0 0.192188 0.472222 0.192188 0.480556 0.189063 0.486111 0.185937 0.486111 0.182812 0.491667 0.18125 0.491667 0.178125 0.497222 0.176563 0.497222 0.165625 0.516667 0.165625 0.519444 0.1625 0.525 0.1625 0.527778 0.160938 0.530556 0.160938 0.533333 0.159375 0.536111 0.159375 0.541667 0.157813 0.544444 0.157813 0.55 0.15625 0.552778 0.15625 0.558333 0.154687 0.561111 0.154687 0.569444 0.153125 0.572222 0.153125 0.580556 0.151562 0.583333 0.151562 0.594444 0.15 0.597222 0.15 0.605556 0.148438 0.608333 0.148438 0.611111 0.146875 0.613889 0.146875 0.658333 0.145313 0.661111 0.145313 0.669444 0.14375 0.672222 0.14375 0.677778 0.142188 0.680556 0.142188 0.691667 0.140625 0.694444 0.140625 0.705556 0.139062 0.708333 0.139062 0.711111 0.13125 0.725 0.129688 0.725 0.117188 0.747222 0.115625 0.747222 0.110937 0.755556 0.109375 0.755556 0.10625 0.761111 0.104687 0.761111 0.096875 0.775 0.0953125 0.775 0.090625 0.783333 0.0890625 0.783333 0.0828125 0.794444 0.08125 0.794444 0.0796875 0.797222 0.078125 0.797222 0.075 0.802778 0.0734375 0.802778 0.071875 0.805556 0.0703125 0.805556 0.0640625 0.816667 0.0625 0.816667 0.059375 0.822222 0.0578125 0.822222 0.053125 0.830556 0.0515625 0.830556 0.046875 0.838889 0.0453125 0.838889 0.0375 0.852778 0.0375 0.855556 0.034375 0.861111 0.034375 0.863889 0.0328125 0.866667 0.0328125 0.872222 0.0296875 0.877778 0.0296875 0.883333 0.028125 0.886111 0.028125 0.888889 0.0265625 0.891667 0.0265625 0.897222 0.025 0.9 0.025 0.902778 0.01875 0.913889 0.0171875 0.913889 0.0140625 0.919444 0.0125 0.919444 0.0078125 0.927778 0.003125 0.927778 0.003125 1 0.295312 1 0.295312 0.991667 0.29375 0.988889 0.29375 0.986111 0.292188 0.983333 0.292188 0.980556 0.289062 0.975 0.289062 0.972222 0.2875 0.969444 0.2875 0.966667 0.285937 0.963889 0.285937 0.961111 0.284375 0.958333 0.284375 0.955556 0.282813 0.952778 0.282813 0.95 0.28125 0.947222 0.28125 0.941667 0.279687 0.938889 0.279687 0.930556 0.278125 0.927778 0.278125 0.922222 0.276563 0.919444 0.276563 0.913889 0.275 0.911111 0.275 0.908333 0.273438 0.905556 0.273438 0.902778 0.271875 0.9 0.271875 0.897222 0.26875 0.891667 0.26875 0.886111 0.267188 0.883333 0.267188 0.880556 0.265625 0.877778 0.265625 0.872222 0.264062 0.869444 0.264062 0.866667 0.2625 0.863889 0.2625 0.858333 0.260938 0.855556 0.260938 0.85 0.259375 0.847222 0.259375 0.838889 0.2625 0.833333 0.264062 0.833333 0.265625 0.830556 0.267188 0.830556 0.26875 0.827778 0.270312 0.827778 0.273438 0.822222 0.275 0.822222 0.278125 0.816667 0.278125 0.813889 0.279687 0.811111 0.279687 0.805556 0.28125 0.802778 0.28125 0.8 0.282813 0.797222 0.282813 0.791667 0.285937 0.786111 0.285937 0.780556 0.289062 0.775 0.289062 0.772222 0.292188 0.766667 0.292188 0.763889 0.29375 0.761111 0.29375 0.755556 0.298438 0.747222 0.298438 0.744444 0.3 0.741667 0.3 0.727778 0.301562 0.725 0.301562 0.716667 0.304688 0.711111 0.304688 0.708333 0.30625 0.705556 0.30625 0.686111 0.304688 0.683333 0.304688 0.655556 0.30625 0.652778 0.30625 0.65 0.307813 0.647222 0.307813 0.644444 0.309375 0.641667 0.314063 0.641667 0.314063 0.552778 0.309375 0.552778 0.307813 0.55 0.307813 0.547222 0.30625 0.544444 0.30625 0.541667 0.304688 0.538889 0.304688 0.536111 0.303125 0.533333 0.303125 0.530556 0.298438 0.522222 0.298438 0.519444 0.285937 0.497222 0.284375 0.497222 0.278125 0.486111 0.276563 0.486111 0.273438 0.480556 0.273438 0.472222 0.877814
25 0.003125 0.438889 0.003125 0.525 0.009375 0.525 0.0109375 0.522222 0.01875 0.522222 0.0203125 0.519444 0.03125 0.519444 0.0328125 0.522222 0.040625 0.522222 0.0453125 0.530556 0.0453125 0.533333 0.0484375 0.538889 0.0515625 0.538889 0.053125 0.541667 0.05625 0.541667 0.0578125 0.544444 0.065625 0.544444 0.0671875 0.547222 0.071875 0.547222 0.0734375 0.55 0.0734375 0.558333 0.114063 0.558333 0.114063 0.511111 0.107813 0.511111 0.10625 0.508333 0.103125 0.508333 0.101562 0.505556 0.0921875 0.505556 0.090625 0.502778 0.08125 0.502778 0.0796875 0.5 0.071875 0.5 0.0703125 0.497222 0.0671875 0.497222 0.065625 0.494444 0.0640625 0.494444 0.0625 0.491667 0.0609375 0.491667 0.0578125 0.486111 0.05625 0.486111 0.053125 0.480556 0.0515625 0.480556 0.05 0.477778 0.046875 0.477778 0.0453125 0.475 0.040625 0.475 0.0390625 0.472222 0.0375 0.472222 0.034375 0.466667 0.0328125 0.466667 0.025 0.452778 0.0234375 0.452778 0.021875 0.45 0.021875 0.438889 0.259152
0 0.192188 0.472222 0.192188 0.480556 0.189063 0.486111 0.185937 0.486111 0.182812 0.491667 0.18125 0.491667 0.178125 0.497222 0.176563 0.497222 0.165625 0.516667 0.165625 0.519444 0.1625 0.525 0.1625 0.527778 0.160938 0.530556 0.160938 0.533333 0.159375 0.536111 0.159375 0.541667 0.157813 0.544444 0.157813 0.55 0.15625 0.552778 0.15625 0.558333 0.154687 0.561111 0.154687 0.569444 0.153125 0.572222 0.153125 0.580556 0.151562 0.583333 0.151562 0.594444 0.15 0.597222 0.15 0.605556 0.148438 0.608333 0.148438 0.611111 0.146875 0.613889 0.146875 0.658333 0.145313 0.661111 0.145313 0.669444 0.14375 0.672222 0.14375 0.677778 0.142188 0.680556 0.142188 0.691667 0.140625 0.694444 0.140625 0.705556 0.139062 0.708333 0.139062 0.711111 0.13125 0.725 0.129688 0.725 0.117188 0.747222 0.115625 0.747222 0.110937 0.755556 0.109375 0.755556 0.10625 0.761111 0.104687 0.761111 0.096875 0.775 0.0953125 0.775 0.090625 0.783333 0.0890625 0.783333 0.0828125 0.794444 0.08125 0.794444 0.0796875 0.797222 0.078125 0.797222 0.075 0.802778 0.0734375 0.802778 0.071875 0.805556 0.0703125 0.805556 0.0640625 0.816667 0.0625 0.816667 0.059375 0.822222 0.0578125 0.822222 0.053125 0.830556 0.0515625 0.830556 0.046875 0.838889 0.0453125 0.838889 0.0375 0.852778 0.0375 0.855556 0.034375 0.861111 0.034375 0.863889 0.0328125 0.866667 0.0328125 0.872222 0.0296875 0.877778 0.0296875 0.883333 0.028125 0.886111 0.028125 0.888889 0.0265625 0.891667 0.0265625 0.897222 0.025 0.9 0.025 0.902778 0.01875 0.913889 0.0171875 0.913889 0.0140625 0.919444 0.0125 0.919444 0.0078125 0.927778 0.003125 0.927778 0.003125 1 0.295312 1 0.295312 0.991667 0.29375 0.988889 0.29375 0.986111 0.292188 0.983333 0.292188 0.980556 0.289062 0.975 0.289062 0.972222 0.2875 0.969444 0.2875 0.966667 0.285937 0.963889 0.285937 0.961111 0.284375 0.958333 0.284375 0.955556 0.282813 0.952778 0.282813 0.95 0.28125 0.947222 0.28125 0.941667 0.279687 0.938889 0.279687 0.930556 0.278125 0.927778 0.278125 0.922222 0.276563 0.919444 0.276563 0.913889 0.275 0.911111 0.275 0.908333 0.273438 0.905556 0.273438 0.902778 0.271875 0.9 0.271875 0.897222 0.26875 0.891667 0.26875 0.886111 0.267188 0.883333 0.267188 0.880556 0.265625 0.877778 0.265625 0.872222 0.264062 0.869444 0.264062 0.866667 0.2625 0.863889 0.2625 0.858333 0.260938 0.855556 0.260938 0.85 0.259375 0.847222 0.259375 0.838889 0.2625 0.833333 0.264062 0.833333 0.265625 0.830556 0.267188 0.830556 0.26875 0.827778 0.270312 0.827778 0.273438 0.822222 0.275 0.822222 0.278125 0.816667 0.278125 0.813889 0.279687 0.811111 0.279687 0.805556 0.28125 0.802778 0.28125 0.8 0.282813 0.797222 0.282813 0.791667 0.285937 0.786111 0.285937 0.780556 0.289062 0.775 0.289062 0.772222 0.292188 0.766667 0.292188 0.763889 0.29375 0.761111 0.29375 0.755556 0.298438 0.747222 0.298438 0.744444 0.3 0.741667 0.3 0.727778 0.301562 0.725 0.301562 0.716667 0.304688 0.711111 0.304688 0.708333 0.30625 0.705556 0.30625 0.686111 0.304688 0.683333 0.304688 0.655556 0.30625 0.652778 0.30625 0.65 0.307813 0.647222 0.307813 0.644444 0.309375 0.641667 0.314063 0.641667 0.314063 0.552778 0.309375 0.552778 0.307813 0.55 0.307813 0.547222 0.30625 0.544444 0.30625 0.541667 0.304688 0.538889 0.304688 0.536111 0.303125 0.533333 0.303125 0.530556 0.298438 0.522222 0.298438 0.519444 0.285937 0.497222 0.284375 0.497222 0.278125 0.486111 0.276563 0.486111 0.273438 0.480556 0.273438 0.472222 0.877814
25 0.003125 0.438889 0.003125 0.525 0.009375 0.525 0.0109375 0.522222 0.01875 0.522222 0.0203125 0.519444 0.03125 0.519444 0.0328125 0.522222 0.040625 0.522222 0.0453125 0.530556 0.0453125 0.533333 0.0484375 0.538889 0.0515625 0.538889 0.053125 0.541667 0.05625 0.541667 0.0578125 0.544444 0.065625 0.544444 0.0671875 0.547222 0.071875 0.547222 0.0734375 0.55 0.0734375 0.558333 0.114063 0.558333 0.114063 0.511111 0.107813 0.511111 0.10625 0.508333 0.103125 0.508333 0.101562 0.505556 0.0921875 0.505556 0.090625 0.502778 0.08125 0.502778 0.0796875 0.5 0.071875 0.5 0.0703125 0.497222 0.0671875 0.497222 0.065625 0.494444 0.0640625 0.494444 0.0625 0.491667 0.0609375 0.491667 0.0578125 0.486111 0.05625 0.486111 0.053125 0.480556 0.0515625 0.480556 0.05 0.477778 0.046875 0.477778 0.0453125 0.475 0.040625 0.475 0.0390625 0.472222 0.0375 0.472222 0.034375 0.466667 0.0328125 0.466667 0.025 0.452778 0.0234375 0.452778 0.021875 0.45 0.021875 0.438889 0.259152
0 0.192188 0.472222 0.192188 0.480556 0.189063 0.486111 0.185937 0.486111 0.182812 0.491667 0.18125 0.491667 0.178125 0.497222 0.176563 0.497222 0.165625 0.516667 0.165625 0.519444 0.1625 0.525 0.1625 0.527778 0.160938 0.530556 0.160938 0.533333 0.159375 0.536111 0.159375 0.541667 0.157813 0.544444 0.157813 0.55 0.15625 0.552778 0.15625 0.558333 0.154687 0.561111 0.154687 0.569444 0.153125 0.572222 0.153125 0.580556 0.151562 0.583333 0.151562 0.594444 0.15 0.597222 0.15 0.605556 0.148438 0.608333 0.148438 0.611111 0.146875 0.613889 0.146875 0.658333 0.145313 0.661111 0.145313 0.669444 0.14375 0.672222 0.14375 0.677778 0.142188 0.680556 0.142188 0.691667 0.140625 0.694444 0.140625 0.705556 0.139062 0.708333 0.139062 0.711111 0.13125 0.725 0.129688 0.725 0.117188 0.747222 0.115625 0.747222 0.110937 0.755556 0.109375 0.755556 0.10625 0.761111 0.104687 0.761111 0.096875 0.775 0.0953125 0.775 0.090625 0.783333 0.0890625 0.783333 0.0828125 0.794444 0.08125 0.794444 0.0796875 0.797222 0.078125 0.797222 0.075 0.802778 0.0734375 0.802778 0.071875 0.805556 0.0703125 0.805556 0.0640625 0.816667 0.0625 0.816667 0.059375 0.822222 0.0578125 0.822222 0.053125 0.830556 0.0515625 0.830556 0.046875 0.838889 0.0453125 0.838889 0.0375 0.852778 0.0375 0.855556 0.034375 0.861111 0.034375 0.863889 0.0328125 0.866667 0.0328125 0.872222 0.0296875 0.877778 0.0296875 0.883333 0.028125 0.886111 0.028125 0.888889 0.0265625 0.891667 0.0265625 0.897222 0.025 0.9 0.025 0.902778 0.01875 0.913889 0.0171875 0.913889 0.0140625 0.919444 0.0125 0.919444 0.0078125 0.927778 0.003125 0.927778 0.003125 1 0.295312 1 0.295312 0.991667 0.29375 0.988889 0.29375 0.986111 0.292188 0.983333 0.292188 0.980556 0.289062 0.975 0.289062 0.972222 0.2875 0.969444 0.2875 0.966667 0.285937 0.963889 0.285937 0.961111 0.284375 0.958333 0.284375 0.955556 0.282813 0.952778 0.282813 0.95 0.28125 0.947222 0.28125 0.941667 0.279687 0.938889 0.279687 0.930556 0.278125 0.927778 0.278125 0.922222 0.276563 0.919444 0.276563 0.913889 0.275 0.911111 0.275 0.908333 0.273438 0.905556 0.273438 0.902778 0.271875 0.9 0.271875 0.897222 0.26875 0.891667 0.26875 0.886111 0.267188 0.883333 0.267188 0.880556 0.265625 0.877778 0.265625 0.872222 0.264062 0.869444 0.264062 0.866667 0.2625 0.863889 0.2625 0.858333 0.260938 0.855556 0.260938 0.85 0.259375 0.847222 0.259375 0.838889 0.2625 0.833333 0.264062 0.833333 0.265625 0.830556 0.267188 0.830556 0.26875 0.827778 0.270312 0.827778 0.273438 0.822222 0.275 0.822222 0.278125 0.816667 0.278125 0.813889 0.279687 0.811111 0.279687 0.805556 0.28125 0.802778 0.28125 0.8 0.282813 0.797222 0.282813 0.791667 0.285937 0.786111 0.285937 0.780556 0.289062 0.775 0.289062 0.772222 0.292188 0.766667 0.292188 0.763889 0.29375 0.761111 0.29375 0.755556 0.298438 0.747222 0.298438 0.744444 0.3 0.741667 0.3 0.727778 0.301562 0.725 0.301562 0.716667 0.304688 0.711111 0.304688 0.708333 0.30625 0.705556 0.30625 0.686111 0.304688 0.683333 0.304688 0.655556 0.30625 0.652778 0.30625 0.65 0.307813 0.647222 0.307813 0.644444 0.309375 0.641667 0.314063 0.641667 0.314063 0.552778 0.309375 0.552778 0.307813 0.55 0.307813 0.547222 0.30625 0.544444 0.30625 0.541667 0.304688 0.538889 0.304688 0.536111 0.303125 0.533333 0.303125 0.530556 0.298438 0.522222 0.298438 0.519444 0.285937 0.497222 0.284375 0.497222 0.278125 0.486111 0.276563 0.486111 0.273438 0.480556 0.273438 0.472222 0.877814
25 0.003125 0.438889 0.003125 0.525 0.009375 0.525 0.0109375 0.522222 0.01875 0.522222 0.0203125 0.519444 0.03125 0.519444 0.0328125 0.522222 0.040625 0.522222 0.0453125 0.530556 0.0453125 0.533333 0.0484375 0.538889 0.0515625 0.538889 0.053125 0.541667 0.05625 0.541667 0.0578125 0.544444 0.065625 0.544444 0.0671875 0.547222 0.071875 0.547222 0.0734375 0.55 0.0734375 0.558333 0.114063 0.558333 0.114063 0.511111 0.107813 0.511111 0.10625 0.508333 0.103125 0.508333 0.101562 0.505556 0.0921875 0.505556 0.090625 0.502778 0.08125 0.502778 0.0796875 0.5 0.071875 0.5 0.0703125 0.497222 0.0671875 0.497222 0.065625 0.494444 0.0640625 0.494444 0.0625 0.491667 0.0609375 0.491667 0.0578125 0.486111 0.05625 0.486111 0.053125 0.480556 0.0515625 0.480556 0.05 0.477778 0.046875 0.477778 0.0453125 0.475 0.040625 0.475 0.0390625 0.472222 0.0375 0.472222 0.034375 0.466667 0.0328125 0.466667 0.025 0.452778 0.0234375 0.452778 0.021875 0.45 0.021875 0.438889 0.259152
0 0.192188 0.472222 0.192188 0.480556 0.189063 0.486111 0.185937 0.486111 0.182812 0.491667 0.18125 0.491667 0.178125 0.497222 0.176563 0.497222 0.165625 0.516667 0.165625 0.519444 0.1625 0.525 0.1625 0.527778 0.160938 0.530556 0.160938 0.533333 0.159375 0.536111 0.159375 0.541667 0.157813 0.544444 0.157813 0.55 0.15625 0.552778 0.15625 0.558333 0.154687 0.561111 0.154687 0.569444 0.153125 0.572222 0.153125 0.580556 0.151562 0.583333 0.151562 0.594444 0.15 0.597222 0.15 0.605556 0.148438 0.608333 0.148438 0.611111 0.146875 0.613889 0.146875 0.658333 0.145313 0.661111 0.145313 0.669444 0.14375 0.672222 0.14375 0.677778 0.142188 0.680556 0.142188 0.691667 0.140625 0.694444 0.140625 0.705556 0.139062 0.708333 0.139062 0.711111 0.13125 0.725 0.129688 0.725 0.117188 0.747222 0.115625 0.747222 0.110937 0.755556 0.109375 0.755556 0.10625 0.761111 0.104687 0.761111 0.096875 0.775 0.0953125 0.775 0.090625 0.783333 0.0890625 0.783333 0.0828125 0.794444 0.08125 0.794444 0.0796875 0.797222 0.078125 0.797222 0.075 0.802778 0.0734375 0.802778 0.071875 0.805556 0.0703125 0.805556 0.0640625 0.816667 0.0625 0.816667 0.059375 0.822222 0.0578125 0.822222 0.053125 0.830556 0.0515625 0.830556 0.046875 0.838889 0.0453125 0.838889 0.0375 0.852778 0.0375 0.855556 0.034375 0.861111 0.034375 0.863889 0.0328125 0.866667 0.0328125 0.872222 0.0296875 0.877778 0.0296875 0.883333 0.028125 0.886111 0.028125 0.888889 0.0265625 0.891667 0.0265625 0.897222 0.025 0.9 0.025 0.902778 0.01875 0.913889 0.0171875 0.913889 0.0140625 0.919444 0.0125 0.919444 0.0078125 0.927778 0.003125 0.927778 0.003125 1 0.295312 1 0.295312 0.991667 0.29375 0.988889 0.29375 0.986111 0.292188 0.983333 0.292188 0.980556 0.289062 0.975 0.289062 0.972222 0.2875 0.969444 0.2875 0.966667 0.285937 0.963889 0.285937 0.961111 0.284375 0.958333 0.284375 0.955556 0.282813 0.952778 0.282813 0.95 0.28125 0.947222 0.28125 0.941667 0.279687 0.938889 0.279687 0.930556 0.278125 0.927778 0.278125 0.922222 0.276563 0.919444 0.276563 0.913889 0.275 0.911111 0.275 0.908333 0.273438 0.905556 0.273438 0.902778 0.271875 0.9 0.271875 0.897222 0.26875 0.891667 0.26875 0.886111 0.267188 0.883333 0.267188 0.880556 0.265625 0.877778 0.265625 0.872222 0.264062 0.869444 0.264062 0.866667 0.2625 0.863889 0.2625 0.858333 0.260938 0.855556 0.260938 0.85 0.259375 0.847222 0.259375 0.838889 0.2625 0.833333 0.264062 0.833333 0.265625 0.830556 0.267188 0.830556 0.26875 0.827778 0.270312 0.827778 0.273438 0.822222 0.275 0.822222 0.278125 0.816667 0.278125 0.813889 0.279687 0.811111 0.279687 0.805556 0.28125 0.802778 0.28125 0.8 0.282813 0.797222 0.282813 0.791667 0.285937 0.786111 0.285937 0.780556 0.289062 0.775 0.289062 0.772222 0.292188 0.766667 0.292188 0.763889 0.29375 0.761111 0.29375 0.755556 0.298438 0.747222 0.298438 0.744444 0.3 0.741667 0.3 0.727778 0.301562 0.725 0.301562 0.716667 0.304688 0.711111 0.304688 0.708333 0.30625 0.705556 0.30625 0.686111 0.304688 0.683333 0.304688 0.655556 0.30625 0.652778 0.30625 0.65 0.307813 0.647222 0.307813 0.644444 0.309375 0.641667 0.314063 0.641667 0.314063 0.552778 0.309375 0.552778 0.307813 0.55 0.307813 0.547222 0.30625 0.544444 0.30625 0.541667 0.304688 0.538889 0.304688 0.536111 0.303125 0.533333 0.303125 0.530556 0.298438 0.522222 0.298438 0.519444 0.285937 0.497222 0.284375 0.497222 0.278125 0.486111 0.276563 0.486111 0.273438 0.480556 0.273438 0.472222 0.877814
25 0.003125 0.438889 0.003125 0.525 0.009375 0.525 0.0109375 0.522222 0.01875 0.522222 0.0203125 0.519444 0.03125 0.519444 0.0328125 0.522222 0.040625 0.522222 0.0453125 0.530556 0.0453125 0.533333 0.0484375 0.538889 0.0515625 0.538889 0.053125 0.541667 0.05625 0.541667 0.0578125 0.544444 0.065625 0.544444 0.0671875 0.547222 0.071875 0.547222 0.0734375 0.55 0.0734375 0.558333 0.114063 0.558333 0.114063 0.511111 0.107813 0.511111 0.10625 0.508333 0.103125 0.508333 0.101562 0.505556 0.0921875 0.505556 0.090625 0.502778 0.08125 0.502778 0.0796875 0.5 0.071875 0.5 0.0703125 0.497222 0.0671875 0.497222 0.065625 0.494444 0.0640625 0.494444 0.0625 0.491667 0.0609375 0.491667 0.0578125 0.486111 0.05625 0.486111 0.053125 0.480556 0.0515625 0.480556 0.05 0.477778 0.046875 0.477778 0.0453125 0.475 0.040625 0.475 0.0390625 0.472222 0.0375 0.472222 0.034375 0.466667 0.0328125 0.466667 0.025 0.452778 0.0234375 0.452778 0.021875 0.45 0.021875 0.438889 0.259152
0 0.192188 0.472222 0.192188 0.480556 0.189063 0.486111 0.185937 0.486111 0.182812 0.491667 0.18125 0.491667 0.178125 0.497222 0.176563 0.497222 0.165625 0.516667 0.165625 0.519444 0.1625 0.525 0.1625 0.527778 0.160938 0.530556 0.160938 0.533333 0.159375 0.536111 0.159375 0.541667 0.157813 0.544444 0.157813 0.55 0.15625 0.552778 0.15625 0.558333 0.154687 0.561111 0.154687 0.569444 0.153125 0.572222 0.153125 0.580556 0.151562 0.583333 0.151562 0.594444 0.15 0.597222 0.15 0.605556 0.148438 0.608333 0.148438 0.611111 0.146875 0.613889 0.146875 0.658333 0.145313 0.661111 0.145313 0.669444 0.14375 0.672222 0.14375 0.677778 0.142188 0.680556 0.142188 0.691667 0.140625 0.694444 0.140625 0.705556 0.139062 0.708333 0.139062 0.711111 0.13125 0.725 0.129688 0.725 0.117188 0.747222 0.115625 0.747222 0.110937 0.755556 0.109375 0.755556 0.10625 0.761111 0.104687 0.761111 0.096875 0.775 0.0953125 0.775 0.090625 0.783333 0.0890625 0.783333 0.0828125 0.794444 0.08125 0.794444 0.0796875 0.797222 0.078125 0.797222 0.075 0.802778 0.0734375 0.802778 0.071875 0.805556 0.0703125 0.805556 0.0640625 0.816667 0.0625 0.816667 0.059375 0.822222 0.0578125 0.822222 0.053125 0.830556 0.0515625 0.830556 0.046875 0.838889 0.0453125 0.838889 0.0375 0.852778 0.0375 0.855556 0.034375 0.861111 0.034375 0.863889 0.0328125 0.866667 0.0328125 0.872222 0.0296875 0.877778 0.0296875 0.883333 0.028125 0.886111 0.028125 0.888889 0.0265625 0.891667 0.0265625 0.897222 0.025 0.9 0.025 0.902778 0.01875 0.913889 0.0171875 0.913889 0.0140625 0.919444 0.0125 0.919444 0.0078125 0.927778 0.003125 0.927778 0.003125 1 0.295312 1 0.295312 0.991667 0.29375 0.988889 0.29375 0.986111 0.292188 0.983333 0.292188 0.980556 0.289062 0.975 0.289062 0.972222 0.2875 0.969444 0.2875 0.966667 0.285937 0.963889 0.285937 0.961111 0.284375 0.958333 0.284375 0.955556 0.282813 0.952778 0.282813 0.95 0.28125 0.947222 0.28125 0.941667 0.279687 0.938889 0.279687 0.930556 0.278125 0.927778 0.278125 0.922222 0.276563 0.919444 0.276563 0.913889 0.275 0.911111 0.275 0.908333 0.273438 0.905556 0.273438 0.902778 0.271875 0.9 0.271875 0.897222 0.26875 0.891667 0.26875 0.886111 0.267188 0.883333 0.267188 0.880556 0.265625 0.877778 0.265625 0.872222 0.264062 0.869444 0.264062 0.866667 0.2625 0.863889 0.2625 0.858333 0.260938 0.855556 0.260938 0.85 0.259375 0.847222 0.259375 0.838889 0.2625 0.833333 0.264062 0.833333 0.265625 0.830556 0.267188 0.830556 0.26875 0.827778 0.270312 0.827778 0.273438 0.822222 0.275 0.822222 0.278125 0.816667 0.278125 0.813889 0.279687 0.811111 0.279687 0.805556 0.28125 0.802778 0.28125 0.8 0.282813 0.797222 0.282813 0.791667 0.285937 0.786111 0.285937 0.780556 0.289062 0.775 0.289062 0.772222 0.292188 0.766667 0.292188 0.763889 0.29375 0.761111 0.29375 0.755556 0.298438 0.747222 0.298438 0.744444 0.3 0.741667 0.3 0.727778 0.301562 0.725 0.301562 0.716667 0.304688 0.711111 0.304688 0.708333 0.30625 0.705556 0.30625 0.686111 0.304688 0.683333 0.304688 0.655556 0.30625 0.652778 0.30625 0.65 0.307813 0.647222 0.307813 0.644444 0.309375 0.641667 0.314063 0.641667 0.314063 0.552778 0.309375 0.552778 0.307813 0.55 0.307813 0.547222 0.30625 0.544444 0.30625 0.541667 0.304688 0.538889 0.304688 0.536111 0.303125 0.533333 0.303125 0.530556 0.298438 0.522222 0.298438 0.519444 0.285937 0.497222 0.284375 0.497222 0.278125 0.486111 0.276563 0.486111 0.273438 0.480556 0.273438 0.472222 0.877814
25 0.003125 0.438889 0.003125 0.525 0.009375 0.525 0.0109375 0.522222 0.01875 0.522222 0.0203125 0.519444 0.03125 0.519444 0.0328125 0.522222 0.040625 0.522222 0.0453125 0.530556 0.0453125 0.533333 0.0484375 0.538889 0.0515625 0.538889 0.053125 0.541667 0.05625 0.541667 0.0578125 0.544444 0.065625 0.544444 0.0671875 0.547222 0.071875 0.547222 0.0734375 0.55 0.0734375 0.558333 0.114063 0.558333 0.114063 0.511111 0.107813 0.511111 0.10625 0.508333 0.103125 0.508333 0.101562 0.505556 0.0921875 0.505556 0.090625 0.502778 0.08125 0.502778 0.0796875 0.5 0.071875 0.5 0.0703125 0.497222 0.0671875 0.497222 0.065625 0.494444 0.0640625 0.494444 0.0625 0.491667 0.0609375 0.491667 0.0578125 0.486111 0.05625 0.486111 0.053125 0.480556 0.0515625 0.480556 0.05 0.477778 0.046875 0.477778 0.0453125 0.475 0.040625 0.475 0.0390625 0.472222 0.0375 0.472222 0.034375 0.466667 0.0328125 0.466667 0.025 0.452778 0.0234375 0.452778 0.021875 0.45 0.021875 0.438889 0.259152
0 0.192188 0.472222 0.192188 0.480556 0.189063 0.486111 0.185937 0.486111 0.182812 0.491667 0.18125 0.491667 0.178125 0.497222 0.176563 0.497222 0.165625 0.516667 0.165625 0.519444 0.1625 0.525 0.1625 0.527778 0.160938 0.530556 0.160938 0.533333 0.159375 0.536111 0.159375 0.541667 0.157813 0.544444 0.157813 0.55 0.15625 0.552778 0.15625 0.558333 0.154687 0.561111 0.154687 0.569444 0.153125 0.572222 0.153125 0.580556 0.151562 0.583333 0.151562 0.594444 0.15 0.597222 0.15 0.605556 0.148438 0.608333 0.148438 0.611111 0.146875 0.613889 0.146875 0.658333 0.145313 0.661111 0.145313 0.669444 0.14375 0.672222 0.14375 0.677778 0.142188 0.680556 0.142188 0.691667 0.140625 0.694444 0.140625 0.705556 0.139062 0.708333 0.139062 0.711111 0.13125 0.725 0.129688 0.725 0.117188 0.747222 0.115625 0.747222 0.110937 0.755556 0.109375 0.755556 0.10625 0.761111 0.104687 0.761111 0.096875 0.775 0.0953125 0.775 0.090625 0.783333 0.0890625 0.783333 0.0828125 0.794444 0.08125 0.794444 0.0796875 0.797222 0.078125 0.797222 0.075 0.802778 0.0734375 0.802778 0.071875 0.805556 0.0703125 0.805556 0.0640625 0.816667 0.0625 0.816667 0.059375 0.822222 0.0578125 0.822222 0.053125 0.830556 0.0515625 0.830556 0.046875 0.838889 0.0453125 0.838889 0.0375 0.852778 0.0375 0.855556 0.034375 0.861111 0.034375 0.863889 0.0328125 0.866667 0.0328125 0.872222 0.0296875 0.877778 0.0296875 0.883333 0.028125 0.886111 0.028125 0.888889 0.0265625 0.891667 0.0265625 0.897222 0.025 0.9 0.025 0.902778 0.01875 0.913889 0.0171875 0.913889 0.0140625 0.919444 0.0125 0.919444 0.0078125 0.927778 0.003125 0.927778 0.003125 1 0.295312 1 0.295312 0.991667 0.29375 0.988889 0.29375 0.986111 0.292188 0.983333 0.292188 0.980556 0.289062 0.975 0.289062 0.972222 0.2875 0.969444 0.2875 0.966667 0.285937 0.963889 0.285937 0.961111 0.284375 0.958333 0.284375 0.955556 0.282813 0.952778 0.282813 0.95 0.28125 0.947222 0.28125 0.941667 0.279687 0.938889 0.279687 0.930556 0.278125 0.927778 0.278125 0.922222 0.276563 0.919444 0.276563 0.913889 0.275 0.911111 0.275 0.908333 0.273438 0.905556 0.273438 0.902778 0.271875 0.9 0.271875 0.897222 0.26875 0.891667 0.26875 0.886111 0.267188 0.883333 0.267188 0.880556 0.265625 0.877778 0.265625 0.872222 0.264062 0.869444 0.264062 0.866667 0.2625 0.863889 0.2625 0.858333 0.260938 0.855556 0.260938 0.85 0.259375 0.847222 0.259375 0.838889 0.2625 0.833333 0.264062 0.833333 0.265625 0.830556 0.267188 0.830556 0.26875 0.827778 0.270312 0.827778 0.273438 0.822222 0.275 0.822222 0.278125 0.816667 0.278125 0.813889 0.279687 0.811111 0.279687 0.805556 0.28125 0.802778 0.28125 0.8 0.282813 0.797222 0.282813 0.791667 0.285937 0.786111 0.285937 0.780556 0.289062 0.775 0.289062 0.772222 0.292188 0.766667 0.292188 0.763889 0.29375 0.761111 0.29375 0.755556 0.298438 0.747222 0.298438 0.744444 0.3 0.741667 0.3 0.727778 0.301562 0.725 0.301562 0.716667 0.304688 0.711111 0.304688 0.708333 0.30625 0.705556 0.30625 0.686111 0.304688 0.683333 0.304688 0.655556 0.30625 0.652778 0.30625 0.65 0.307813 0.647222 0.307813 0.644444 0.309375 0.641667 0.314063 0.641667 0.314063 0.552778 0.309375 0.552778 0.307813 0.55 0.307813 0.547222 0.30625 0.544444 0.30625 0.541667 0.304688 0.538889 0.304688 0.536111 0.303125 0.533333 0.303125 0.530556 0.298438 0.522222 0.298438 0.519444 0.285937 0.497222 0.284375 0.497222 0.278125 0.486111 0.276563 0.486111 0.273438 0.480556 0.273438 0.472222 0.877814
25 0.003125 0.438889 0.003125 0.525 0.009375 0.525 0.0109375 0.522222 0.01875 0.522222 0.0203125 0.519444 0.03125 0.519444 0.0328125 0.522222 0.040625 0.522222 0.0453125 0.530556 0.0453125 0.533333 0.0484375 0.538889 0.0515625 0.538889 0.053125 0.541667 0.05625 0.541667 0.0578125 0.544444 0.065625 0.544444 0.0671875 0.547222 0.071875 0.547222 0.0734375 0.55 0.0734375 0.558333 0.114063 0.558333 0.114063 0.511111 0.107813 0.511111 0.10625 0.508333 0.103125 0.508333 0.101562 0.505556 0.0921875 0.505556 0.090625 0.502778 0.08125 0.502778 0.0796875 0.5 0.071875 0.5 0.0703125 0.497222 0.0671875 0.497222 0.065625 0.494444 0.0640625 0.494444 0.0625 0.491667 0.0609375 0.491667 0.0578125 0.486111 0.05625 0.486111 0.053125 0.480556 0.0515625 0.480556 0.05 0.477778 0.046875 0.477778 0.0453125 0.475 0.040625 0.475 0.0390625 0.472222 0.0375 0.472222 0.034375 0.466667 0.0328125 0.466667 0.025 0.452778 0.0234375 0.452778 0.021875 0.45 0.021875 0.438889 0.259152
0 0.192188 0.472222 0.192188 0.480556 0.189063 0.486111 0.185937 0.486111 0.182812 0.491667 0.18125 0.491667 0.178125 0.497222 0.176563 0.497222 0.165625 0.516667 0.165625 0.519444 0.1625 0.525 0.1625 0.527778 0.160938 0.530556 0.160938 0.533333 0.159375 0.536111 0.159375 0.541667 0.157813 0.544444 0.157813 0.55 0.15625 0.552778 0.15625 0.558333 0.154687 0.561111 0.154687 0.569444 0.153125 0.572222 0.153125 0.580556 0.151562 0.583333 0.151562 0.594444 0.15 0.597222 0.15 0.605556 0.148438 0.608333 0.148438 0.611111 0.146875 0.613889 0.146875 0.658333 0.145313 0.661111 0.145313 0.669444 0.14375 0.672222 0.14375 0.677778 0.142188 0.680556 0.142188 0.691667 0.140625 0.694444 0.140625 0.705556 0.139062 0.708333 0.139062 0.711111 0.13125 0.725 0.129688 0.725 0.117188 0.747222 0.115625 0.747222 0.110937 0.755556 0.109375 0.755556 0.10625 0.761111 0.104687 0.761111 0.096875 0.775 0.0953125 0.775 0.090625 0.783333 0.0890625 0.783333 0.0828125 0.794444 0.08125 0.794444 0.0796875 0.797222 0.078125 0.797222 0.075 0.802778 0.0734375 0.802778 0.071875 0.805556 0.0703125 0.805556 0.0640625 0.816667 0.0625 0.816667 0.059375 0.822222 0.0578125 0.822222 0.053125 0.830556 0.0515625 0.830556 0.046875 0.838889 0.0453125 0.838889 0.0375 0.852778 0.0375 0.855556 0.034375 0.861111 0.034375 0.863889 0.0328125 0.866667 0.0328125 0.872222 0.0296875 0.877778 0.0296875 0.883333 0.028125 0.886111 0.028125 0.888889 0.0265625 0.891667 0.0265625 0.897222 0.025 0.9 0.025 0.902778 0.01875 0.913889 0.0171875 0.913889 0.0140625 0.919444 0.0125 0.919444 0.0078125 0.927778 0.003125 0.927778 0.003125 1 0.295312 1 0.295312 0.991667 0.29375 0.988889 0.29375 0.986111 0.292188 0.983333 0.292188 0.980556 0.289062 0.975 0.289062 0.972222 0.2875 0.969444 0.2875 0.966667 0.285937 0.963889 0.285937 0.961111 0.284375 0.958333 0.284375 0.955556 0.282813 0.952778 0.282813 0.95 0.28125 0.947222 0.28125 0.941667 0.279687 0.938889 0.279687 0.930556 0.278125 0.927778 0.278125 0.922222 0.276563 0.919444 0.276563 0.913889 0.275 0.911111 0.275 0.908333 0.273438 0.905556 0.273438 0.902778 0.271875 0.9 0.271875 0.897222 0.26875 0.891667 0.26875 0.886111 0.267188 0.883333 0.267188 0.880556 0.265625 0.877778 0.265625 0.872222 0.264062 0.869444 0.264062 0.866667 0.2625 0.863889 0.2625 0.858333 0.260938 0.855556 0.260938 0.85 0.259375 0.847222 0.259375 0.838889 0.2625 0.833333 0.264062 0.833333 0.265625 0.830556 0.267188 0.830556 0.26875 0.827778 0.270312 0.827778 0.273438 0.822222 0.275 0.822222 0.278125 0.816667 0.278125 0.813889 0.279687 0.811111 0.279687 0.805556 0.28125 0.802778 0.28125 0.8 0.282813 0.797222 0.282813 0.791667 0.285937 0.786111 0.285937 0.780556 0.289062 0.775 0.289062 0.772222 0.292188 0.766667 0.292188 0.763889 0.29375 0.761111 0.29375 0.755556 0.298438 0.747222 0.298438 0.744444 0.3 0.741667 0.3 0.727778 0.301562 0.725 0.301562 0.716667 0.304688 0.711111 0.304688 0.708333 0.30625 0.705556 0.30625 0.686111 0.304688 0.683333 0.304688 0.655556 0.30625 0.652778 0.30625 0.65 0.307813 0.647222 0.307813 0.644444 0.309375 0.641667 0.314063 0.641667 0.314063 0.552778 0.309375 0.552778 0.307813 0.55 0.307813 0.547222 0.30625 0.544444 0.30625 0.541667 0.304688 0.538889 0.304688 0.536111 0.303125 0.533333 0.303125 0.530556 0.298438 0.522222 0.298438 0.519444 0.285937 0.497222 0.284375 0.497222 0.278125 0.486111 0.276563 0.486111 0.273438 0.480556 0.273438 0.472222 0.877814
25 0.003125 0.438889 0.003125 0.525 0.009375 0.525 0.0109375 0.522222 0.01875 0.522222 0.0203125 0.519444 0.03125 0.519444 0.0328125 0.522222 0.040625 0.522222 0.0453125 0.530556 0.0453125 0.533333 0.0484375 0.538889 0.0515625 0.538889 0.053125 0.541667 0.05625 0.541667 0.0578125 0.544444 0.065625 0.544444 0.0671875 0.547222 0.071875 0.547222 0.0734375 0.55 0.0734375 0.558333 0.114063 0.558333 0.114063 0.511111 0.107813 0.511111 0.10625 0.508333 0.103125 0.508333 0.101562 0.505556 0.0921875 0.505556 0.090625 0.502778 0.08125 0.502778 0.0796875 0.5 0.071875 0.5 0.0703125 0.497222 0.0671875 0.497222 0.065625 0.494444 0.0640625 0.494444 0.0625 0.491667 0.0609375 0.491667 0.0578125 0.486111 0.05625 0.486111 0.053125 0.480556 0.0515625 0.480556 0.05 0.477778 0.046875 0.477778 0.0453125 0.475 0.040625 0.475 0.0390625 0.472222 0.0375 0.472222 0.034375 0.466667 0.0328125 0.466667 0.025 0.452778 0.0234375 0.452778 0.021875 0.45 0.021875 0.438889 0.259152
