0 0.25 0.472222 0.25 0.480556 0.246875 0.486111 0.245312 0.486111 0.242188 0.491667 0.240625 0.491667 0.228125 0.513889 0.228125 0.516667 0.226562 0.519444 0.226562 0.527778 0.225 0.530556 0.225 0.538889 0.223438 0.541667 0.223438 0.569444 0.225 0.572222 0.225 0.588889 0.226562 0.591667 0.226562 0.6 0.228125 0.602778 0.228125 0.611111 0.229687 0.613889 0.229687 0.619444 0.23125 0.622222 0.23125 0.627778 0.232812 0.630556 0.232812 0.633333 0.234375 0.636111 0.234375 0.658333 0.232812 0.661111 0.232812 0.663889 0.23125 0.666667 0.23125 0.669444 0.228125 0.675 0.226562 0.675 0.221875 0.683333 0.220313 0.683333 0.2125 0.697222 0.210938 0.697222 0.210938 0.7 0.207813 0.705556 0.20625 0.705556 0.196875 0.722222 0.195312 0.722222 0.1875 0.736111 0.185937 0.736111 0.1625 0.777778 0.160938 0.777778 0.157813 0.783333 0.157813 0.786111 0.151562 0.797222 0.151562 0.8 0.148438 0.805556 0.148438 0.808333 0.146875 0.811111 0.146875 0.813889 0.145313 0.816667 0.145313 0.819444 0.14375 0.822222 0.14375 0.825 0.142188 0.827778 0.142188 0.830556 0.139062 0.836111 0.139062 0.841667 0.1375 0.844444 0.1375 0.847222 0.135937 0.85 0.135937 0.852778 0.132812 0.858333 0.128125 0.858333 0.128125 1 0.410937 1 0.410937 0.994444 0.4125 0.991667 0.4125 0.966667 0.410937 0.963889 0.410937 0.958333 0.409375 0.955556 0.409375 0.95 0.407813 0.947222 0.407813 0.944444 0.40625 0.941667 0.40625 0.936111 0.404687 0.933333 0.404687 0.930556 0.403125 0.927778 0.403125 0.925 0.401563 0.922222 0.401563 0.916667 0.4 0.913889 0.4 0.902778 0.398438 0.9 0.398438 0.891667 0.396875 0.888889 0.396875 0.877778 0.395312 0.875 0.395312 0.869444 0.39375 0.866667 0.39375 0.861111 0.392188 0.858333 0.392188 0.85 0.390625 0.847222 0.390625 0.836111 0.389062 0.833333 0.389062 0.827778 0.3875 0.825 0.3875 0.822222 0.385938 0.819444 0.385938 0.813889 0.384375 0.811111 0.384375 0.805556 0.382812 0.802778 0.382812 0.794444 0.38125 0.791667 0.38125 0.786111 0.379687 0.783333 0.379687 0.772222 0.378125 0.769444 0.378125 0.763889 0.376563 0.761111 0.376563 0.755556 0.375 0.752778 0.375 0.75 0.373437 0.747222 0.373437 0.744444 0.371875 0.741667 0.371875 0.738889 0.370313 0.736111 0.370313 0.733333 0.36875 0.730556 0.36875 0.727778 0.367188 0.725 0.367188 0.722222 0.365625 0.719444 0.365625 0.716667 0.357812 0.702778 0.354688 0.702778 0.351562 0.697222 0.35 0.697222 0.348437 0.694444 0.346875 0.694444 0.345313 0.691667 0.34375 0.691667 0.342187 0.688889 0.340625 0.688889 0.335938 0.680556 0.335938 0.677778 0.334375 0.675 0.334375 0.65 0.335938 0.647222 0.335938 0.633333 0.3375 0.630556 0.3375 0.597222 0.335938 0.594444 0.335938 0.586111 0.334375 0.583333 0.334375 0.577778 0.332812 0.575 0.332812 0.569444 0.33125 0.566667 0.33125 0.561111 0.329688 0.558333 0.329688 0.544444 0.328125 0.541667 0.328125 0.533333 0.326562 0.530556 0.326562 0.519444 0.325 0.516667 0.325 0.508333 0.323438 0.505556 0.323438 0.502778 0.314063 0.486111 0.3125 0.486111 0.309375 0.480556 0.309375 0.472222 0.912997
39 0.939062 0.727778 0.939062 0.738889 0.934375 0.747222 0.928125 0.747222 0.928125 0.847222 0.976562 0.847222 0.976562 0.788889 0.971875 0.788889 0.970312 0.786111 0.970312 0.780556 0.96875 0.777778 0.96875 0.769444 0.967188 0.766667 0.967188 0.761111 0.965625 0.758333 0.965625 0.755556 0.95625 0.738889 0.95625 0.727778 0.342273
0 0.25 0.472222 0.25 0.480556 0.246875 0.486111 0.245312 0.486111 0.242188 0.491667 0.240625 0.491667 0.228125 0.513889 0.228125 0.516667 0.226562 0.519444 0.226562 0.527778 0.225 0.530556 0.225 0.538889 0.223438 0.541667 0.223438 0.569444 0.225 0.572222 0.225 0.588889 0.226562 0.591667 0.226562 0.6 0.228125 0.602778 0.228125 0.611111 0.229687 0.613889 0.229687 0.619444 0.23125 0.622222 0.23125 0.627778 0.232812 0.630556 0.232812 0.633333 0.234375 0.636111 0.234375 0.658333 0.232812 0.661111 0.232812 0.663889 0.23125 0.666667 0.23125 0.669444 0.228125 0.675 0.226562 0.675 0.221875 0.683333 0.220313 0.683333 0.2125 0.697222 0.210938 0.697222 0.210938 0.7 0.207813 0.705556 0.20625 0.705556 0.196875 0.722222 0.195312 0.722222 0.1875 0.736111 0.185937 0.736111 0.1625 0.777778 0.160938 0.777778 0.157813 0.783333 0.157813 0.786111 0.151562 0.797222 0.151562 0.8 0.148438 0.805556 0.148438 0.808333 0.146875 0.811111 0.146875 0.813889 0.145313 0.816667 0.145313 0.819444 0.14375 0.822222 0.14375 0.825 0.142188 0.827778 0.142188 0.830556 0.139062 0.836111 0.139062 0.841667 0.1375 0.844444 0.1375 0.847222 0.135937 0.85 0.135937 0.852778 0.132812 0.858333 0.128125 0.858333 0.128125 1 0.410937 1 0.410937 0.994444 0.4125 0.991667 0.4125 0.966667 0.410937 0.963889 0.410937 0.958333 0.409375 0.955556 0.409375 0.95 0.407813 0.947222 0.407813 0.944444 0.40625 0.941667 0.40625 0.936111 0.404687 0.933333 0.404687 0.930556 0.403125 0.927778 0.403125 0.925 0.401563 0.922222 0.401563 0.916667 0.4 0.913889 0.4 0.902778 0.398438 0.9 0.398438 0.891667 0.396875 0.888889 0.396875 0.877778 0.395312 0.875 0.395312 0.869444 0.39375 0.866667 0.39375 0.861111 0.392188 0.858333 0.392188 0.85 0.390625 0.847222 0.390625 0.836111 0.389062 0.833333 0.389062 0.827778 0.3875 0.825 0.3875 0.822222 0.385938 0.819444 0.385938 0.813889 0.384375 0.811111 0.384375 0.805556 0.382812 0.802778 0.382812 0.794444 0.38125 0.791667 0.38125 0.786111 0.379687 0.783333 0.379687 0.772222 0.378125 0.769444 0.378125 0.763889 0.376563 0.761111 0.376563 0.755556 0.375 0.752778 0.375 0.75 0.373437 0.747222 0.373437 0.744444 0.371875 0.741667 0.371875 0.738889 0.370313 0.736111 0.370313 0.733333 0.36875 0.730556 0.36875 0.727778 0.367188 0.725 0.367188 0.722222 0.365625 0.719444 0.365625 0.716667 0.357812 0.702778 0.354688 0.702778 0.351562 0.697222 0.35 0.697222 0.348437 0.694444 0.346875 0.694444 0.345313 0.691667 0.34375 0.691667 0.342187 0.688889 0.340625 0.688889 0.335938 0.680556 0.335938 0.677778 0.334375 0.675 0.334375 0.65 0.335938 0.647222 0.335938 0.633333 0.3375 0.630556 0.3375 0.597222 0.335938 0.594444 0.335938 0.586111 0.334375 0.583333 0.334375 0.577778 0.332812 0.575 0.332812 0.569444 0.33125 0.566667 0.33125 0.561111 0.329688 0.558333 0.329688 0.544444 0.328125 0.541667 0.328125 0.533333 0.326562 0.530556 0.326562 0.519444 0.325 0.516667 0.325 0.508333 0.323438 0.505556 0.323438 0.502778 0.314063 0.486111 0.3125 0.486111 0.309375 0.480556 0.309375 0.472222 0.912997
39 0.939062 0.727778 0.939062 0.738889 0.934375 0.747222 0.928125 0.747222 0.928125 0.847222 0.976562 0.847222 0.976562 0.788889 0.971875 0.788889 0.970312 0.786111 0.970312 0.780556 0.96875 0.777778 0.96875 0.769444 0.967188 0.766667 0.967188 0.761111 0.965625 0.758333 0.965625 0.755556 0.95625 0.738889 0.95625 0.727778 0.342273
0 0.25 0.472222 0.25 0.480556 0.246875 0.486111 0.245312 0.486111 0.242188 0.491667 0.240625 0.491667 0.228125 0.513889 0.228125 0.516667 0.226562 0.519444 0.226562 0.527778 0.225 0.530556 0.225 0.538889 0.223438 0.541667 0.223438 0.569444 0.225 0.572222 0.225 0.588889 0.226562 0.591667 0.226562 0.6 0.228125 0.602778 0.228125 0.611111 0.229687 0.613889 0.229687 0.619444 0.23125 0.622222 0.23125 0.627778 0.232812 0.630556 0.232812 0.633333 0.234375 0.636111 0.234375 0.658333 0.232812 0.661111 0.232812 0.663889 0.23125 0.666667 0.23125 0.669444 0.228125 0.675 0.226562 0.675 0.221875 0.683333 0.220313 0.683333 0.2125 0.697222 0.210938 0.697222 0.210938 0.7 0.207813 0.705556 0.20625 0.705556 0.196875 0.722222 0.195312 0.722222 0.1875 0.736111 0.185937 0.736111 0.1625 0.777778 0.160938 0.777778 0.157813 0.783333 0.157813 0.786111 0.151562 0.797222 0.151562 0.8 0.148438 0.805556 0.148438 0.808333 0.146875 0.811111 0.146875 0.813889 0.145313 0.816667 0.145313 0.819444 0.14375 0.822222 0.14375 0.825 0.142188 0.827778 0.142188 0.830556 0.139062 0.836111 0.139062 0.841667 0.1375 0.844444 0.1375 0.847222 0.135937 0.85 0.135937 0.852778 0.132812 0.858333 0.128125 0.858333 0.128125 1 0.410937 1 0.410937 0.994444 0.4125 0.991667 0.4125 0.966667 0.410937 0.963889 0.410937 0.958333 0.409375 0.955556 0.409375 0.95 0.407813 0.947222 0.407813 0.944444 0.40625 0.941667 0.40625 0.936111 0.404687 0.933333 0.404687 0.930556 0.403125 0.927778 0.403125 0.925 0.401563 0.922222 0.401563 0.916667 0.4 0.913889 0.4 0.902778 0.398438 0.9 0.398438 0.891667 0.396875 0.888889 0.396875 0.877778 0.395312 0.875 0.395312 0.869444 0.39375 0.866667 0.39375 0.861111 0.392188 0.858333 0.392188 0.85 0.390625 0.847222 0.390625 0.836111 0.389062 0.833333 0.389062 0.827778 0.3875 0.825 0.3875 0.822222 0.385938 0.819444 0.385938 0.813889 0.384375 0.811111 0.384375 0.805556 0.382812 0.802778 0.382812 0.794444 0.38125 0.791667 0.38125 0.786111 0.379687 0.783333 0.379687 0.772222 0.378125 0.769444 0.378125 0.763889 0.376563 0.761111 0.376563 0.755556 0.375 0.752778 0.375 0.75 0.373437 0.747222 0.373437 0.744444 0.371875 0.741667 0.371875 0.738889 0.370313 0.736111 0.370313 0.733333 0.36875 0.730556 0.36875 0.727778 0.367188 0.725 0.367188 0.722222 0.365625 0.719444 0.365625 0.716667 0.357812 0.702778 0.354688 0.702778 0.351562 0.697222 0.35 0.697222 0.348437 0.694444 0.346875 0.694444 0.345313 0.691667 0.34375 0.691667 0.342187 0.688889 0.340625 0.688889 0.335938 0.680556 0.335938 0.677778 0.334375 0.675 0.334375 0.65 0.335938 0.647222 0.335938 0.633333 0.3375 0.630556 0.3375 0.597222 0.335938 0.594444 0.335938 0.586111 0.334375 0.583333 0.334375 0.577778 0.332812 0.575 0.332812 0.569444 0.33125 0.566667 0.33125 0.561111 0.329688 0.558333 0.329688 0.544444 0.328125 0.541667 0.328125 0.533333 0.326562 0.530556 0.326562 0.519444 0.325 0.516667 0.325 0.508333 0.323438 0.505556 0.323438 0.502778 0.314063 0.486111 0.3125 0.486111 0.309375 0.480556 0.309375 0.472222 0.912997
39 0.939062 0.727778 0.939062 0.738889 0.934375 0.747222 0.928125 0.747222 0.928125 0.847222 0.976562 0.847222 0.976562 0.788889 0.971875 0.788889 0.970312 0.786111 0.970312 0.780556 0.96875 0.777778 0.96875 0.769444 0.967188 0.766667 0.967188 0.761111 0.965625 0.758333 0.965625 0.755556 0.95625 0.738889 0.95625 0.727778 0.342273
0 0.25 0.472222 0.25 0.480556 0.246875 0.486111 0.245312 0.486111 0.242188 0.491667 0.240625 0.491667 0.228125 0.513889 0.228125 0.516667 0.226562 0.519444 0.226562 0.527778 0.225 0.530556 0.225 0.538889 0.223438 0.541667 0.223438 0.569444 0.225 0.572222 0.225 0.588889 0.226562 0.591667 0.226562 0.6 0.228125 0.602778 0.228125 0.611111 0.229687 0.613889 0.229687 0.619444 0.23125 0.622222 0.23125 0.627778 0.232812 0.630556 0.232812 0.633333 0.234375 0.636111 0.234375 0.658333 0.232812 0.661111 0.232812 0.663889 0.23125 0.666667 0.23125 0.669444 0.228125 0.675 0.226562 0.675 0.221875 0.683333 0.220313 0.683333 0.2125 0.697222 0.210938 0.697222 0.210938 0.7 0.207813 0.705556 0.20625 0.705556 0.196875 0.722222 0.195312 0.722222 0.1875 0.736111 0.185937 0.736111 0.1625 0.777778 0.160938 0.777778 0.157813 0.783333 0.157813 0.786111 0.151562 0.797222 0.151562 0.8 0.148438 0.805556 0.148438 0.808333 0.146875 0.811111 0.146875 0.813889 0.145313 0.816667 0.145313 0.819444 0.14375 0.822222 0.14375 0.825 0.142188 0.827778 0.142188 0.830556 0.139062 0.836111 0.139062 0.841667 0.1375 0.844444 0.1375 0.847222 0.135937 0.85 0.135937 0.852778 0.132812 0.858333 0.128125 0.858333 0.128125 1 0.410937 1 0.410937 0.994444 0.4125 0.991667 0.4125 0.966667 0.410937 0.963889 0.410937 0.958333 0.409375 0.955556 0.409375 0.95 0.407813 0.947222 0.407813 0.944444 0.40625 0.941667 0.40625 0.936111 0.404687 0.933333 0.404687 0.930556 0.403125 0.927778 0.403125 0.925 0.401563 0.922222 0.401563 0.916667 0.4 0.913889 0.4 0.902778 0.398438 0.9 0.398438 0.891667 0.396875 0.888889 0.396875 0.877778 0.395312 0.875 0.395312 0.869444 0.39375 0.866667 0.39375 0.861111 0.392188 0.858333 0.392188 0.85 0.390625 0.847222 0.390625 0.836111 0.389062 0.833333 0.389062 0.827778 0.3875 0.825 0.3875 0.822222 0.385938 0.819444 0.385938 0.813889 0.384375 0.811111 0.384375 0.805556 0.382812 0.802778 0.382812 0.794444 0.38125 0.791667 0.38125 0.786111 0.379687 0.783333 0.379687 0.772222 0.378125 0.769444 0.378125 0.763889 0.376563 0.761111 0.376563 0.755556 0.375 0.752778 0.375 0.75 0.373437 0.747222 0.373437 0.744444 0.371875 0.741667 0.371875 0.738889 0.370313 0.736111 0.370313 0.733333 0.36875 0.730556 0.36875 0.727778 0.367188 0.725 0.367188 0.722222 0.365625 0.719444 0.365625 0.716667 0.357812 0.702778 0.354688 0.702778 0.351562 0.697222 0.35 0.697222 0.348437 0.694444 0.346875 0.694444 0.345313 0.691667 0.34375 0.691667 0.342187 0.688889 0.340625 0.688889 0.335938 0.680556 0.335938 0.677778 0.334375 0.675 0.334375 0.65 0.335938 0.647222 0.335938 0.633333 0.3375 0.630556 0.3375 0.597222 0.335938 0.594444 0.335938 0.586111 0.334375 0.583333 0.334375 0.577778 0.332812 0.575 0.332812 0.569444 0.33125 0.566667 0.33125 0.561111 0.329688 0.558333 0.329688 0.544444 0.328125 0.541667 0.328125 0.533333 0.326562 0.530556 0.326562 0.519444 0.325 0.516667 0.325 0.508333 0.323438 0.505556 0.323438 0.502778 0.314063 0.486111 0.3125 0.486111 0.309375 0.480556 0.309375 0.472222 0.912997
39 0.939062 0.727778 0.939062 0.738889 0.934375 0.747222 0.928125 0.747222 0.928125 0.847222 0.976562 0.847222 0.976562 0.788889 0.971875 0.788889 0.970312 0.786111 0.970312 0.780556 0.96875 0.777778 0.96875 0.769444 0.967188 0.766667 0.967188 0.761111 0.965625 0.758333 0.965625 0.755556 0.95625 0.738889 0.95625 0.727778 0.342273
0 0.25 0.472222 0.25 0.480556 0.246875 0.486111 0.245312 0.486111 0.242188 0.491667 0.240625 0.491667 0.228125 0.513889 0.228125 0.516667 0.226562 0.519444 0.226562 0.527778 0.225 0.530556 0.225 0.538889 0.223438 0.541667 0.223438 0.569444 0.225 0.572222 0.225 0.588889 0.226562 0.591667 0.226562 0.6 0.228125 0.602778 0.228125 0.611111 0.229687 0.613889 0.229687 0.619444 0.23125 0.622222 0.23125 0.627778 0.232812 0.630556 0.232812 0.633333 0.234375 0.636111 0.234375 0.658333 0.232812 0.661111 0.232812 0.663889 0.23125 0.666667 0.23125 0.669444 0.228125 0.675 0.226562 0.675 0.221875 0.683333 0.220313 0.683333 0.2125 0.697222 0.210938 0.697222 0.210938 0.7 0.207813 0.705556 0.20625 0.705556 0.196875 0.722222 0.195312 0.722222 0.1875 0.736111 0.185937 0.736111 0.1625 0.777778 0.160938 0.777778 0.157813 0.783333 0.157813 0.786111 0.151562 0.797222 0.151562 0.8 0.148438 0.805556 0.148438 0.808333 0.146875 0.811111 0.146875 0.813889 0.145313 0.816667 0.145313 0.819444 0.14375 0.822222 0.14375 0.825 0.142188 0.827778 0.142188 0.830556 0.139062 0.836111 0.139062 0.841667 0.1375 0.844444 0.1375 0.847222 0.135937 0.85 0.135937 0.852778 0.132812 0.858333 0.128125 0.858333 0.128125 1 0.410937 1 0.410937 0.994444 0.4125 0.991667 0.4125 0.966667 0.410937 0.963889 0.410937 0.958333 0.409375 0.955556 0.409375 0.95 0.407813 0.947222 0.407813 0.944444 0.40625 0.941667 0.40625 0.936111 0.404687 0.933333 0.404687 0.930556 0.403125 0.927778 0.403125 0.925 0.401563 0.922222 0.401563 0.916667 0.4 0.913889 0.4 0.902778 0.398438 0.9 0.398438 0.891667 0.396875 0.888889 0.396875 0.877778 0.395312 0.875 0.395312 0.869444 0.39375 0.866667 0.39375 0.861111 0.392188 0.858333 0.392188 0.85 0.390625 0.847222 0.390625 0.836111 0.389062 0.833333 0.389062 0.827778 0.3875 0.825 0.3875 0.822222 0.385938 0.819444 0.385938 0.813889 0.384375 0.811111 0.384375 0.805556 0.382812 0.802778 0.382812 0.794444 0.38125 0.791667 0.38125 0.786111 0.379687 0.783333 0.379687 0.772222 0.378125 0.769444 0.378125 0.763889 0.376563 0.761111 0.376563 0.755556 0.375 0.752778 0.375 0.75 0.373437 0.747222 0.373437 0.744444 0.371875 0.741667 0.371875 0.738889 0.370313 0.736111 0.370313 0.733333 0.36875 0.730556 0.36875 0.727778 0.367188 0.725 0.367188 0.722222 0.365625 0.719444 0.365625 0.716667 0.357812 0.702778 0.354688 0.702778 0.351562 0.697222 0.35 0.697222 0.348437 0.694444 0.346875 0.694444 0.345313 0.691667 0.34375 0.691667 0.342187 0.688889 0.340625 0.688889 0.335938 0.680556 0.335938 0.677778 0.334375 0.675 0.334375 0.65 0.335938 0.647222 0.335938 0.633333 0.3375 0.630556 0.3375 0.597222 0.335938 0.594444 0.335938 0.586111 0.334375 0.583333 0.334375 0.577778 0.332812 0.575 0.332812 0.569444 0.33125 0.566667 0.33125 0.561111 0.329688 0.558333 0.329688 0.544444 0.328125 0.541667 0.328125 0.533333 0.326562 0.530556 0.326562 0.519444 0.325 0.516667 0.325 0.508333 0.323438 0.505556 0.323438 0.502778 0.314063 0.486111 0.3125 0.486111 0.309375 0.480556 0.309375 0.472222 0.912997
39 0.939062 0.727778 0.939062 0.738889 0.934375 0.747222 0.928125 0.747222 0.928125 0.847222 0.976562 0.847222 0.976562 0.788889 0.971875 0.788889 0.970312 0.786111 0.970312 0.780556 0.96875 0.777778 0.96875 0.769444 0.967188 0.766667 0.967188 0.761111 0.965625 0.758333 0.965625 0.755556 0.95625 0.738889 0.95625 0.727778 0.342273
0 0.25 0.472222 0.25 0.480556 0.246875 0.486111 0.245312 0.486111 0.242188 0.491667 0.240625 0.491667 0.228125 0.513889 0.228125 0.516667 0.226562 0.519444 0.226562 0.527778 0.225 0.530556 0.225 0.538889 0.223438 0.541667 0.223438 0.569444 0.225 0.572222 0.225 0.588889 0.226562 0.591667 0.226562 0.6 0.228125 0.602778 0.228125 0.611111 0.229687 0.613889 0.229687 0.619444 0.23125 0.622222 0.23125 0.627778 0.232812 0.630556 0.232812 0.633333 0.234375 0.636111 0.234375 0.658333 0.232812 0.661111 0.232812 0.663889 0.23125 0.666667 0.23125 0.669444 0.228125 0.675 0.226562 0.675 0.221875 0.683333 0.220313 0.683333 0.2125 0.697222 0.210938 0.697222 0.210938 0.7 0.207813 0.705556 0.20625 0.705556 0.196875 0.722222 0.195312 0.722222 0.1875 0.736111 0.185937 0.736111 0.1625 0.777778 0.160938 0.777778 0.157813 0.783333 0.157813 0.786111 0.151562 0.797222 0.151562 0.8 0.148438 0.805556 0.148438 0.808333 0.146875 0.811111 0.146875 0.813889 0.145313 0.816667 0.145313 0.819444 0.14375 0.822222 0.14375 0.825 0.142188 0.827778 0.142188 0.830556 0.139062 0.836111 0.139062 0.841667 0.1375 0.844444 0.1375 0.847222 0.135937 0.85 0.135937 0.852778 0.132812 0.858333 0.128125 0.858333 0.128125 1 0.410937 1 0.410937 0.994444 0.4125 0.991667 0.4125 0.966667 0.410937 0.963889 0.410937 0.958333 0.409375 0.955556 0.409375 0.95 0.407813 0.947222 0.407813 0.944444 0.40625 0.941667 0.40625 0.936111 0.404687 0.933333 0.404687 0.930556 0.403125 0.927778 0.403125 0.925 0.401563 0.922222 0.401563 0.916667 0.4 0.913889 0.4 0.902778 0.398438 0.9 0.398438 0.891667 0.396875 0.888889 0.396875 0.877778 0.395312 0.875 0.395312 0.869444 0.39375 0.866667 0.39375 0.861111 0.392188 0.858333 0.392188 0.85 0.390625 0.847222 0.390625 0.836111 0.389062 0.833333 0.389062 0.827778 0.3875 0.825 0.3875 0.822222 0.385938 0.819444 0.385938 0.813889 0.384375 0.811111 0.384375 0.805556 0.382812 0.802778 0.382812 0.794444 0.38125 0.791667 0.38125 0.786111 0.379687 0.783333 0.379687 0.772222 0.378125 0.769444 0.378125 0.763889 0.376563 0.761111 0.376563 0.755556 0.375 0.752778 0.375 0.75 0.373437 0.747222 0.373437 0.744444 0.371875 0.741667 0.371875 0.738889 0.370313 0.736111 0.370313 0.733333 0.36875 0.730556 0.36875 0.727778 0.367188 0.725 0.367188 0.722222 0.365625 0.719444 0.365625 0.716667 0.357812 0.702778 0.354688 0.702778 0.351562 0.697222 0.35 0.697222 0.348437 0.694444 0.346875 0.694444 0.345313 0.691667 0.34375 0.691667 0.342187 0.688889 0.340625 0.688889 0.335938 0.680556 0.335938 0.677778 0.334375 0.675 0.334375 0.65 0.335938 0.647222 0.335938 0.633333 0.3375 0.630556 0.3375 0.597222 0.335938 0.594444 0.335938 0.586111 0.334375 0.583333 0.334375 0.577778 0.332812 0.575 0.332812 0.569444 0.33125 0.566667 0.33125 0.561111 0.329688 0.558333 0.329688 0.544444 0.328125 0.541667 0.328125 0.533333 0.326562 0.530556 0.326562 0.519444 0.325 0.516667 0.325 0.508333 0.323438 0.505556 0.323438 0.502778 0.314063 0.486111 0.3125 0.486111 0.309375 0.480556 0.309375 0.472222 0.912997
39 0.939062 0.727778 0.939062 0.738889 0.934375 0.747222 0.928125 0.747222 0.928125 0.847222 0.976562 0.847222 0.976562 0.788889 0.971875 0.788889 0.970312 0.786111 0.970312 0.780556 0.96875 0.777778 0.96875 0.769444 0.967188 0.766667 0.967188 0.761111 0.965625 0.758333 0.965625 0.755556 0.95625 0.738889 0.95625 0.727778 0.342273
0 0.25 0.472222 0.25 0.480556 0.246875 0.486111 0.245312 0.486111 0.242188 0.491667 0.240625 0.491667 0.228125 0.513889 0.228125 0.516667 0.226562 0.519444 0.226562 0.527778 0.225 0.530556 0.225 0.538889 0.223438 0.541667 0.223438 0.569444 0.225 0.572222 0.225 0.588889 0.226562 0.591667 0.226562 0.6 0.228125 0.602778 0.228125 0.611111 0.229687 0.613889 0.229687 0.619444 0.23125 0.622222 0.23125 0.627778 0.232812 0.630556 0.232812 0.633333 0.234375 0.636111 0.234375 0.658333 0.232812 0.661111 0.232812 0.663889 0.23125 0.666667 0.23125 0.669444 0.228125 0.675 0.226562 0.675 0.221875 0.683333 0.220313 0.683333 0.2125 0.697222 0.210938 0.697222 0.210938 0.7 0.207813 0.705556 0.20625 0.705556 0.196875 0.722222 0.195312 0.722222 0.1875 0.736111 0.185937 0.736111 0.1625 0.777778 0.160938 0.777778 0.157813 0.783333 0.157813 0.786111 0.151562 0.797222 0.151562 0.8 0.148438 0.805556 0.148438 0.808333 0.146875 0.811111 0.146875 0.813889 0.145313 0.816667 0.145313 0.819444 0.14375 0.822222 0.14375 0.825 0.142188 0.827778 0.142188 0.830556 0.139062 0.836111 0.139062 0.841667 0.1375 0.844444 0.1375 0.847222 0.135937 0.85 0.135937 0.852778 0.132812 0.858333 0.128125 0.858333 0.128125 1 0.410937 1 0.410937 0.994444 0.4125 0.991667 0.4125 0.966667 0.410937 0.963889 0.410937 0.958333 0.409375 0.955556 0.409375 0.95 0.407813 0.947222 0.407813 0.944444 0.40625 0.941667 0.40625 0.936111 0.404687 0.933333 0.404687 0.930556 0.403125 0.927778 0.403125 0.925 0.401563 0.922222 0.401563 0.916667 0.4 0.913889 0.4 0.902778 0.398438 0.9 0.398438 0.891667 0.396875 0.888889 0.396875 0.877778 0.395312 0.875 0.395312 0.869444 0.39375 0.866667 0.39375 0.861111 0.392188 0.858333 0.392188 0.85 0.390625 0.847222 0.390625 0.836111 0.389062 0.833333 0.389062 0.827778 0.3875 0.825 0.3875 0.822222 0.385938 0.819444 0.385938 0.813889 0.384375 0.811111 0.384375 0.805556 0.382812 0.802778 0.382812 0.794444 0.38125 0.791667 0.38125 0.786111 0.379687 0.783333 0.379687 0.772222 0.378125 0.769444 0.378125 0.763889 0.376563 0.761111 0.376563 0.755556 0.375 0.752778 0.375 0.75 0.373437 0.747222 0.373437 0.744444 0.371875 0.741667 0.371875 0.738889 0.370313 0.736111 0.370313 0.733333 0.36875 0.730556 0.36875 0.727778 0.367188 0.725 0.367188 0.722222 0.365625 0.719444 0.365625 0.716667 0.357812 0.702778 0.354688 0.702778 0.351562 0.697222 0.35 0.697222 0.348437 0.694444 0.346875 0.694444 0.345313 0.691667 0.34375 0.691667 0.342187 0.688889 0.340625 0.688889 0.335938 0.680556 0.335938 0.677778 0.334375 0.675 0.334375 0.65 0.335938 0.647222 0.335938 0.633333 0.3375 0.630556 0.3375 0.597222 0.335938 0.594444 0.335938 0.586111 0.334375 0.583333 0.334375 0.577778 0.332812 0.575 0.332812 0.569444 0.33125 0.566667 0.33125 0.561111 0.329688 0.558333 0.329688 0.544444 0.328125 0.541667 0.328125 0.533333 0.326562 0.530556 0.326562 0.519444 0.325 0.516667 0.325 0.508333 0.323438 0.505556 0.323438 0.502778 0.314063 0.486111 0.3125 0.486111 0.309375 0.480556 0.309375 0.472222 0.912997
39 0.939062 0.727778 0.939062 0.738889 0.934375 0.747222 0.928125 0.747222 0.928125 0.847222 0.976562 0.847222 0.976562 0.788889 0.971875 0.788889 0.970312 0.786111 0.970312 0.780556 0.96875 0.777778 0.96875 0.769444 0.967188 0.766667 0.967188 0.761111 0.965625 0.758333 0.965625 0.755556 0.95625 0.738889 0.95625 0.727778 0.342273
