0 0.235938 0.416667 0.235938 0.425 0.232812 0.430556 0.23125 0.430556 0.229687 0.433333 0.228125 0.433333 0.225 0.438889 0.223438 0.438889 0.215625 0.452778 0.215625 0.455556 0.214062 0.458333 0.214062 0.461111 0.2125 0.463889 0.2125 0.469444 0.210938 0.472222 0.210938 0.475 0.209375 0.477778 0.209375 0.486111 0.207813 0.488889 0.207813 0.5 0.209375 0.502778 0.209375 0.544444 0.210938 0.547222 0.210938 0.555556 0.2125 0.558333 0.2125 0.561111 0.214062 0.563889 0.214062 0.566667 0.215625 0.569444 0.215625 0.572222 0.217187 0.575 0.217187 0.577778 0.21875 0.580556 0.21875 0.586111 0.220313 0.588889 0.220313 0.602778 0.21875 0.605556 0.21875 0.608333 0.196875 0.647222 0.195312 0.647222 0.190625 0.655556 0.189063 0.655556 0.16875 0.691667 0.167187 0.691667 0.160938 0.702778 0.160938 0.705556 0.151562 0.722222 0.151562 0.725 0.148438 0.730556 0.148438 0.733333 0.145313 0.738889 0.145313 0.741667 0.142188 0.747222 0.142188 0.75 0.140625 0.752778 0.140625 0.755556 0.1375 0.761111 0.1375 0.763889 0.135937 0.766667 0.135937 0.769444 0.134375 0.772222 0.134375 0.775 0.132812 0.777778 0.132812 0.780556 0.13125 0.783333 0.13125 0.788889 0.129688 0.791667 0.129688 0.794444 0.128125 0.797222 0.128125 0.808333 0.126563 0.811111 0.126563 0.827778 0.125 0.830556 0.125 0.841667 0.123438 0.844444 0.123438 0.852778 0.120312 0.858333 0.115625 0.858333 0.115625 1 0.389062 1 0.389062 0.991667 0.390625 0.988889 0.390625 0.983333 0.395312 0.975 0.396875 0.975 0.396875 0.972222 0.398438 0.969444 0.398438 0.963889 0.4 0.961111 0.4 0.958333 0.398438 0.955556 0.398438 0.947222 0.396875 0.944444 0.396875 0.941667 0.395312 0.938889 0.395312 0.925 0.396875 0.922222 0.396875 0.919444 0.398438 0.916667 0.398438 0.913889 0.403125 0.905556 0.404687 0.905556 0.409375 0.897222 0.410937 0.897222 0.4125 0.894444 0.4125 0.891667 0.415625 0.886111 0.415625 0.883333 0.417188 0.880556 0.417188 0.863889 0.41875 0.861111 0.41875 0.813889 0.417188 0.811111 0.417188 0.802778 0.415625 0.8 0.415625 0.797222 0.414062 0.794444 0.414062 0.791667 0.4125 0.788889 0.4125 0.786111 0.410937 0.783333 0.410937 0.780556 0.409375 0.777778 0.409375 0.775 0.407813 0.772222 0.407813 0.769444 0.40625 0.766667 0.40625 0.763889 0.403125 0.758333 0.403125 0.755556 0.401563 0.752778 0.401563 0.75 0.398438 0.744444 0.398438 0.738889 0.396875 0.736111 0.396875 0.733333 0.395312 0.730556 0.395312 0.725 0.39375 0.722222 0.39375 0.719444 0.392188 0.716667 0.392188 0.713889 0.390625 0.711111 0.390625 0.708333 0.389062 0.705556 0.389062 0.702778 0.38125 0.688889 0.38125 0.686111 0.378125 0.680556 0.378125 0.675 0.376563 0.672222 0.376563 0.669444 0.373437 0.663889 0.373437 0.661111 0.370313 0.655556 0.370313 0.652778 0.364062 0.641667 0.3625 0.641667 0.359375 0.636111 0.357812 0.636111 0.353125 0.627778 0.351562 0.627778 0.35 0.625 0.348437 0.625 0.346875 0.622222 0.34375 0.622222 0.342187 0.619444 0.340625 0.619444 0.339063 0.616667 0.332812 0.616667 0.33125 0.613889 0.320312 0.613889 0.31875 0.611111 0.315625 0.611111 0.3125 0.605556 0.3125 0.602778 0.310937 0.6 0.310937 0.519444 0.309375 0.516667 0.309375 0.494444 0.307813 0.491667 0.307813 0.483333 0.30625 0.480556 0.30625 0.475 0.304688 0.472222 0.304688 0.466667 0.303125 0.463889 0.303125 0.461111 0.301562 0.458333 0.301562 0.455556 0.3 0.452778 0.3 0.45 0.289062 0.430556 0.2875 0.430556 0.284375 0.425 0.284375 0.416667 0.929781
39 0.917188 0.661111 0.917188 0.672222 0.915625 0.675 0.909375 0.675 0.909375 0.769444 0.915625 0.769444 0.917188 0.772222 0.917188 0.780556 0.951563 0.780556 0.951563 0.686111 0.945312 0.686111 0.94375 0.683333 0.94375 0.680556 0.939062 0.672222 0.939062 0.661111 0.473109
0 0.235938 0.416667 0.235938 0.425 0.232812 0.430556 0.23125 0.430556 0.229687 0.433333 0.228125 0.433333 0.225 0.438889 0.223438 0.438889 0.215625 0.452778 0.215625 0.455556 0.214062 0.458333 0.214062 0.461111 0.2125 0.463889 0.2125 0.469444 0.210938 0.472222 0.210938 0.475 0.209375 0.477778 0.209375 0.486111 0.207813 0.488889 0.207813 0.5 0.209375 0.502778 0.209375 0.544444 0.210938 0.547222 0.210938 0.555556 0.2125 0.558333 0.2125 0.561111 0.214062 0.563889 0.214062 0.566667 0.215625 0.569444 0.215625 0.572222 0.217187 0.575 0.217187 0.577778 0.21875 0.580556 0.21875 0.586111 0.220313 0.588889 0.220313 0.602778 0.21875 0.605556 0.21875 0.608333 0.196875 0.647222 0.195312 0.647222 0.190625 0.655556 0.189063 0.655556 0.16875 0.691667 0.167187 0.691667 0.160938 0.702778 0.160938 0.705556 0.151562 0.722222 0.151562 0.725 0.148438 0.730556 0.148438 0.733333 0.145313 0.738889 0.145313 0.741667 0.142188 0.747222 0.142188 0.75 0.140625 0.752778 0.140625 0.755556 0.1375 0.761111 0.1375 0.763889 0.135937 0.766667 0.135937 0.769444 0.134375 0.772222 0.134375 0.775 0.132812 0.777778 0.132812 0.780556 0.13125 0.783333 0.13125 0.788889 0.129688 0.791667 0.129688 0.794444 0.128125 0.797222 0.128125 0.808333 0.126563 0.811111 0.126563 0.827778 0.125 0.830556 0.125 0.841667 0.123438 0.844444 0.123438 0.852778 0.120312 0.858333 0.115625 0.858333 0.115625 1 0.389062 1 0.389062 0.991667 0.390625 0.988889 0.390625 0.983333 0.395312 0.975 0.396875 0.975 0.396875 0.972222 0.398438 0.969444 0.398438 0.963889 0.4 0.961111 0.4 0.958333 0.398438 0.955556 0.398438 0.947222 0.396875 0.944444 0.396875 0.941667 0.395312 0.938889 0.395312 0.925 0.396875 0.922222 0.396875 0.919444 0.398438 0.916667 0.398438 0.913889 0.403125 0.905556 0.404687 0.905556 0.409375 0.897222 0.410937 0.897222 0.4125 0.894444 0.4125 0.891667 0.415625 0.886111 0.415625 0.883333 0.417188 0.880556 0.417188 0.863889 0.41875 0.861111 0.41875 0.813889 0.417188 0.811111 0.417188 0.802778 0.415625 0.8 0.415625 0.797222 0.414062 0.794444 0.414062 0.791667 0.4125 0.788889 0.4125 0.786111 0.410937 0.783333 0.410937 0.780556 0.409375 0.777778 0.409375 0.775 0.407813 0.772222 0.407813 0.769444 0.40625 0.766667 0.40625 0.763889 0.403125 0.758333 0.403125 0.755556 0.401563 0.752778 0.401563 0.75 0.398438 0.744444 0.398438 0.738889 0.396875 0.736111 0.396875 0.733333 0.395312 0.730556 0.395312 0.725 0.39375 0.722222 0.39375 0.719444 0.392188 0.716667 0.392188 0.713889 0.390625 0.711111 0.390625 0.708333 0.389062 0.705556 0.389062 0.702778 0.38125 0.688889 0.38125 0.686111 0.378125 0.680556 0.378125 0.675 0.376563 0.672222 0.376563 0.669444 0.373437 0.663889 0.373437 0.661111 0.370313 0.655556 0.370313 0.652778 0.364062 0.641667 0.3625 0.641667 0.359375 0.636111 0.357812 0.636111 0.353125 0.627778 0.351562 0.627778 0.35 0.625 0.348437 0.625 0.346875 0.622222 0.34375 0.622222 0.342187 0.619444 0.340625 0.619444 0.339063 0.616667 0.332812 0.616667 0.33125 0.613889 0.320312 0.613889 0.31875 0.611111 0.315625 0.611111 0.3125 0.605556 0.3125 0.602778 0.310937 0.6 0.310937 0.519444 0.309375 0.516667 0.309375 0.494444 0.307813 0.491667 0.307813 0.483333 0.30625 0.480556 0.30625 0.475 0.304688 0.472222 0.304688 0.466667 0.303125 0.463889 0.303125 0.461111 0.301562 0.458333 0.301562 0.455556 0.3 0.452778 0.3 0.45 0.289062 0.430556 0.2875 0.430556 0.284375 0.425 0.284375 0.416667 0.929781
39 0.917188 0.661111 0.917188 0.672222 0.915625 0.675 0.909375 0.675 0.909375 0.769444 0.915625 0.769444 0.917188 0.772222 0.917188 0.780556 0.951563 0.780556 0.951563 0.686111 0.945312 0.686111 0.94375 0.683333 0.94375 0.680556 0.939062 0.672222 0.939062 0.661111 0.473109
0 0.235938 0.416667 0.235938 0.425 0.232812 0.430556 0.23125 0.430556 0.229687 0.433333 0.228125 0.433333 0.225 0.438889 0.223438 0.438889 0.215625 0.452778 0.215625 0.455556 0.214062 0.458333 0.214062 0.461111 0.2125 0.463889 0.2125 0.469444 0.210938 0.472222 0.210938 0.475 0.209375 0.477778 0.209375 0.486111 0.207813 0.488889 0.207813 0.5 0.209375 0.502778 0.209375 0.544444 0.210938 0.547222 0.210938 0.555556 0.2125 0.558333 0.2125 0.561111 0.214062 0.563889 0.214062 0.566667 0.215625 0.569444 0.215625 0.572222 0.217187 0.575 0.217187 0.577778 0.21875 0.580556 0.21875 0.586111 0.220313 0.588889 0.220313 0.602778 0.21875 0.605556 0.21875 0.608333 0.196875 0.647222 0.195312 0.647222 0.190625 0.655556 0.189063 0.655556 0.16875 0.691667 0.167187 0.691667 0.160938 0.702778 0.160938 0.705556 0.151562 0.722222 0.151562 0.725 0.148438 0.730556 0.148438 0.733333 0.145313 0.738889 0.145313 0.741667 0.142188 0.747222 0.142188 0.75 0.140625 0.752778 0.140625 0.755556 0.1375 0.761111 0.1375 0.763889 0.135937 0.766667 0.135937 0.769444 0.134375 0.772222 0.134375 0.775 0.132812 0.777778 0.132812 0.780556 0.13125 0.783333 0.13125 0.788889 0.129688 0.791667 0.129688 0.794444 0.128125 0.797222 0.128125 0.808333 0.126563 0.811111 0.126563 0.827778 0.125 0.830556 0.125 0.841667 0.123438 0.844444 0.123438 0.852778 0.120312 0.858333 0.115625 0.858333 0.115625 1 0.389062 1 0.389062 0.991667 0.390625 0.988889 0.390625 0.983333 0.395312 0.975 0.396875 0.975 0.396875 0.972222 0.398438 0.969444 0.398438 0.963889 0.4 0.961111 0.4 0.958333 0.398438 0.955556 0.398438 0.947222 0.396875 0.944444 0.396875 0.941667 0.395312 0.938889 0.395312 0.925 0.396875 0.922222 0.396875 0.919444 0.398438 0.916667 0.398438 0.913889 0.403125 0.905556 0.404687 0.905556 0.409375 0.897222 0.410937 0.897222 0.4125 0.894444 0.4125 0.891667 0.415625 0.886111 0.415625 0.883333 0.417188 0.880556 0.417188 0.863889 0.41875 0.861111 0.41875 0.813889 0.417188 0.811111 0.417188 0.802778 0.415625 0.8 0.415625 0.797222 0.414062 0.794444 0.414062 0.791667 0.4125 0.788889 0.4125 0.786111 0.410937 0.783333 0.410937 0.780556 0.409375 0.777778 0.409375 0.775 0.407813 0.772222 0.407813 0.769444 0.40625 0.766667 0.40625 0.763889 0.403125 0.758333 0.403125 0.755556 0.401563 0.752778 0.401563 0.75 0.398438 0.744444 0.398438 0.738889 0.396875 0.736111 0.396875 0.733333 0.395312 0.730556 0.395312 0.725 0.39375 0.722222 0.39375 0.719444 0.392188 0.716667 0.392188 0.713889 0.390625 0.711111 0.390625 0.708333 0.389062 0.705556 0.389062 0.702778 0.38125 0.688889 0.38125 0.686111 0.378125 0.680556 0.378125 0.675 0.376563 0.672222 0.376563 0.669444 0.373437 0.663889 0.373437 0.661111 0.370313 0.655556 0.370313 0.652778 0.364062 0.641667 0.3625 0.641667 0.359375 0.636111 0.357812 0.636111 0.353125 0.627778 0.351562 0.627778 0.35 0.625 0.348437 0.625 0.346875 0.622222 0.34375 0.622222 0.342187 0.619444 0.340625 0.619444 0.339063 0.616667 0.332812 0.616667 0.33125 0.613889 0.320312 0.613889 0.31875 0.611111 0.315625 0.611111 0.3125 0.605556 0.3125 0.602778 0.310937 0.6 0.310937 0.519444 0.309375 0.516667 0.309375 0.494444 0.307813 0.491667 0.307813 0.483333 0.30625 0.480556 0.30625 0.475 0.304688 0.472222 0.304688 0.466667 0.303125 0.463889 0.303125 0.461111 0.301562 0.458333 0.301562 0.455556 0.3 0.452778 0.3 0.45 0.289062 0.430556 0.2875 0.430556 0.284375 0.425 0.284375 0.416667 0.929781
39 0.917188 0.661111 0.917188 0.672222 0.915625 0.675 0.909375 0.675 0.909375 0.769444 0.915625 0.769444 0.917188 0.772222 0.917188 0.780556 0.951563 0.780556 0.951563 0.686111 0.945312 0.686111 0.94375 0.683333 0.94375 0.680556 0.939062 0.672222 0.939062 0.661111 0.473109
0 0.235938 0.416667 0.235938 0.425 0.232812 0.430556 0.23125 0.430556 0.229687 0.433333 0.228125 0.433333 0.225 0.438889 0.223438 0.438889 0.215625 0.452778 0.215625 0.455556 0.214062 0.458333 0.214062 0.461111 0.2125 0.463889 0.2125 0.469444 0.210938 0.472222 0.210938 0.475 0.209375 0.477778 0.209375 0.486111 0.207813 0.488889 0.207813 0.5 0.209375 0.502778 0.209375 0.544444 0.210938 0.547222 0.210938 0.555556 0.2125 0.558333 0.2125 0.561111 0.214062 0.563889 0.214062 0.566667 0.215625 0.569444 0.215625 0.572222 0.217187 0.575 0.217187 0.577778 0.21875 0.580556 0.21875 0.586111 0.220313 0.588889 0.220313 0.602778 0.21875 0.605556 0.21875 0.608333 0.196875 0.647222 0.195312 0.647222 0.190625 0.655556 0.189063 0.655556 0.16875 0.691667 0.167187 0.691667 0.160938 0.702778 0.160938 0.705556 0.151562 0.722222 0.151562 0.725 0.148438 0.730556 0.148438 0.733333 0.145313 0.738889 0.145313 0.741667 0.142188 0.747222 0.142188 0.75 0.140625 0.752778 0.140625 0.755556 0.1375 0.761111 0.1375 0.763889 0.135937 0.766667 0.135937 0.769444 0.134375 0.772222 0.134375 0.775 0.132812 0.777778 0.132812 0.780556 0.13125 0.783333 0.13125 0.788889 0.129688 0.791667 0.129688 0.794444 0.128125 0.797222 0.128125 0.808333 0.126563 0.811111 0.126563 0.827778 0.125 0.830556 0.125 0.841667 0.123438 0.844444 0.123438 0.852778 0.120312 0.858333 0.115625 0.858333 0.115625 1 0.389062 1 0.389062 0.991667 0.390625 0.988889 0.390625 0.983333 0.395312 0.975 0.396875 0.975 0.396875 0.972222 0.398438 0.969444 0.398438 0.963889 0.4 0.961111 0.4 0.958333 0.398438 0.955556 0.398438 0.947222 0.396875 0.944444 0.396875 0.941667 0.395312 0.938889 0.395312 0.925 0.396875 0.922222 0.396875 0.919444 0.398438 0.916667 0.398438 0.913889 0.403125 0.905556 0.404687 0.905556 0.409375 0.897222 0.410937 0.897222 0.4125 0.894444 0.4125 0.891667 0.415625 0.886111 0.415625 0.883333 0.417188 0.880556 0.417188 0.863889 0.41875 0.861111 0.41875 0.813889 0.417188 0.811111 0.417188 0.802778 0.415625 0.8 0.415625 0.797222 0.414062 0.794444 0.414062 0.791667 0.4125 0.788889 0.4125 0.786111 0.410937 0.783333 0.410937 0.780556 0.409375 0.777778 0.409375 0.775 0.407813 0.772222 0.407813 0.769444 0.40625 0.766667 0.40625 0.763889 0.403125 0.758333 0.403125 0.755556 0.401563 0.752778 0.401563 0.75 0.398438 0.744444 0.398438 0.738889 0.396875 0.736111 0.396875 0.733333 0.395312 0.730556 0.395312 0.725 0.39375 0.722222 0.39375 0.719444 0.392188 0.716667 0.392188 0.713889 0.390625 0.711111 0.390625 0.708333 0.389062 0.705556 0.389062 0.702778 0.38125 0.688889 0.38125 0.686111 0.378125 0.680556 0.378125 0.675 0.376563 0.672222 0.376563 0.669444 0.373437 0.663889 0.373437 0.661111 0.370313 0.655556 0.370313 0.652778 0.364062 0.641667 0.3625 0.641667 0.359375 0.636111 0.357812 0.636111 0.353125 0.627778 0.351562 0.627778 0.35 0.625 0.348437 0.625 0.346875 0.622222 0.34375 0.622222 0.342187 0.619444 0.340625 0.619444 0.339063 0.616667 0.332812 0.616667 0.33125 0.613889 0.320312 0.613889 0.31875 0.611111 0.315625 0.611111 0.3125 0.605556 0.3125 0.602778 0.310937 0.6 0.310937 0.519444 0.309375 0.516667 0.309375 0.494444 0.307813 0.491667 0.307813 0.483333 0.30625 0.480556 0.30625 0.475 0.304688 0.472222 0.304688 0.466667 0.303125 0.463889 0.303125 0.461111 0.301562 0.458333 0.301562 0.455556 0.3 0.452778 0.3 0.45 0.289062 0.430556 0.2875 0.430556 0.284375 0.425 0.284375 0.416667 0.929781
39 0.917188 0.661111 0.917188 0.672222 0.915625 0.675 0.909375 0.675 0.909375 0.769444 0.915625 0.769444 0.917188 0.772222 0.917188 0.780556 0.951563 0.780556 0.951563 0.686111 0.945312 0.686111 0.94375 0.683333 0.94375 0.680556 0.939062 0.672222 0.939062 0.661111 0.473109
0 0.235938 0.416667 0.235938 0.425 0.232812 0.430556 0.23125 0.430556 0.229687 0.433333 0.228125 0.433333 0.225 0.438889 0.223438 0.438889 0.215625 0.452778 0.215625 0.455556 0.214062 0.458333 0.214062 0.461111 0.2125 0.463889 0.2125 0.469444 0.210938 0.472222 0.210938 0.475 0.209375 0.477778 0.209375 0.486111 0.207813 0.488889 0.207813 0.5 0.209375 0.502778 0.209375 0.544444 0.210938 0.547222 0.210938 0.555556 0.2125 0.558333 0.2125 0.561111 0.214062 0.563889 0.214062 0.566667 0.215625 0.569444 0.215625 0.572222 0.217187 0.575 0.217187 0.577778 0.21875 0.580556 0.21875 0.586111 0.220313 0.588889 0.220313 0.602778 0.21875 0.605556 0.21875 0.608333 0.196875 0.647222 0.195312 0.647222 0.190625 0.655556 0.189063 0.655556 0.16875 0.691667 0.167187 0.691667 0.160938 0.702778 0.160938 0.705556 0.151562 0.722222 0.151562 0.725 0.148438 0.730556 0.148438 0.733333 0.145313 0.738889 0.145313 0.741667 0.142188 0.747222 0.142188 0.75 0.140625 0.752778 0.140625 0.755556 0.1375 0.761111 0.1375 0.763889 0.135937 0.766667 0.135937 0.769444 0.134375 0.772222 0.134375 0.775 0.132812 0.777778 0.132812 0.780556 0.13125 0.783333 0.13125 0.788889 0.129688 0.791667 0.129688 0.794444 0.128125 0.797222 0.128125 0.808333 0.126563 0.811111 0.126563 0.827778 0.125 0.830556 0.125 0.841667 0.123438 0.844444 0.123438 0.852778 0.120312 0.858333 0.115625 0.858333 0.115625 1 0.389062 1 0.389062 0.991667 0.390625 0.988889 0.390625 0.983333 0.395312 0.975 0.396875 0.975 0.396875 0.972222 0.398438 0.969444 0.398438 0.963889 0.4 0.961111 0.4 0.958333 0.398438 0.955556 0.398438 0.947222 0.396875 0.944444 0.396875 0.941667 0.395312 0.938889 0.395312 0.925 0.396875 0.922222 0.396875 0.919444 0.398438 0.916667 0.398438 0.913889 0.403125 0.905556 0.404687 0.905556 0.409375 0.897222 0.410937 0.897222 0.4125 0.894444 0.4125 0.891667 0.415625 0.886111 0.415625 0.883333 0.417188 0.880556 0.417188 0.863889 0.41875 0.861111 0.41875 0.813889 0.417188 0.811111 0.417188 0.802778 0.415625 0.8 0.415625 0.797222 0.414062 0.794444 0.414062 0.791667 0.4125 0.788889 0.4125 0.786111 0.410937 0.783333 0.410937 0.780556 0.409375 0.777778 0.409375 0.775 0.407813 0.772222 0.407813 0.769444 0.40625 0.766667 0.40625 0.763889 0.403125 0.758333 0.403125 0.755556 0.401563 0.752778 0.401563 0.75 0.398438 0.744444 0.398438 0.738889 0.396875 0.736111 0.396875 0.733333 0.395312 0.730556 0.395312 0.725 0.39375 0.722222 0.39375 0.719444 0.392188 0.716667 0.392188 0.713889 0.390625 0.711111 0.390625 0.708333 0.389062 0.705556 0.389062 0.702778 0.38125 0.688889 0.38125 0.686111 0.378125 0.680556 0.378125 0.675 0.376563 0.672222 0.376563 0.669444 0.373437 0.663889 0.373437 0.661111 0.370313 0.655556 0.370313 0.652778 0.364062 0.641667 0.3625 0.641667 0.359375 0.636111 0.357812 0.636111 0.353125 0.627778 0.351562 0.627778 0.35 0.625 0.348437 0.625 0.346875 0.622222 0.34375 0.622222 0.342187 0.619444 0.340625 0.619444 0.339063 0.616667 0.332812 0.616667 0.33125 0.613889 0.320312 0.613889 0.31875 0.611111 0.315625 0.611111 0.3125 0.605556 0.3125 0.602778 0.310937 0.6 0.310937 0.519444 0.309375 0.516667 0.309375 0.494444 0.307813 0.491667 0.307813 0.483333 0.30625 0.480556 0.30625 0.475 0.304688 0.472222 0.304688 0.466667 0.303125 0.463889 0.303125 0.461111 0.301562 0.458333 0.301562 0.455556 0.3 0.452778 0.3 0.45 0.289062 0.430556 0.2875 0.430556 0.284375 0.425 0.284375 0.416667 0.929781
39 0.917188 0.661111 0.917188 0.672222 0.915625 0.675 0.909375 0.675 0.909375 0.769444 0.915625 0.769444 0.917188 0.772222 0.917188 0.780556 0.951563 0.780556 0.951563 0.686111 0.945312 0.686111 0.94375 0.683333 0.94375 0.680556 0.939062 0.672222 0.939062 0.661111 0.473109
0 0.235938 0.416667 0.235938 0.425 0.232812 0.430556 0.23125 0.430556 0.229687 0.433333 0.228125 0.433333 0.225 0.438889 0.223438 0.438889 0.215625 0.452778 0.215625 0.455556 0.214062 0.458333 0.214062 0.461111 0.2125 0.463889 0.2125 0.469444 0.210938 0.472222 0.210938 0.475 0.209375 0.477778 0.209375 0.486111 0.207813 0.488889 0.207813 0.5 0.209375 0.502778 0.209375 0.544444 0.210938 0.547222 0.210938 0.555556 0.2125 0.558333 0.2125 0.561111 0.214062 0.563889 0.214062 0.566667 0.215625 0.569444 0.215625 0.572222 0.217187 0.575 0.217187 0.577778 0.21875 0.580556 0.21875 0.586111 0.220313 0.588889 0.220313 0.602778 0.21875 0.605556 0.21875 0.608333 0.196875 0.647222 0.195312 0.647222 0.190625 0.655556 0.189063 0.655556 0.16875 0.691667 0.167187 0.691667 0.160938 0.702778 0.160938 0.705556 0.151562 0.722222 0.151562 0.725 0.148438 0.730556 0.148438 0.733333 0.145313 0.738889 0.145313 0.741667 0.142188 0.747222 0.142188 0.75 0.140625 0.752778 0.140625 0.755556 0.1375 0.761111 0.1375 0.763889 0.135937 0.766667 0.135937 0.769444 0.134375 0.772222 0.134375 0.775 0.132812 0.777778 0.132812 0.780556 0.13125 0.783333 0.13125 0.788889 0.129688 0.791667 0.129688 0.794444 0.128125 0.797222 0.128125 0.808333 0.126563 0.811111 0.126563 0.827778 0.125 0.830556 0.125 0.841667 0.123438 0.844444 0.123438 0.852778 0.120312 0.858333 0.115625 0.858333 0.115625 1 0.389062 1 0.389062 0.991667 0.390625 0.988889 0.390625 0.983333 0.395312 0.975 0.396875 0.975 0.396875 0.972222 0.398438 0.969444 0.398438 0.963889 0.4 0.961111 0.4 0.958333 0.398438 0.955556 0.398438 0.947222 0.396875 0.944444 0.396875 0.941667 0.395312 0.938889 0.395312 0.925 0.396875 0.922222 0.396875 0.919444 0.398438 0.916667 0.398438 0.913889 0.403125 0.905556 0.404687 0.905556 0.409375 0.897222 0.410937 0.897222 0.4125 0.894444 0.4125 0.891667 0.415625 0.886111 0.415625 0.883333 0.417188 0.880556 0.417188 0.863889 0.41875 0.861111 0.41875 0.813889 0.417188 0.811111 0.417188 0.802778 0.415625 0.8 0.415625 0.797222 0.414062 0.794444 0.414062 0.791667 0.4125 0.788889 0.4125 0.786111 0.410937 0.783333 0.410937 0.780556 0.409375 0.777778 0.409375 0.775 0.407813 0.772222 0.407813 0.769444 0.40625 0.766667 0.40625 0.763889 0.403125 0.758333 0.403125 0.755556 0.401563 0.752778 0.401563 0.75 0.398438 0.744444 0.398438 0.738889 0.396875 0.736111 0.396875 0.733333 0.395312 0.730556 0.395312 0.725 0.39375 0.722222 0.39375 0.719444 0.392188 0.716667 0.392188 0.713889 0.390625 0.711111 0.390625 0.708333 0.389062 0.705556 0.389062 0.702778 0.38125 0.688889 0.38125 0.686111 0.378125 0.680556 0.378125 0.675 0.376563 0.672222 0.376563 0.669444 0.373437 0.663889 0.373437 0.661111 0.370313 0.655556 0.370313 0.652778 0.364062 0.641667 0.3625 0.641667 0.359375 0.636111 0.357812 0.636111 0.353125 0.627778 0.351562 0.627778 0.35 0.625 0.348437 0.625 0.346875 0.622222 0.34375 0.622222 0.342187 0.619444 0.340625 0.619444 0.339063 0.616667 0.332812 0.616667 0.33125 0.613889 0.320312 0.613889 0.31875 0.611111 0.315625 0.611111 0.3125 0.605556 0.3125 0.602778 0.310937 0.6 0.310937 0.519444 0.309375 0.516667 0.309375 0.494444 0.307813 0.491667 0.307813 0.483333 0.30625 0.480556 0.30625 0.475 0.304688 0.472222 0.304688 0.466667 0.303125 0.463889 0.303125 0.461111 0.301562 0.458333 0.301562 0.455556 0.3 0.452778 0.3 0.45 0.289062 0.430556 0.2875 0.430556 0.284375 0.425 0.284375 0.416667 0.929781
39 0.917188 0.661111 0.917188 0.672222 0.915625 0.675 0.909375 0.675 0.909375 0.769444 0.915625 0.769444 0.917188 0.772222 0.917188 0.780556 0.951563 0.780556 0.951563 0.686111 0.945312 0.686111 0.94375 0.683333 0.94375 0.680556 0.939062 0.672222 0.939062 0.661111 0.473109
0 0.235938 0.416667 0.235938 0.425 0.232812 0.430556 0.23125 0.430556 0.229687 0.433333 0.228125 0.433333 0.225 0.438889 0.223438 0.438889 0.215625 0.452778 0.215625 0.455556 0.214062 0.458333 0.214062 0.461111 0.2125 0.463889 0.2125 0.469444 0.210938 0.472222 0.210938 0.475 0.209375 0.477778 0.209375 0.486111 0.207813 0.488889 0.207813 0.5 0.209375 0.502778 0.209375 0.544444 0.210938 0.547222 0.210938 0.555556 0.2125 0.558333 0.2125 0.561111 0.214062 0.563889 0.214062 0.566667 0.215625 0.569444 0.215625 0.572222 0.217187 0.575 0.217187 0.577778 0.21875 0.580556 0.21875 0.586111 0.220313 0.588889 0.220313 0.602778 0.21875 0.605556 0.21875 0.608333 0.196875 0.647222 0.195312 0.647222 0.190625 0.655556 0.189063 0.655556 0.16875 0.691667 0.167187 0.691667 0.160938 0.702778 0.160938 0.705556 0.151562 0.722222 0.151562 0.725 0.148438 0.730556 0.148438 0.733333 0.145313 0.738889 0.145313 0.741667 0.142188 0.747222 0.142188 0.75 0.140625 0.752778 0.140625 0.755556 0.1375 0.761111 0.1375 0.763889 0.135937 0.766667 0.135937 0.769444 0.134375 0.772222 0.134375 0.775 0.132812 0.777778 0.132812 0.780556 0.13125 0.783333 0.13125 0.788889 0.129688 0.791667 0.129688 0.794444 0.128125 0.797222 0.128125 0.808333 0.126563 0.811111 0.126563 0.827778 0.125 0.830556 0.125 0.841667 0.123438 0.844444 0.123438 0.852778 0.120312 0.858333 0.115625 0.858333 0.115625 1 0.389062 1 0.389062 0.991667 0.390625 0.988889 0.390625 0.983333 0.395312 0.975 0.396875 0.975 0.396875 0.972222 0.398438 0.969444 0.398438 0.963889 0.4 0.961111 0.4 0.958333 0.398438 0.955556 0.398438 0.947222 0.396875 0.944444 0.396875 0.941667 0.395312 0.938889 0.395312 0.925 0.396875 0.922222 0.396875 0.919444 0.398438 0.916667 0.398438 0.913889 0.403125 0.905556 0.404687 0.905556 0.409375 0.897222 0.410937 0.897222 0.4125 0.894444 0.4125 0.891667 0.415625 0.886111 0.415625 0.883333 0.417188 0.880556 0.417188 0.863889 0.41875 0.861111 0.41875 0.813889 0.417188 0.811111 0.417188 0.802778 0.415625 0.8 0.415625 0.797222 0.414062 0.794444 0.414062 0.791667 0.4125 0.788889 0.4125 0.786111 0.410937 0.783333 0.410937 0.780556 0.409375 0.777778 0.409375 0.775 0.407813 0.772222 0.407813 0.769444 0.40625 0.766667 0.40625 0.763889 0.403125 0.758333 0.403125 0.755556 0.401563 0.752778 0.401563 0.75 0.398438 0.744444 0.398438 0.738889 0.396875 0.736111 0.396875 0.733333 0.395312 0.730556 0.395312 0.725 0.39375 0.722222 0.39375 0.719444 0.392188 0.716667 0.392188 0.713889 0.390625 0.711111 0.390625 0.708333 0.389062 0.705556 0.389062 0.702778 0.38125 0.688889 0.38125 0.686111 0.378125 0.680556 0.378125 0.675 0.376563 0.672222 0.376563 0.669444 0.373437 0.663889 0.373437 0.661111 0.370313 0.655556 0.370313 0.652778 0.364062 0.641667 0.3625 0.641667 0.359375 0.636111 0.357812 0.636111 0.353125 0.627778 0.351562 0.627778 0.35 0.625 0.348437 0.625 0.346875 0.622222 0.34375 0.622222 0.342187 0.619444 0.340625 0.619444 0.339063 0.616667 0.332812 0.616667 0.33125 0.613889 0.320312 0.613889 0.31875 0.611111 0.315625 0.611111 0.3125 0.605556 0.3125 0.602778 0.310937 0.6 0.310937 0.519444 0.309375 0.516667 0.309375 0.494444 0.307813 0.491667 0.307813 0.483333 0.30625 0.480556 0.30625 0.475 0.304688 0.472222 0.304688 0.466667 0.303125 0.463889 0.303125 0.461111 0.301562 0.458333 0.301562 0.455556 0.3 0.452778 0.3 0.45 0.289062 0.430556 0.2875 0.430556 0.284375 0.425 0.284375 0.416667 0.929781
39 0.917188 0.661111 0.917188 0.672222 0.915625 0.675 0.909375 0.675 0.909375 0.769444 0.915625 0.769444 0.917188 0.772222 0.917188 0.780556 0.951563 0.780556 0.951563 0.686111 0.945312 0.686111 0.94375 0.683333 0.94375 0.680556 0.939062 0.672222 0.939062 0.661111 0.473109
