0 0.671875 0.372222 0.671875 0.383333 0.66875 0.388889 0.66875 0.391667 0.667188 0.394444 0.667188 0.397222 0.665625 0.4 0.665625 0.402778 0.664062 0.405556 0.664062 0.411111 0.6625 0.413889 0.6625 0.419444 0.660937 0.422222 0.660937 0.427778 0.659375 0.430556 0.659375 0.433333 0.657812 0.436111 0.657812 0.438889 0.65625 0.441667 0.65625 0.444444 0.654688 0.447222 0.654688 0.458333 0.653125 0.461111 0.653125 0.463889 0.651563 0.466667 0.651563 0.472222 0.65 0.475 0.65 0.477778 0.648438 0.480556 0.648438 0.497222 0.646875 0.5 0.646875 0.513889 0.645312 0.516667 0.646875 0.519444 0.646875 0.525 0.645312 0.527778 0.645312 0.55 0.646875 0.552778 0.646875 0.575 0.648438 0.577778 0.648438 0.588889 0.646875 0.591667 0.646875 0.594444 0.642187 0.602778 0.640625 0.602778 0.6375 0.608333 0.635938 0.608333 0.634375 0.611111 0.632812 0.611111 0.63125 0.613889 0.629687 0.613889 0.623438 0.625 0.621875 0.625 0.615625 0.636111 0.614062 0.636111 0.6125 0.638889 0.610937 0.638889 0.603125 0.652778 0.603125 0.655556 0.601562 0.658333 0.601562 0.661111 0.6 0.663889 0.6 0.666667 0.598437 0.669444 0.598437 0.672222 0.596875 0.675 0.596875 0.680556 0.595312 0.683333 0.595312 0.686111 0.59375 0.688889 0.59375 0.691667 0.590625 0.697222 0.590625 0.7 0.584375 0.711111 0.582812 0.711111 0.58125 0.713889 0.58125 0.716667 0.579687 0.719444 0.579687 0.722222 0.578125 0.725 0.578125 0.727778 0.571875 0.738889 0.571875 0.741667 0.570312 0.744444 0.570312 0.747222 0.56875 0.75 0.56875 0.752778 0.567187 0.755556 0.567187 0.761111 0.565625 0.763889 0.565625 0.766667 0.564062 0.769444 0.564062 0.772222 0.5625 0.775 0.5625 0.777778 0.560938 0.780556 0.560938 0.786111 0.559375 0.788889 0.559375 0.794444 0.557813 0.797222 0.557813 0.805556 0.55625 0.808333 0.55625 0.813889 0.554688 0.816667 0.554688 0.825 0.553125 0.827778 0.553125 0.830556 0.551562 0.833333 0.546875 0.833333 0.546875 0.988889 0.551562 0.988889 0.553125 0.991667 0.553125 1 0.901563 1 0.901563 0.916667 0.896875 0.916667 0.895312 0.913889 0.895312 0.911111 0.89375 0.908333 0.89375 0.902778 0.892187 0.9 0.892187 0.894444 0.890625 0.891667 0.890625 0.888889 0.889063 0.886111 0.889063 0.847222 0.890625 0.844444 0.890625 0.805556 0.889063 0.802778 0.889063 0.797222 0.8875 0.794444 0.8875 0.791667 0.878125 0.775 0.878125 0.772222 0.875 0.766667 0.875 0.763889 0.871875 0.758333 0.871875 0.755556 0.870313 0.752778 0.870313 0.75 0.86875 0.747222 0.86875 0.744444 0.865625 0.738889 0.865625 0.736111 0.85625 0.719444 0.85625 0.716667 0.851562 0.708333 0.851562 0.705556 0.848437 0.7 0.848437 0.697222 0.84375 0.688889 0.842188 0.688889 0.83125 0.669444 0.829687 0.669444 0.81875 0.65 0.817187 0.65 0.8125 0.641667 0.810938 0.641667 0.801562 0.625 0.8 0.625 0.79375 0.613889 0.792188 0.613889 0.790625 0.611111 0.789062 0.611111 0.7875 0.608333 0.785937 0.608333 0.784375 0.605556 0.782812 0.605556 0.78125 0.602778 0.779688 0.602778 0.778125 0.6 0.776563 0.6 0.775 0.597222 0.773438 0.597222 0.767187 0.586111 0.767187 0.583333 0.765625 0.580556 0.765625 0.577778 0.764063 0.575 0.764063 0.569444 0.7625 0.566667 0.7625 0.55 0.764063 0.547222 0.764063 0.530556 0.765625 0.527778 0.765625 0.522222 0.767187 0.519444 0.767187 0.513889 0.76875 0.511111 0.76875 0.486111 0.770312 0.483333 0.770312 0.463889 0.771875 0.461111 0.771875 0.438889 0.770312 0.436111 0.770312 0.425 0.76875 0.422222 0.76875 0.419444 0.767187 0.416667 0.767187 0.413889 0.765625 0.411111 0.765625 0.408333 0.764063 0.405556 0.764063 0.402778 0.757812 0.391667 0.75625 0.391667 0.751562 0.383333 0.751562 0.372222 0.933349
7 0.239063 0.561111 0.239063 0.558333 0.239063 0.561111 0.240625 0.572222 0.228125 0.572222 0.228125 0.791667 0.235938 0.791667 0.235938 0.780556 0.2375 0.777778 0.239063 0.777778 0.240625 0.775 0.25 0.775 0.251563 0.777778 0.253125 0.777778 0.254687 0.775 0.260938 0.775 0.2625 0.772222 0.265625 0.772222 0.267188 0.769444 0.26875 0.769444 0.270312 0.766667 0.276563 0.766667 0.278125 0.763889 0.2875 0.763889 0.289062 0.761111 0.298438 0.761111 0.3 0.758333 0.307813 0.758333 0.309375 0.755556 0.315625 0.755556 0.317187 0.752778 0.321875 0.752778 0.323438 0.755556 0.328125 0.755556 0.329688 0.752778 0.332812 0.752778 0.334375 0.75 0.342187 0.75 0.34375 0.747222 0.346875 0.747222 0.348437 0.744444 0.353125 0.744444 0.354688 0.741667 0.357812 0.741667 0.359375 0.738889 0.367188 0.738889 0.36875 0.741667 0.375 0.741667 0.376563 0.744444 0.389062 0.744444 0.390625 0.741667 0.396875 0.741667 0.398438 0.738889 0.4 0.738889 0.403125 0.733333 0.40625 0.733333 0.407813 0.730556 0.425 0.730556 0.426562 0.727778 0.43125 0.727778 0.432813 0.725 0.4375 0.725 0.439063 0.722222 0.44375 0.722222 0.445312 0.719444 0.446875 0.719444 0.448438 0.722222 0.457812 0.722222 0.459375 0.725 0.467187 0.725 0.46875 0.722222 0.470313 0.722222 0.473437 0.716667 0.475 0.716667 0.476562 0.713889 0.479688 0.713889 0.48125 0.711111 0.4875 0.711111 0.489062 0.713889 0.492188 0.713889 0.495313 0.719444 0.496875 0.719444 0.498437 0.722222 0.5 0.722222 0.501562 0.725 0.50625 0.725 0.507812 0.727778 0.514063 0.716667 0.520312 0.716667 0.520312 0.686111 0.515625 0.686111 0.5125 0.680556 0.5125 0.677778 0.510938 0.675 0.510938 0.647222 0.5125 0.644444 0.5125 0.630556 0.514063 0.627778 0.5125 0.625 0.5125 0.613889 0.510938 0.611111 0.510938 0.575 0.5125 0.572222 0.5125 0.563889 0.514063 0.561111 0.5125 0.558333 0.5125 0.544444 0.510938 0.541667 0.510938 0.527778 0.509375 0.525 0.509375 0.472222 0.4125 0.472222 0.4125 0.491667 0.407813 0.5 0.407813 0.502778 0.40625 0.505556 0.404687 0.505556 0.403125 0.508333 0.398438 0.508333 0.396875 0.511111 0.390625 0.511111 0.389062 0.513889 0.384375 0.513889 0.382812 0.511111 0.379687 0.511111 0.373437 0.5 0.373437 0.497222 0.371875 0.494444 0.371875 0.491667 0.370313 0.488889 0.370313 0.472222 0.2625 0.472222 0.2625 0.480556 0.260938 0.483333 0.260938 0.486111 0.257812 0.491667 0.257812 0.494444 0.25625 0.497222 0.25625 0.5 0.254687 0.502778 0.253125 0.502778 0.251563 0.505556 0.251563 0.513889 0.25 0.516667 0.246875 0.516667 0.246875 0.519444 0.248437 0.522222 0.248437 0.525 0.25 0.527778 0.25 0.530556 0.251563 0.533333 0.251563 0.536111 0.254687 0.536111 0.25625 0.533333 0.257812 0.533333 0.259375 0.530556 0.260938 0.530556 0.264062 0.525 0.265625 0.525 0.270312 0.533333 0.273438 0.533333 0.276563 0.527778 0.279687 0.533333 0.279687 0.544444 0.278125 0.547222 0.278125 0.55 0.276563 0.552778 0.273438 0.552778 0.271875 0.555556 0.2625 0.555556 0.259375 0.55 0.257812 0.552778 0.257812 0.569444 0.254687 0.575 0.242188 0.575 0.240625 0.572222 0.402044
0 0.671875 0.372222 0.671875 0.383333 0.66875 0.388889 0.66875 0.391667 0.667188 0.394444 0.667188 0.397222 0.665625 0.4 0.665625 0.402778 0.664062 0.405556 0.664062 0.411111 0.6625 0.413889 0.6625 0.419444 0.660937 0.422222 0.660937 0.427778 0.659375 0.430556 0.659375 0.433333 0.657812 0.436111 0.657812 0.438889 0.65625 0.441667 0.65625 0.444444 0.654688 0.447222 0.654688 0.458333 0.653125 0.461111 0.653125 0.463889 0.651563 0.466667 0.651563 0.472222 0.65 0.475 0.65 0.477778 0.648438 0.480556 0.648438 0.497222 0.646875 0.5 0.646875 0.513889 0.645312 0.516667 0.646875 0.519444 0.646875 0.525 0.645312 0.527778 0.645312 0.55 0.646875 0.552778 0.646875 0.575 0.648438 0.577778 0.648438 0.588889 0.646875 0.591667 0.646875 0.594444 0.642187 0.602778 0.640625 0.602778 0.6375 0.608333 0.635938 0.608333 0.634375 0.611111 0.632812 0.611111 0.63125 0.613889 0.629687 0.613889 0.623438 0.625 0.621875 0.625 0.615625 0.636111 0.614062 0.636111 0.6125 0.638889 0.610937 0.638889 0.603125 0.652778 0.603125 0.655556 0.601562 0.658333 0.601562 0.661111 0.6 0.663889 0.6 0.666667 0.598437 0.669444 0.598437 0.672222 0.596875 0.675 0.596875 0.680556 0.595312 0.683333 0.595312 0.686111 0.59375 0.688889 0.59375 0.691667 0.590625 0.697222 0.590625 0.7 0.584375 0.711111 0.582812 0.711111 0.58125 0.713889 0.58125 0.716667 0.579687 0.719444 0.579687 0.722222 0.578125 0.725 0.578125 0.727778 0.571875 0.738889 0.571875 0.741667 0.570312 0.744444 0.570312 0.747222 0.56875 0.75 0.56875 0.752778 0.567187 0.755556 0.567187 0.761111 0.565625 0.763889 0.565625 0.766667 0.564062 0.769444 0.564062 0.772222 0.5625 0.775 0.5625 0.777778 0.560938 0.780556 0.560938 0.786111 0.559375 0.788889 0.559375 0.794444 0.557813 0.797222 0.557813 0.805556 0.55625 0.808333 0.55625 0.813889 0.554688 0.816667 0.554688 0.825 0.553125 0.827778 0.553125 0.830556 0.551562 0.833333 0.546875 0.833333 0.546875 0.988889 0.551562 0.988889 0.553125 0.991667 0.553125 1 0.901563 1 0.901563 0.916667 0.896875 0.916667 0.895312 0.913889 0.895312 0.911111 0.89375 0.908333 0.89375 0.902778 0.892187 0.9 0.892187 0.894444 0.890625 0.891667 0.890625 0.888889 0.889063 0.886111 0.889063 0.847222 0.890625 0.844444 0.890625 0.805556 0.889063 0.802778 0.889063 0.797222 0.8875 0.794444 0.8875 0.791667 0.878125 0.775 0.878125 0.772222 0.875 0.766667 0.875 0.763889 0.871875 0.758333 0.871875 0.755556 0.870313 0.752778 0.870313 0.75 0.86875 0.747222 0.86875 0.744444 0.865625 0.738889 0.865625 0.736111 0.85625 0.719444 0.85625 0.716667 0.851562 0.708333 0.851562 0.705556 0.848437 0.7 0.848437 0.697222 0.84375 0.688889 0.842188 0.688889 0.83125 0.669444 0.829687 0.669444 0.81875 0.65 0.817187 0.65 0.8125 0.641667 0.810938 0.641667 0.801562 0.625 0.8 0.625 0.79375 0.613889 0.792188 0.613889 0.790625 0.611111 0.789062 0.611111 0.7875 0.608333 0.785937 0.608333 0.784375 0.605556 0.782812 0.605556 0.78125 0.602778 0.779688 0.602778 0.778125 0.6 0.776563 0.6 0.775 0.597222 0.773438 0.597222 0.767187 0.586111 0.767187 0.583333 0.765625 0.580556 0.765625 0.577778 0.764063 0.575 0.764063 0.569444 0.7625 0.566667 0.7625 0.55 0.764063 0.547222 0.764063 0.530556 0.765625 0.527778 0.765625 0.522222 0.767187 0.519444 0.767187 0.513889 0.76875 0.511111 0.76875 0.486111 0.770312 0.483333 0.770312 0.463889 0.771875 0.461111 0.771875 0.438889 0.770312 0.436111 0.770312 0.425 0.76875 0.422222 0.76875 0.419444 0.767187 0.416667 0.767187 0.413889 0.765625 0.411111 0.765625 0.408333 0.764063 0.405556 0.764063 0.402778 0.757812 0.391667 0.75625 0.391667 0.751562 0.383333 0.751562 0.372222 0.933349
7 0.239063 0.561111 0.239063 0.558333 0.239063 0.561111 0.240625 0.572222 0.228125 0.572222 0.228125 0.791667 0.235938 0.791667 0.235938 0.780556 0.2375 0.777778 0.239063 0.777778 0.240625 0.775 0.25 0.775 0.251563 0.777778 0.253125 0.777778 0.254687 0.775 0.260938 0.775 0.2625 0.772222 0.265625 0.772222 0.267188 0.769444 0.26875 0.769444 0.270312 0.766667 0.276563 0.766667 0.278125 0.763889 0.2875 0.763889 0.289062 0.761111 0.298438 0.761111 0.3 0.758333 0.307813 0.758333 0.309375 0.755556 0.315625 0.755556 0.317187 0.752778 0.321875 0.752778 0.323438 0.755556 0.328125 0.755556 0.329688 0.752778 0.332812 0.752778 0.334375 0.75 0.342187 0.75 0.34375 0.747222 0.346875 0.747222 0.348437 0.744444 0.353125 0.744444 0.354688 0.741667 0.357812 0.741667 0.359375 0.738889 0.367188 0.738889 0.36875 0.741667 0.375 0.741667 0.376563 0.744444 0.389062 0.744444 0.390625 0.741667 0.396875 0.741667 0.398438 0.738889 0.4 0.738889 0.403125 0.733333 0.40625 0.733333 0.407813 0.730556 0.425 0.730556 0.426562 0.727778 0.43125 0.727778 0.432813 0.725 0.4375 0.725 0.439063 0.722222 0.44375 0.722222 0.445312 0.719444 0.446875 0.719444 0.448438 0.722222 0.457812 0.722222 0.459375 0.725 0.467187 0.725 0.46875 0.722222 0.470313 0.722222 0.473437 0.716667 0.475 0.716667 0.476562 0.713889 0.479688 0.713889 0.48125 0.711111 0.4875 0.711111 0.489062 0.713889 0.492188 0.713889 0.495313 0.719444 0.496875 0.719444 0.498437 0.722222 0.5 0.722222 0.501562 0.725 0.50625 0.725 0.507812 0.727778 0.514063 0.716667 0.520312 0.716667 0.520312 0.686111 0.515625 0.686111 0.5125 0.680556 0.5125 0.677778 0.510938 0.675 0.510938 0.647222 0.5125 0.644444 0.5125 0.630556 0.514063 0.627778 0.5125 0.625 0.5125 0.613889 0.510938 0.611111 0.510938 0.575 0.5125 0.572222 0.5125 0.563889 0.514063 0.561111 0.5125 0.558333 0.5125 0.544444 0.510938 0.541667 0.510938 0.527778 0.509375 0.525 0.509375 0.472222 0.4125 0.472222 0.4125 0.491667 0.407813 0.5 0.407813 0.502778 0.40625 0.505556 0.404687 0.505556 0.403125 0.508333 0.398438 0.508333 0.396875 0.511111 0.390625 0.511111 0.389062 0.513889 0.384375 0.513889 0.382812 0.511111 0.379687 0.511111 0.373437 0.5 0.373437 0.497222 0.371875 0.494444 0.371875 0.491667 0.370313 0.488889 0.370313 0.472222 0.2625 0.472222 0.2625 0.480556 0.260938 0.483333 0.260938 0.486111 0.257812 0.491667 0.257812 0.494444 0.25625 0.497222 0.25625 0.5 0.254687 0.502778 0.253125 0.502778 0.251563 0.505556 0.251563 0.513889 0.25 0.516667 0.246875 0.516667 0.246875 0.519444 0.248437 0.522222 0.248437 0.525 0.25 0.527778 0.25 0.530556 0.251563 0.533333 0.251563 0.536111 0.254687 0.536111 0.25625 0.533333 0.257812 0.533333 0.259375 0.530556 0.260938 0.530556 0.264062 0.525 0.265625 0.525 0.270312 0.533333 0.273438 0.533333 0.276563 0.527778 0.279687 0.533333 0.279687 0.544444 0.278125 0.547222 0.278125 0.55 0.276563 0.552778 0.273438 0.552778 0.271875 0.555556 0.2625 0.555556 0.259375 0.55 0.257812 0.552778 0.257812 0.569444 0.254687 0.575 0.242188 0.575 0.240625 0.572222 0.402044
0 0.671875 0.372222 0.671875 0.383333 0.66875 0.388889 0.66875 0.391667 0.667188 0.394444 0.667188 0.397222 0.665625 0.4 0.665625 0.402778 0.664062 0.405556 0.664062 0.411111 0.6625 0.413889 0.6625 0.419444 0.660937 0.422222 0.660937 0.427778 0.659375 0.430556 0.659375 0.433333 0.657812 0.436111 0.657812 0.438889 0.65625 0.441667 0.65625 0.444444 0.654688 0.447222 0.654688 0.458333 0.653125 0.461111 0.653125 0.463889 0.651563 0.466667 0.651563 0.472222 0.65 0.475 0.65 0.477778 0.648438 0.480556 0.648438 0.497222 0.646875 0.5 0.646875 0.513889 0.645312 0.516667 0.646875 0.519444 0.646875 0.525 0.645312 0.527778 0.645312 0.55 0.646875 0.552778 0.646875 0.575 0.648438 0.577778 0.648438 0.588889 0.646875 0.591667 0.646875 0.594444 0.642187 0.602778 0.640625 0.602778 0.6375 0.608333 0.635938 0.608333 0.634375 0.611111 0.632812 0.611111 0.63125 0.613889 0.629687 0.613889 0.623438 0.625 0.621875 0.625 0.615625 0.636111 0.614062 0.636111 0.6125 0.638889 0.610937 0.638889 0.603125 0.652778 0.603125 0.655556 0.601562 0.658333 0.601562 0.661111 0.6 0.663889 0.6 0.666667 0.598437 0.669444 0.598437 0.672222 0.596875 0.675 0.596875 0.680556 0.595312 0.683333 0.595312 0.686111 0.59375 0.688889 0.59375 0.691667 0.590625 0.697222 0.590625 0.7 0.584375 0.711111 0.582812 0.711111 0.58125 0.713889 0.58125 0.716667 0.579687 0.719444 0.579687 0.722222 0.578125 0.725 0.578125 0.727778 0.571875 0.738889 0.571875 0.741667 0.570312 0.744444 0.570312 0.747222 0.56875 0.75 0.56875 0.752778 0.567187 0.755556 0.567187 0.761111 0.565625 0.763889 0.565625 0.766667 0.564062 0.769444 0.564062 0.772222 0.5625 0.775 0.5625 0.777778 0.560938 0.780556 0.560938 0.786111 0.559375 0.788889 0.559375 0.794444 0.557813 0.797222 0.557813 0.805556 0.55625 0.808333 0.55625 0.813889 0.554688 0.816667 0.554688 0.825 0.553125 0.827778 0.553125 0.830556 0.551562 0.833333 0.546875 0.833333 0.546875 0.988889 0.551562 0.988889 0.553125 0.991667 0.553125 1 0.901563 1 0.901563 0.916667 0.896875 0.916667 0.895312 0.913889 0.895312 0.911111 0.89375 0.908333 0.89375 0.902778 0.892187 0.9 0.892187 0.894444 0.890625 0.891667 0.890625 0.888889 0.889063 0.886111 0.889063 0.847222 0.890625 0.844444 0.890625 0.805556 0.889063 0.802778 0.889063 0.797222 0.8875 0.794444 0.8875 0.791667 0.878125 0.775 0.878125 0.772222 0.875 0.766667 0.875 0.763889 0.871875 0.758333 0.871875 0.755556 0.870313 0.752778 0.870313 0.75 0.86875 0.747222 0.86875 0.744444 0.865625 0.738889 0.865625 0.736111 0.85625 0.719444 0.85625 0.716667 0.851562 0.708333 0.851562 0.705556 0.848437 0.7 0.848437 0.697222 0.84375 0.688889 0.842188 0.688889 0.83125 0.669444 0.829687 0.669444 0.81875 0.65 0.817187 0.65 0.8125 0.641667 0.810938 0.641667 0.801562 0.625 0.8 0.625 0.79375 0.613889 0.792188 0.613889 0.790625 0.611111 0.789062 0.611111 0.7875 0.608333 0.785937 0.608333 0.784375 0.605556 0.782812 0.605556 0.78125 0.602778 0.779688 0.602778 0.778125 0.6 0.776563 0.6 0.775 0.597222 0.773438 0.597222 0.767187 0.586111 0.767187 0.583333 0.765625 0.580556 0.765625 0.577778 0.764063 0.575 0.764063 0.569444 0.7625 0.566667 0.7625 0.55 0.764063 0.547222 0.764063 0.530556 0.765625 0.527778 0.765625 0.522222 0.767187 0.519444 0.767187 0.513889 0.76875 0.511111 0.76875 0.486111 0.770312 0.483333 0.770312 0.463889 0.771875 0.461111 0.771875 0.438889 0.770312 0.436111 0.770312 0.425 0.76875 0.422222 0.76875 0.419444 0.767187 0.416667 0.767187 0.413889 0.765625 0.411111 0.765625 0.408333 0.764063 0.405556 0.764063 0.402778 0.757812 0.391667 0.75625 0.391667 0.751562 0.383333 0.751562 0.372222 0.933349
7 0.239063 0.561111 0.239063 0.558333 0.239063 0.561111 0.240625 0.572222 0.228125 0.572222 0.228125 0.791667 0.235938 0.791667 0.235938 0.780556 0.2375 0.777778 0.239063 0.777778 0.240625 0.775 0.25 0.775 0.251563 0.777778 0.253125 0.777778 0.254687 0.775 0.260938 0.775 0.2625 0.772222 0.265625 0.772222 0.267188 0.769444 0.26875 0.769444 0.270312 0.766667 0.276563 0.766667 0.278125 0.763889 0.2875 0.763889 0.289062 0.761111 0.298438 0.761111 0.3 0.758333 0.307813 0.758333 0.309375 0.755556 0.315625 0.755556 0.317187 0.752778 0.321875 0.752778 0.323438 0.755556 0.328125 0.755556 0.329688 0.752778 0.332812 0.752778 0.334375 0.75 0.342187 0.75 0.34375 0.747222 0.346875 0.747222 0.348437 0.744444 0.353125 0.744444 0.354688 0.741667 0.357812 0.741667 0.359375 0.738889 0.367188 0.738889 0.36875 0.741667 0.375 0.741667 0.376563 0.744444 0.389062 0.744444 0.390625 0.741667 0.396875 0.741667 0.398438 0.738889 0.4 0.738889 0.403125 0.733333 0.40625 0.733333 0.407813 0.730556 0.425 0.730556 0.426562 0.727778 0.43125 0.727778 0.432813 0.725 0.4375 0.725 0.439063 0.722222 0.44375 0.722222 0.445312 0.719444 0.446875 0.719444 0.448438 0.722222 0.457812 0.722222 0.459375 0.725 0.467187 0.725 0.46875 0.722222 0.470313 0.722222 0.473437 0.716667 0.475 0.716667 0.476562 0.713889 0.479688 0.713889 0.48125 0.711111 0.4875 0.711111 0.489062 0.713889 0.492188 0.713889 0.495313 0.719444 0.496875 0.719444 0.498437 0.722222 0.5 0.722222 0.501562 0.725 0.50625 0.725 0.507812 0.727778 0.514063 0.716667 0.520312 0.716667 0.520312 0.686111 0.515625 0.686111 0.5125 0.680556 0.5125 0.677778 0.510938 0.675 0.510938 0.647222 0.5125 0.644444 0.5125 0.630556 0.514063 0.627778 0.5125 0.625 0.5125 0.613889 0.510938 0.611111 0.510938 0.575 0.5125 0.572222 0.5125 0.563889 0.514063 0.561111 0.5125 0.558333 0.5125 0.544444 0.510938 0.541667 0.510938 0.527778 0.509375 0.525 0.509375 0.472222 0.4125 0.472222 0.4125 0.491667 0.407813 0.5 0.407813 0.502778 0.40625 0.505556 0.404687 0.505556 0.403125 0.508333 0.398438 0.508333 0.396875 0.511111 0.390625 0.511111 0.389062 0.513889 0.384375 0.513889 0.382812 0.511111 0.379687 0.511111 0.373437 0.5 0.373437 0.497222 0.371875 0.494444 0.371875 0.491667 0.370313 0.488889 0.370313 0.472222 0.2625 0.472222 0.2625 0.480556 0.260938 0.483333 0.260938 0.486111 0.257812 0.491667 0.257812 0.494444 0.25625 0.497222 0.25625 0.5 0.254687 0.502778 0.253125 0.502778 0.251563 0.505556 0.251563 0.513889 0.25 0.516667 0.246875 0.516667 0.246875 0.519444 0.248437 0.522222 0.248437 0.525 0.25 0.527778 0.25 0.530556 0.251563 0.533333 0.251563 0.536111 0.254687 0.536111 0.25625 0.533333 0.257812 0.533333 0.259375 0.530556 0.260938 0.530556 0.264062 0.525 0.265625 0.525 0.270312 0.533333 0.273438 0.533333 0.276563 0.527778 0.279687 0.533333 0.279687 0.544444 0.278125 0.547222 0.278125 0.55 0.276563 0.552778 0.273438 0.552778 0.271875 0.555556 0.2625 0.555556 0.259375 0.55 0.257812 0.552778 0.257812 0.569444 0.254687 0.575 0.242188 0.575 0.240625 0.572222 0.402044
0 0.671875 0.372222 0.671875 0.383333 0.66875 0.388889 0.66875 0.391667 0.667188 0.394444 0.667188 0.397222 0.665625 0.4 0.665625 0.402778 0.664062 0.405556 0.664062 0.411111 0.6625 0.413889 0.6625 0.419444 0.660937 0.422222 0.660937 0.427778 0.659375 0.430556 0.659375 0.433333 0.657812 0.436111 0.657812 0.438889 0.65625 0.441667 0.65625 0.444444 0.654688 0.447222 0.654688 0.458333 0.653125 0.461111 0.653125 0.463889 0.651563 0.466667 0.651563 0.472222 0.65 0.475 0.65 0.477778 0.648438 0.480556 0.648438 0.497222 0.646875 0.5 0.646875 0.513889 0.645312 0.516667 0.646875 0.519444 0.646875 0.525 0.645312 0.527778 0.645312 0.55 0.646875 0.552778 0.646875 0.575 0.648438 0.577778 0.648438 0.588889 0.646875 0.591667 0.646875 0.594444 0.642187 0.602778 0.640625 0.602778 0.6375 0.608333 0.635938 0.608333 0.634375 0.611111 0.632812 0.611111 0.63125 0.613889 0.629687 0.613889 0.623438 0.625 0.621875 0.625 0.615625 0.636111 0.614062 0.636111 0.6125 0.638889 0.610937 0.638889 0.603125 0.652778 0.603125 0.655556 0.601562 0.658333 0.601562 0.661111 0.6 0.663889 0.6 0.666667 0.598437 0.669444 0.598437 0.672222 0.596875 0.675 0.596875 0.680556 0.595312 0.683333 0.595312 0.686111 0.59375 0.688889 0.59375 0.691667 0.590625 0.697222 0.590625 0.7 0.584375 0.711111 0.582812 0.711111 0.58125 0.713889 0.58125 0.716667 0.579687 0.719444 0.579687 0.722222 0.578125 0.725 0.578125 0.727778 0.571875 0.738889 0.571875 0.741667 0.570312 0.744444 0.570312 0.747222 0.56875 0.75 0.56875 0.752778 0.567187 0.755556 0.567187 0.761111 0.565625 0.763889 0.565625 0.766667 0.564062 0.769444 0.564062 0.772222 0.5625 0.775 0.5625 0.777778 0.560938 0.780556 0.560938 0.786111 0.559375 0.788889 0.559375 0.794444 0.557813 0.797222 0.557813 0.805556 0.55625 0.808333 0.55625 0.813889 0.554688 0.816667 0.554688 0.825 0.553125 0.827778 0.553125 0.830556 0.551562 0.833333 0.546875 0.833333 0.546875 0.988889 0.551562 0.988889 0.553125 0.991667 0.553125 1 0.901563 1 0.901563 0.916667 0.896875 0.916667 0.895312 0.913889 0.895312 0.911111 0.89375 0.908333 0.89375 0.902778 0.892187 0.9 0.892187 0.894444 0.890625 0.891667 0.890625 0.888889 0.889063 0.886111 0.889063 0.847222 0.890625 0.844444 0.890625 0.805556 0.889063 0.802778 0.889063 0.797222 0.8875 0.794444 0.8875 0.791667 0.878125 0.775 0.878125 0.772222 0.875 0.766667 0.875 0.763889 0.871875 0.758333 0.871875 0.755556 0.870313 0.752778 0.870313 0.75 0.86875 0.747222 0.86875 0.744444 0.865625 0.738889 0.865625 0.736111 0.85625 0.719444 0.85625 0.716667 0.851562 0.708333 0.851562 0.705556 0.848437 0.7 0.848437 0.697222 0.84375 0.688889 0.842188 0.688889 0.83125 0.669444 0.829687 0.669444 0.81875 0.65 0.817187 0.65 0.8125 0.641667 0.810938 0.641667 0.801562 0.625 0.8 0.625 0.79375 0.613889 0.792188 0.613889 0.790625 0.611111 0.789062 0.611111 0.7875 0.608333 0.785937 0.608333 0.784375 0.605556 0.782812 0.605556 0.78125 0.602778 0.779688 0.602778 0.778125 0.6 0.776563 0.6 0.775 0.597222 0.773438 0.597222 0.767187 0.586111 0.767187 0.583333 0.765625 0.580556 0.765625 0.577778 0.764063 0.575 0.764063 0.569444 0.7625 0.566667 0.7625 0.55 0.764063 0.547222 0.764063 0.530556 0.765625 0.527778 0.765625 0.522222 0.767187 0.519444 0.767187 0.513889 0.76875 0.511111 0.76875 0.486111 0.770312 0.483333 0.770312 0.463889 0.771875 0.461111 0.771875 0.438889 0.770312 0.436111 0.770312 0.425 0.76875 0.422222 0.76875 0.419444 0.767187 0.416667 0.767187 0.413889 0.765625 0.411111 0.765625 0.408333 0.764063 0.405556 0.764063 0.402778 0.757812 0.391667 0.75625 0.391667 0.751562 0.383333 0.751562 0.372222 0.933349
7 0.239063 0.561111 0.239063 0.558333 0.239063 0.561111 0.240625 0.572222 0.228125 0.572222 0.228125 0.791667 0.235938 0.791667 0.235938 0.780556 0.2375 0.777778 0.239063 0.777778 0.240625 0.775 0.25 0.775 0.251563 0.777778 0.253125 0.777778 0.254687 0.775 0.260938 0.775 0.2625 0.772222 0.265625 0.772222 0.267188 0.769444 0.26875 0.769444 0.270312 0.766667 0.276563 0.766667 0.278125 0.763889 0.2875 0.763889 0.289062 0.761111 0.298438 0.761111 0.3 0.758333 0.307813 0.758333 0.309375 0.755556 0.315625 0.755556 0.317187 0.752778 0.321875 0.752778 0.323438 0.755556 0.328125 0.755556 0.329688 0.752778 0.332812 0.752778 0.334375 0.75 0.342187 0.75 0.34375 0.747222 0.346875 0.747222 0.348437 0.744444 0.353125 0.744444 0.354688 0.741667 0.357812 0.741667 0.359375 0.738889 0.367188 0.738889 0.36875 0.741667 0.375 0.741667 0.376563 0.744444 0.389062 0.744444 0.390625 0.741667 0.396875 0.741667 0.398438 0.738889 0.4 0.738889 0.403125 0.733333 0.40625 0.733333 0.407813 0.730556 0.425 0.730556 0.426562 0.727778 0.43125 0.727778 0.432813 0.725 0.4375 0.725 0.439063 0.722222 0.44375 0.722222 0.445312 0.719444 0.446875 0.719444 0.448438 0.722222 0.457812 0.722222 0.459375 0.725 0.467187 0.725 0.46875 0.722222 0.470313 0.722222 0.473437 0.716667 0.475 0.716667 0.476562 0.713889 0.479688 0.713889 0.48125 0.711111 0.4875 0.711111 0.489062 0.713889 0.492188 0.713889 0.495313 0.719444 0.496875 0.719444 0.498437 0.722222 0.5 0.722222 0.501562 0.725 0.50625 0.725 0.507812 0.727778 0.514063 0.716667 0.520312 0.716667 0.520312 0.686111 0.515625 0.686111 0.5125 0.680556 0.5125 0.677778 0.510938 0.675 0.510938 0.647222 0.5125 0.644444 0.5125 0.630556 0.514063 0.627778 0.5125 0.625 0.5125 0.613889 0.510938 0.611111 0.510938 0.575 0.5125 0.572222 0.5125 0.563889 0.514063 0.561111 0.5125 0.558333 0.5125 0.544444 0.510938 0.541667 0.510938 0.527778 0.509375 0.525 0.509375 0.472222 0.4125 0.472222 0.4125 0.491667 0.407813 0.5 0.407813 0.502778 0.40625 0.505556 0.404687 0.505556 0.403125 0.508333 0.398438 0.508333 0.396875 0.511111 0.390625 0.511111 0.389062 0.513889 0.384375 0.513889 0.382812 0.511111 0.379687 0.511111 0.373437 0.5 0.373437 0.497222 0.371875 0.494444 0.371875 0.491667 0.370313 0.488889 0.370313 0.472222 0.2625 0.472222 0.2625 0.480556 0.260938 0.483333 0.260938 0.486111 0.257812 0.491667 0.257812 0.494444 0.25625 0.497222 0.25625 0.5 0.254687 0.502778 0.253125 0.502778 0.251563 0.505556 0.251563 0.513889 0.25 0.516667 0.246875 0.516667 0.246875 0.519444 0.248437 0.522222 0.248437 0.525 0.25 0.527778 0.25 0.530556 0.251563 0.533333 0.251563 0.536111 0.254687 0.536111 0.25625 0.533333 0.257812 0.533333 0.259375 0.530556 0.260938 0.530556 0.264062 0.525 0.265625 0.525 0.270312 0.533333 0.273438 0.533333 0.276563 0.527778 0.279687 0.533333 0.279687 0.544444 0.278125 0.547222 0.278125 0.55 0.276563 0.552778 0.273438 0.552778 0.271875 0.555556 0.2625 0.555556 0.259375 0.55 0.257812 0.552778 0.257812 0.569444 0.254687 0.575 0.242188 0.575 0.240625 0.572222 0.402044
0 0.671875 0.372222 0.671875 0.383333 0.66875 0.388889 0.66875 0.391667 0.667188 0.394444 0.667188 0.397222 0.665625 0.4 0.665625 0.402778 0.664062 0.405556 0.664062 0.411111 0.6625 0.413889 0.6625 0.419444 0.660937 0.422222 0.660937 0.427778 0.659375 0.430556 0.659375 0.433333 0.657812 0.436111 0.657812 0.438889 0.65625 0.441667 0.65625 0.444444 0.654688 0.447222 0.654688 0.458333 0.653125 0.461111 0.653125 0.463889 0.651563 0.466667 0.651563 0.472222 0.65 0.475 0.65 0.477778 0.648438 0.480556 0.648438 0.497222 0.646875 0.5 0.646875 0.513889 0.645312 0.516667 0.646875 0.519444 0.646875 0.525 0.645312 0.527778 0.645312 0.55 0.646875 0.552778 0.646875 0.575 0.648438 0.577778 0.648438 0.588889 0.646875 0.591667 0.646875 0.594444 0.642187 0.602778 0.640625 0.602778 0.6375 0.608333 0.635938 0.608333 0.634375 0.611111 0.632812 0.611111 0.63125 0.613889 0.629687 0.613889 0.623438 0.625 0.621875 0.625 0.615625 0.636111 0.614062 0.636111 0.6125 0.638889 0.610937 0.638889 0.603125 0.652778 0.603125 0.655556 0.601562 0.658333 0.601562 0.661111 0.6 0.663889 0.6 0.666667 0.598437 0.669444 0.598437 0.672222 0.596875 0.675 0.596875 0.680556 0.595312 0.683333 0.595312 0.686111 0.59375 0.688889 0.59375 0.691667 0.590625 0.697222 0.590625 0.7 0.584375 0.711111 0.582812 0.711111 0.58125 0.713889 0.58125 0.716667 0.579687 0.719444 0.579687 0.722222 0.578125 0.725 0.578125 0.727778 0.571875 0.738889 0.571875 0.741667 0.570312 0.744444 0.570312 0.747222 0.56875 0.75 0.56875 0.752778 0.567187 0.755556 0.567187 0.761111 0.565625 0.763889 0.565625 0.766667 0.564062 0.769444 0.564062 0.772222 0.5625 0.775 0.5625 0.777778 0.560938 0.780556 0.560938 0.786111 0.559375 0.788889 0.559375 0.794444 0.557813 0.797222 0.557813 0.805556 0.55625 0.808333 0.55625 0.813889 0.554688 0.816667 0.554688 0.825 0.553125 0.827778 0.553125 0.830556 0.551562 0.833333 0.546875 0.833333 0.546875 0.988889 0.551562 0.988889 0.553125 0.991667 0.553125 1 0.901563 1 0.901563 0.916667 0.896875 0.916667 0.895312 0.913889 0.895312 0.911111 0.89375 0.908333 0.89375 0.902778 0.892187 0.9 0.892187 0.894444 0.890625 0.891667 0.890625 0.888889 0.889063 0.886111 0.889063 0.847222 0.890625 0.844444 0.890625 0.805556 0.889063 0.802778 0.889063 0.797222 0.8875 0.794444 0.8875 0.791667 0.878125 0.775 0.878125 0.772222 0.875 0.766667 0.875 0.763889 0.871875 0.758333 0.871875 0.755556 0.870313 0.752778 0.870313 0.75 0.86875 0.747222 0.86875 0.744444 0.865625 0.738889 0.865625 0.736111 0.85625 0.719444 0.85625 0.716667 0.851562 0.708333 0.851562 0.705556 0.848437 0.7 0.848437 0.697222 0.84375 0.688889 0.842188 0.688889 0.83125 0.669444 0.829687 0.669444 0.81875 0.65 0.817187 0.65 0.8125 0.641667 0.810938 0.641667 0.801562 0.625 0.8 0.625 0.79375 0.613889 0.792188 0.613889 0.790625 0.611111 0.789062 0.611111 0.7875 0.608333 0.785937 0.608333 0.784375 0.605556 0.782812 0.605556 0.78125 0.602778 0.779688 0.602778 0.778125 0.6 0.776563 0.6 0.775 0.597222 0.773438 0.597222 0.767187 0.586111 0.767187 0.583333 0.765625 0.580556 0.765625 0.577778 0.764063 0.575 0.764063 0.569444 0.7625 0.566667 0.7625 0.55 0.764063 0.547222 0.764063 0.530556 0.765625 0.527778 0.765625 0.522222 0.767187 0.519444 0.767187 0.513889 0.76875 0.511111 0.76875 0.486111 0.770312 0.483333 0.770312 0.463889 0.771875 0.461111 0.771875 0.438889 0.770312 0.436111 0.770312 0.425 0.76875 0.422222 0.76875 0.419444 0.767187 0.416667 0.767187 0.413889 0.765625 0.411111 0.765625 0.408333 0.764063 0.405556 0.764063 0.402778 0.757812 0.391667 0.75625 0.391667 0.751562 0.383333 0.751562 0.372222 0.933349
7 0.239063 0.561111 0.239063 0.558333 0.239063 0.561111 0.240625 0.572222 0.228125 0.572222 0.228125 0.791667 0.235938 0.791667 0.235938 0.780556 0.2375 0.777778 0.239063 0.777778 0.240625 0.775 0.25 0.775 0.251563 0.777778 0.253125 0.777778 0.254687 0.775 0.260938 0.775 0.2625 0.772222 0.265625 0.772222 0.267188 0.769444 0.26875 0.769444 0.270312 0.766667 0.276563 0.766667 0.278125 0.763889 0.2875 0.763889 0.289062 0.761111 0.298438 0.761111 0.3 0.758333 0.307813 0.758333 0.309375 0.755556 0.315625 0.755556 0.317187 0.752778 0.321875 0.752778 0.323438 0.755556 0.328125 0.755556 0.329688 0.752778 0.332812 0.752778 0.334375 0.75 0.342187 0.75 0.34375 0.747222 0.346875 0.747222 0.348437 0.744444 0.353125 0.744444 0.354688 0.741667 0.357812 0.741667 0.359375 0.738889 0.367188 0.738889 0.36875 0.741667 0.375 0.741667 0.376563 0.744444 0.389062 0.744444 0.390625 0.741667 0.396875 0.741667 0.398438 0.738889 0.4 0.738889 0.403125 0.733333 0.40625 0.733333 0.407813 0.730556 0.425 0.730556 0.426562 0.727778 0.43125 0.727778 0.432813 0.725 0.4375 0.725 0.439063 0.722222 0.44375 0.722222 0.445312 0.719444 0.446875 0.719444 0.448438 0.722222 0.457812 0.722222 0.459375 0.725 0.467187 0.725 0.46875 0.722222 0.470313 0.722222 0.473437 0.716667 0.475 0.716667 0.476562 0.713889 0.479688 0.713889 0.48125 0.711111 0.4875 0.711111 0.489062 0.713889 0.492188 0.713889 0.495313 0.719444 0.496875 0.719444 0.498437 0.722222 0.5 0.722222 0.501562 0.725 0.50625 0.725 0.507812 0.727778 0.514063 0.716667 0.520312 0.716667 0.520312 0.686111 0.515625 0.686111 0.5125 0.680556 0.5125 0.677778 0.510938 0.675 0.510938 0.647222 0.5125 0.644444 0.5125 0.630556 0.514063 0.627778 0.5125 0.625 0.5125 0.613889 0.510938 0.611111 0.510938 0.575 0.5125 0.572222 0.5125 0.563889 0.514063 0.561111 0.5125 0.558333 0.5125 0.544444 0.510938 0.541667 0.510938 0.527778 0.509375 0.525 0.509375 0.472222 0.4125 0.472222 0.4125 0.491667 0.407813 0.5 0.407813 0.502778 0.40625 0.505556 0.404687 0.505556 0.403125 0.508333 0.398438 0.508333 0.396875 0.511111 0.390625 0.511111 0.389062 0.513889 0.384375 0.513889 0.382812 0.511111 0.379687 0.511111 0.373437 0.5 0.373437 0.497222 0.371875 0.494444 0.371875 0.491667 0.370313 0.488889 0.370313 0.472222 0.2625 0.472222 0.2625 0.480556 0.260938 0.483333 0.260938 0.486111 0.257812 0.491667 0.257812 0.494444 0.25625 0.497222 0.25625 0.5 0.254687 0.502778 0.253125 0.502778 0.251563 0.505556 0.251563 0.513889 0.25 0.516667 0.246875 0.516667 0.246875 0.519444 0.248437 0.522222 0.248437 0.525 0.25 0.527778 0.25 0.530556 0.251563 0.533333 0.251563 0.536111 0.254687 0.536111 0.25625 0.533333 0.257812 0.533333 0.259375 0.530556 0.260938 0.530556 0.264062 0.525 0.265625 0.525 0.270312 0.533333 0.273438 0.533333 0.276563 0.527778 0.279687 0.533333 0.279687 0.544444 0.278125 0.547222 0.278125 0.55 0.276563 0.552778 0.273438 0.552778 0.271875 0.555556 0.2625 0.555556 0.259375 0.55 0.257812 0.552778 0.257812 0.569444 0.254687 0.575 0.242188 0.575 0.240625 0.572222 0.402044
0 0.671875 0.372222 0.671875 0.383333 0.66875 0.388889 0.66875 0.391667 0.667188 0.394444 0.667188 0.397222 0.665625 0.4 0.665625 0.402778 0.664062 0.405556 0.664062 0.411111 0.6625 0.413889 0.6625 0.419444 0.660937 0.422222 0.660937 0.427778 0.659375 0.430556 0.659375 0.433333 0.657812 0.436111 0.657812 0.438889 0.65625 0.441667 0.65625 0.444444 0.654688 0.447222 0.654688 0.458333 0.653125 0.461111 0.653125 0.463889 0.651563 0.466667 0.651563 0.472222 0.65 0.475 0.65 0.477778 0.648438 0.480556 0.648438 0.497222 0.646875 0.5 0.646875 0.513889 0.645312 0.516667 0.646875 0.519444 0.646875 0.525 0.645312 0.527778 0.645312 0.55 0.646875 0.552778 0.646875 0.575 0.648438 0.577778 0.648438 0.588889 0.646875 0.591667 0.646875 0.594444 0.642187 0.602778 0.640625 0.602778 0.6375 0.608333 0.635938 0.608333 0.634375 0.611111 0.632812 0.611111 0.63125 0.613889 0.629687 0.613889 0.623438 0.625 0.621875 0.625 0.615625 0.636111 0.614062 0.636111 0.6125 0.638889 0.610937 0.638889 0.603125 0.652778 0.603125 0.655556 0.601562 0.658333 0.601562 0.661111 0.6 0.663889 0.6 0.666667 0.598437 0.669444 0.598437 0.672222 0.596875 0.675 0.596875 0.680556 0.595312 0.683333 0.595312 0.686111 0.59375 0.688889 0.59375 0.691667 0.590625 0.697222 0.590625 0.7 0.584375 0.711111 0.582812 0.711111 0.58125 0.713889 0.58125 0.716667 0.579687 0.719444 0.579687 0.722222 0.578125 0.725 0.578125 0.727778 0.571875 0.738889 0.571875 0.741667 0.570312 0.744444 0.570312 0.747222 0.56875 0.75 0.56875 0.752778 0.567187 0.755556 0.567187 0.761111 0.565625 0.763889 0.565625 0.766667 0.564062 0.769444 0.564062 0.772222 0.5625 0.775 0.5625 0.777778 0.560938 0.780556 0.560938 0.786111 0.559375 0.788889 0.559375 0.794444 0.557813 0.797222 0.557813 0.805556 0.55625 0.808333 0.55625 0.813889 0.554688 0.816667 0.554688 0.825 0.553125 0.827778 0.553125 0.830556 0.551562 0.833333 0.546875 0.833333 0.546875 0.988889 0.551562 0.988889 0.553125 0.991667 0.553125 1 0.901563 1 0.901563 0.916667 0.896875 0.916667 0.895312 0.913889 0.895312 0.911111 0.89375 0.908333 0.89375 0.902778 0.892187 0.9 0.892187 0.894444 0.890625 0.891667 0.890625 0.888889 0.889063 0.886111 0.889063 0.847222 0.890625 0.844444 0.890625 0.805556 0.889063 0.802778 0.889063 0.797222 0.8875 0.794444 0.8875 0.791667 0.878125 0.775 0.878125 0.772222 0.875 0.766667 0.875 0.763889 0.871875 0.758333 0.871875 0.755556 0.870313 0.752778 0.870313 0.75 0.86875 0.747222 0.86875 0.744444 0.865625 0.738889 0.865625 0.736111 0.85625 0.719444 0.85625 0.716667 0.851562 0.708333 0.851562 0.705556 0.848437 0.7 0.848437 0.697222 0.84375 0.688889 0.842188 0.688889 0.83125 0.669444 0.829687 0.669444 0.81875 0.65 0.817187 0.65 0.8125 0.641667 0.810938 0.641667 0.801562 0.625 0.8 0.625 0.79375 0.613889 0.792188 0.613889 0.790625 0.611111 0.789062 0.611111 0.7875 0.608333 0.785937 0.608333 0.784375 0.605556 0.782812 0.605556 0.78125 0.602778 0.779688 0.602778 0.778125 0.6 0.776563 0.6 0.775 0.597222 0.773438 0.597222 0.767187 0.586111 0.767187 0.583333 0.765625 0.580556 0.765625 0.577778 0.764063 0.575 0.764063 0.569444 0.7625 0.566667 0.7625 0.55 0.764063 0.547222 0.764063 0.530556 0.765625 0.527778 0.765625 0.522222 0.767187 0.519444 0.767187 0.513889 0.76875 0.511111 0.76875 0.486111 0.770312 0.483333 0.770312 0.463889 0.771875 0.461111 0.771875 0.438889 0.770312 0.436111 0.770312 0.425 0.76875 0.422222 0.76875 0.419444 0.767187 0.416667 0.767187 0.413889 0.765625 0.411111 0.765625 0.408333 0.764063 0.405556 0.764063 0.402778 0.757812 0.391667 0.75625 0.391667 0.751562 0.383333 0.751562 0.372222 0.933349
7 0.239063 0.561111 0.239063 0.558333 0.239063 0.561111 0.240625 0.572222 0.228125 0.572222 0.228125 0.791667 0.235938 0.791667 0.235938 0.780556 0.2375 0.777778 0.239063 0.777778 0.240625 0.775 0.25 0.775 0.251563 0.777778 0.253125 0.777778 0.254687 0.775 0.260938 0.775 0.2625 0.772222 0.265625 0.772222 0.267188 0.769444 0.26875 0.769444 0.270312 0.766667 0.276563 0.766667 0.278125 0.763889 0.2875 0.763889 0.289062 0.761111 0.298438 0.761111 0.3 0.758333 0.307813 0.758333 0.309375 0.755556 0.315625 0.755556 0.317187 0.752778 0.321875 0.752778 0.323438 0.755556 0.328125 0.755556 0.329688 0.752778 0.332812 0.752778 0.334375 0.75 0.342187 0.75 0.34375 0.747222 0.346875 0.747222 0.348437 0.744444 0.353125 0.744444 0.354688 0.741667 0.357812 0.741667 0.359375 0.738889 0.367188 0.738889 0.36875 0.741667 0.375 0.741667 0.376563 0.744444 0.389062 0.744444 0.390625 0.741667 0.396875 0.741667 0.398438 0.738889 0.4 0.738889 0.403125 0.733333 0.40625 0.733333 0.407813 0.730556 0.425 0.730556 0.426562 0.727778 0.43125 0.727778 0.432813 0.725 0.4375 0.725 0.439063 0.722222 0.44375 0.722222 0.445312 0.719444 0.446875 0.719444 0.448438 0.722222 0.457812 0.722222 0.459375 0.725 0.467187 0.725 0.46875 0.722222 0.470313 0.722222 0.473437 0.716667 0.475 0.716667 0.476562 0.713889 0.479688 0.713889 0.48125 0.711111 0.4875 0.711111 0.489062 0.713889 0.492188 0.713889 0.495313 0.719444 0.496875 0.719444 0.498437 0.722222 0.5 0.722222 0.501562 0.725 0.50625 0.725 0.507812 0.727778 0.514063 0.716667 0.520312 0.716667 0.520312 0.686111 0.515625 0.686111 0.5125 0.680556 0.5125 0.677778 0.510938 0.675 0.510938 0.647222 0.5125 0.644444 0.5125 0.630556 0.514063 0.627778 0.5125 0.625 0.5125 0.613889 0.510938 0.611111 0.510938 0.575 0.5125 0.572222 0.5125 0.563889 0.514063 0.561111 0.5125 0.558333 0.5125 0.544444 0.510938 0.541667 0.510938 0.527778 0.509375 0.525 0.509375 0.472222 0.4125 0.472222 0.4125 0.491667 0.407813 0.5 0.407813 0.502778 0.40625 0.505556 0.404687 0.505556 0.403125 0.508333 0.398438 0.508333 0.396875 0.511111 0.390625 0.511111 0.389062 0.513889 0.384375 0.513889 0.382812 0.511111 0.379687 0.511111 0.373437 0.5 0.373437 0.497222 0.371875 0.494444 0.371875 0.491667 0.370313 0.488889 0.370313 0.472222 0.2625 0.472222 0.2625 0.480556 0.260938 0.483333 0.260938 0.486111 0.257812 0.491667 0.257812 0.494444 0.25625 0.497222 0.25625 0.5 0.254687 0.502778 0.253125 0.502778 0.251563 0.505556 0.251563 0.513889 0.25 0.516667 0.246875 0.516667 0.246875 0.519444 0.248437 0.522222 0.248437 0.525 0.25 0.527778 0.25 0.530556 0.251563 0.533333 0.251563 0.536111 0.254687 0.536111 0.25625 0.533333 0.257812 0.533333 0.259375 0.530556 0.260938 0.530556 0.264062 0.525 0.265625 0.525 0.270312 0.533333 0.273438 0.533333 0.276563 0.527778 0.279687 0.533333 0.279687 0.544444 0.278125 0.547222 0.278125 0.55 0.276563 0.552778 0.273438 0.552778 0.271875 0.555556 0.2625 0.555556 0.259375 0.55 0.257812 0.552778 0.257812 0.569444 0.254687 0.575 0.242188 0.575 0.240625 0.572222 0.402044
0 0.671875 0.372222 0.671875 0.383333 0.66875 0.388889 0.66875 0.391667 0.667188 0.394444 0.667188 0.397222 0.665625 0.4 0.665625 0.402778 0.664062 0.405556 0.664062 0.411111 0.6625 0.413889 0.6625 0.419444 0.660937 0.422222 0.660937 0.427778 0.659375 0.430556 0.659375 0.433333 0.657812 0.436111 0.657812 0.438889 0.65625 0.441667 0.65625 0.444444 0.654688 0.447222 0.654688 0.458333 0.653125 0.461111 0.653125 0.463889 0.651563 0.466667 0.651563 0.472222 0.65 0.475 0.65 0.477778 0.648438 0.480556 0.648438 0.497222 0.646875 0.5 0.646875 0.513889 0.645312 0.516667 0.646875 0.519444 0.646875 0.525 0.645312 0.527778 0.645312 0.55 0.646875 0.552778 0.646875 0.575 0.648438 0.577778 0.648438 0.588889 0.646875 0.591667 0.646875 0.594444 0.642187 0.602778 0.640625 0.602778 0.6375 0.608333 0.635938 0.608333 0.634375 0.611111 0.632812 0.611111 0.63125 0.613889 0.629687 0.613889 0.623438 0.625 0.621875 0.625 0.615625 0.636111 0.614062 0.636111 0.6125 0.638889 0.610937 0.638889 0.603125 0.652778 0.603125 0.655556 0.601562 0.658333 0.601562 0.661111 0.6 0.663889 0.6 0.666667 0.598437 0.669444 0.598437 0.672222 0.596875 0.675 0.596875 0.680556 0.595312 0.683333 0.595312 0.686111 0.59375 0.688889 0.59375 0.691667 0.590625 0.697222 0.590625 0.7 0.584375 0.711111 0.582812 0.711111 0.58125 0.713889 0.58125 0.716667 0.579687 0.719444 0.579687 0.722222 0.578125 0.725 0.578125 0.727778 0.571875 0.738889 0.571875 0.741667 0.570312 0.744444 0.570312 0.747222 0.56875 0.75 0.56875 0.752778 0.567187 0.755556 0.567187 0.761111 0.565625 0.763889 0.565625 0.766667 0.564062 0.769444 0.564062 0.772222 0.5625 0.775 0.5625 0.777778 0.560938 0.780556 0.560938 0.786111 0.559375 0.788889 0.559375 0.794444 0.557813 0.797222 0.557813 0.805556 0.55625 0.808333 0.55625 0.813889 0.554688 0.816667 0.554688 0.825 0.553125 0.827778 0.553125 0.830556 0.551562 0.833333 0.546875 0.833333 0.546875 0.988889 0.551562 0.988889 0.553125 0.991667 0.553125 1 0.901563 1 0.901563 0.916667 0.896875 0.916667 0.895312 0.913889 0.895312 0.911111 0.89375 0.908333 0.89375 0.902778 0.892187 0.9 0.892187 0.894444 0.890625 0.891667 0.890625 0.888889 0.889063 0.886111 0.889063 0.847222 0.890625 0.844444 0.890625 0.805556 0.889063 0.802778 0.889063 0.797222 0.8875 0.794444 0.8875 0.791667 0.878125 0.775 0.878125 0.772222 0.875 0.766667 0.875 0.763889 0.871875 0.758333 0.871875 0.755556 0.870313 0.752778 0.870313 0.75 0.86875 0.747222 0.86875 0.744444 0.865625 0.738889 0.865625 0.736111 0.85625 0.719444 0.85625 0.716667 0.851562 0.708333 0.851562 0.705556 0.848437 0.7 0.848437 0.697222 0.84375 0.688889 0.842188 0.688889 0.83125 0.669444 0.829687 0.669444 0.81875 0.65 0.817187 0.65 0.8125 0.641667 0.810938 0.641667 0.801562 0.625 0.8 0.625 0.79375 0.613889 0.792188 0.613889 0.790625 0.611111 0.789062 0.611111 0.7875 0.608333 0.785937 0.608333 0.784375 0.605556 0.782812 0.605556 0.78125 0.602778 0.779688 0.602778 0.778125 0.6 0.776563 0.6 0.775 0.597222 0.773438 0.597222 0.767187 0.586111 0.767187 0.583333 0.765625 0.580556 0.765625 0.577778 0.764063 0.575 0.764063 0.569444 0.7625 0.566667 0.7625 0.55 0.764063 0.547222 0.764063 0.530556 0.765625 0.527778 0.765625 0.522222 0.767187 0.519444 0.767187 0.513889 0.76875 0.511111 0.76875 0.486111 0.770312 0.483333 0.770312 0.463889 0.771875 0.461111 0.771875 0.438889 0.770312 0.436111 0.770312 0.425 0.76875 0.422222 0.76875 0.419444 0.767187 0.416667 0.767187 0.413889 0.765625 0.411111 0.765625 0.408333 0.764063 0.405556 0.764063 0.402778 0.757812 0.391667 0.75625 0.391667 0.751562 0.383333 0.751562 0.372222 0.933349
7 0.239063 0.561111 0.239063 0.558333 0.239063 0.561111 0.240625 0.572222 0.228125 0.572222 0.228125 0.791667 0.235938 0.791667 0.235938 0.780556 0.2375 0.777778 0.239063 0.777778 0.240625 0.775 0.25 0.775 0.251563 0.777778 0.253125 0.777778 0.254687 0.775 0.260938 0.775 0.2625 0.772222 0.265625 0.772222 0.267188 0.769444 0.26875 0.769444 0.270312 0.766667 0.276563 0.766667 0.278125 0.763889 0.2875 0.763889 0.289062 0.761111 0.298438 0.761111 0.3 0.758333 0.307813 0.758333 0.309375 0.755556 0.315625 0.755556 0.317187 0.752778 0.321875 0.752778 0.323438 0.755556 0.328125 0.755556 0.329688 0.752778 0.332812 0.752778 0.334375 0.75 0.342187 0.75 0.34375 0.747222 0.346875 0.747222 0.348437 0.744444 0.353125 0.744444 0.354688 0.741667 0.357812 0.741667 0.359375 0.738889 0.367188 0.738889 0.36875 0.741667 0.375 0.741667 0.376563 0.744444 0.389062 0.744444 0.390625 0.741667 0.396875 0.741667 0.398438 0.738889 0.4 0.738889 0.403125 0.733333 0.40625 0.733333 0.407813 0.730556 0.425 0.730556 0.426562 0.727778 0.43125 0.727778 0.432813 0.725 0.4375 0.725 0.439063 0.722222 0.44375 0.722222 0.445312 0.719444 0.446875 0.719444 0.448438 0.722222 0.457812 0.722222 0.459375 0.725 0.467187 0.725 0.46875 0.722222 0.470313 0.722222 0.473437 0.716667 0.475 0.716667 0.476562 0.713889 0.479688 0.713889 0.48125 0.711111 0.4875 0.711111 0.489062 0.713889 0.492188 0.713889 0.495313 0.719444 0.496875 0.719444 0.498437 0.722222 0.5 0.722222 0.501562 0.725 0.50625 0.725 0.507812 0.727778 0.514063 0.716667 0.520312 0.716667 0.520312 0.686111 0.515625 0.686111 0.5125 0.680556 0.5125 0.677778 0.510938 0.675 0.510938 0.647222 0.5125 0.644444 0.5125 0.630556 0.514063 0.627778 0.5125 0.625 0.5125 0.613889 0.510938 0.611111 0.510938 0.575 0.5125 0.572222 0.5125 0.563889 0.514063 0.561111 0.5125 0.558333 0.5125 0.544444 0.510938 0.541667 0.510938 0.527778 0.509375 0.525 0.509375 0.472222 0.4125 0.472222 0.4125 0.491667 0.407813 0.5 0.407813 0.502778 0.40625 0.505556 0.404687 0.505556 0.403125 0.508333 0.398438 0.508333 0.396875 0.511111 0.390625 0.511111 0.389062 0.513889 0.384375 0.513889 0.382812 0.511111 0.379687 0.511111 0.373437 0.5 0.373437 0.497222 0.371875 0.494444 0.371875 0.491667 0.370313 0.488889 0.370313 0.472222 0.2625 0.472222 0.2625 0.480556 0.260938 0.483333 0.260938 0.486111 0.257812 0.491667 0.257812 0.494444 0.25625 0.497222 0.25625 0.5 0.254687 0.502778 0.253125 0.502778 0.251563 0.505556 0.251563 0.513889 0.25 0.516667 0.246875 0.516667 0.246875 0.519444 0.248437 0.522222 0.248437 0.525 0.25 0.527778 0.25 0.530556 0.251563 0.533333 0.251563 0.536111 0.254687 0.536111 0.25625 0.533333 0.257812 0.533333 0.259375 0.530556 0.260938 0.530556 0.264062 0.525 0.265625 0.525 0.270312 0.533333 0.273438 0.533333 0.276563 0.527778 0.279687 0.533333 0.279687 0.544444 0.278125 0.547222 0.278125 0.55 0.276563 0.552778 0.273438 0.552778 0.271875 0.555556 0.2625 0.555556 0.259375 0.55 0.257812 0.552778 0.257812 0.569444 0.254687 0.575 0.242188 0.575 0.240625 0.572222 0.402044
