0 0.225 0.45 0.225 0.458333 0.221875 0.463889 0.21875 0.463889 0.217187 0.466667 0.215625 0.466667 0.214062 0.469444 0.2125 0.469444 0.210938 0.472222 0.209375 0.472222 0.204688 0.480556 0.203125 0.480556 0.195312 0.494444 0.195312 0.497222 0.19375 0.5 0.19375 0.502778 0.192188 0.505556 0.192188 0.508333 0.190625 0.511111 0.190625 0.513889 0.189063 0.516667 0.189063 0.519444 0.1875 0.522222 0.1875 0.525 0.185937 0.527778 0.185937 0.533333 0.184375 0.536111 0.184375 0.541667 0.182812 0.544444 0.182812 0.555556 0.18125 0.558333 0.18125 0.683333 0.182812 0.686111 0.182812 0.7 0.184375 0.702778 0.184375 0.711111 0.185937 0.713889 0.185937 0.744444 0.184375 0.747222 0.184375 0.75 0.182812 0.752778 0.182812 0.755556 0.18125 0.758333 0.18125 0.761111 0.179688 0.763889 0.179688 0.766667 0.176563 0.772222 0.176563 0.775 0.159375 0.805556 0.159375 0.808333 0.15 0.825 0.15 0.827778 0.134375 0.855556 0.134375 0.858333 0.129688 0.866667 0.129688 0.869444 0.128125 0.872222 0.128125 0.875 0.125 0.880556 0.125 0.883333 0.121875 0.888889 0.121875 0.891667 0.117188 0.9 0.117188 0.902778 0.114063 0.908333 0.114063 0.911111 0.1125 0.913889 0.1125 0.916667 0.110937 0.919444 0.110937 0.922222 0.109375 0.925 0.109375 0.927778 0.107813 0.930556 0.103125 0.930556 0.103125 1 0.389062 1 0.389062 0.977778 0.384375 0.977778 0.382812 0.975 0.382812 0.972222 0.379687 0.966667 0.379687 0.963889 0.370313 0.947222 0.370313 0.944444 0.364062 0.933333 0.364062 0.930556 0.3625 0.927778 0.360938 0.927778 0.351562 0.911111 0.35 0.911111 0.340625 0.894444 0.340625 0.891667 0.3375 0.886111 0.3375 0.883333 0.329688 0.869444 0.329688 0.866667 0.326562 0.861111 0.326562 0.858333 0.325 0.855556 0.325 0.825 0.328125 0.819444 0.328125 0.816667 0.329688 0.813889 0.329688 0.811111 0.33125 0.808333 0.33125 0.805556 0.348437 0.775 0.35 0.775 0.351562 0.772222 0.353125 0.772222 0.359375 0.761111 0.359375 0.758333 0.360938 0.755556 0.360938 0.736111 0.3625 0.733333 0.3625 0.727778 0.364062 0.725 0.364062 0.722222 0.365625 0.719444 0.365625 0.7 0.367188 0.697222 0.367188 0.672222 0.36875 0.669444 0.36875 0.666667 0.370313 0.663889 0.370313 0.661111 0.376563 0.65 0.376563 0.638889 0.375 0.636111 0.375 0.633333 0.371875 0.627778 0.371875 0.625 0.3625 0.608333 0.360938 0.608333 0.357812 0.602778 0.357812 0.6 0.351562 0.588889 0.351562 0.569444 0.35 0.566667 0.35 0.555556 0.348437 0.552778 0.348437 0.547222 0.346875 0.544444 0.346875 0.541667 0.345313 0.538889 0.345313 0.533333 0.34375 0.530556 0.34375 0.527778 0.342187 0.525 0.342187 0.522222 0.339063 0.516667 0.339063 0.513889 0.3375 0.511111 0.3375 0.508333 0.329688 0.494444 0.328125 0.494444 0.323438 0.486111 0.321875 0.486111 0.31875 0.480556 0.317187 0.480556 0.3125 0.472222 0.310937 0.472222 0.309375 0.469444 0.307813 0.469444 0.30625 0.466667 0.303125 0.466667 0.301562 0.463889 0.298438 0.463889 0.296875 0.461111 0.295312 0.461111 0.29375 0.458333 0.29375 0.45 0.901706
39 0.809375 0.705556 0.809375 0.802778 0.839063 0.802778 0.839063 0.744444 0.834375 0.744444 0.832812 0.741667 0.832812 0.738889 0.83125 0.736111 0.83125 0.727778 0.829687 0.725 0.829687 0.716667 0.828125 0.713889 0.828125 0.705556 0.291407
0 0.225 0.45 0.225 0.458333 0.221875 0.463889 0.21875 0.463889 0.217187 0.466667 0.215625 0.466667 0.214062 0.469444 0.2125 0.469444 0.210938 0.472222 0.209375 0.472222 0.204688 0.480556 0.203125 0.480556 0.195312 0.494444 0.195312 0.497222 0.19375 0.5 0.19375 0.502778 0.192188 0.505556 0.192188 0.508333 0.190625 0.511111 0.190625 0.513889 0.189063 0.516667 0.189063 0.519444 0.1875 0.522222 0.1875 0.525 0.185937 0.527778 0.185937 0.533333 0.184375 0.536111 0.184375 0.541667 0.182812 0.544444 0.182812 0.555556 0.18125 0.558333 0.18125 0.683333 0.182812 0.686111 0.182812 0.7 0.184375 0.702778 0.184375 0.711111 0.185937 0.713889 0.185937 0.744444 0.184375 0.747222 0.184375 0.75 0.182812 0.752778 0.182812 0.755556 0.18125 0.758333 0.18125 0.761111 0.179688 0.763889 0.179688 0.766667 0.176563 0.772222 0.176563 0.775 0.159375 0.805556 0.159375 0.808333 0.15 0.825 0.15 0.827778 0.134375 0.855556 0.134375 0.858333 0.129688 0.866667 0.129688 0.869444 0.128125 0.872222 0.128125 0.875 0.125 0.880556 0.125 0.883333 0.121875 0.888889 0.121875 0.891667 0.117188 0.9 0.117188 0.902778 0.114063 0.908333 0.114063 0.911111 0.1125 0.913889 0.1125 0.916667 0.110937 0.919444 0.110937 0.922222 0.109375 0.925 0.109375 0.927778 0.107813 0.930556 0.103125 0.930556 0.103125 1 0.389062 1 0.389062 0.977778 0.384375 0.977778 0.382812 0.975 0.382812 0.972222 0.379687 0.966667 0.379687 0.963889 0.370313 0.947222 0.370313 0.944444 0.364062 0.933333 0.364062 0.930556 0.3625 0.927778 0.360938 0.927778 0.351562 0.911111 0.35 0.911111 0.340625 0.894444 0.340625 0.891667 0.3375 0.886111 0.3375 0.883333 0.329688 0.869444 0.329688 0.866667 0.326562 0.861111 0.326562 0.858333 0.325 0.855556 0.325 0.825 0.328125 0.819444 0.328125 0.816667 0.329688 0.813889 0.329688 0.811111 0.33125 0.808333 0.33125 0.805556 0.348437 0.775 0.35 0.775 0.351562 0.772222 0.353125 0.772222 0.359375 0.761111 0.359375 0.758333 0.360938 0.755556 0.360938 0.736111 0.3625 0.733333 0.3625 0.727778 0.364062 0.725 0.364062 0.722222 0.365625 0.719444 0.365625 0.7 0.367188 0.697222 0.367188 0.672222 0.36875 0.669444 0.36875 0.666667 0.370313 0.663889 0.370313 0.661111 0.376563 0.65 0.376563 0.638889 0.375 0.636111 0.375 0.633333 0.371875 0.627778 0.371875 0.625 0.3625 0.608333 0.360938 0.608333 0.357812 0.602778 0.357812 0.6 0.351562 0.588889 0.351562 0.569444 0.35 0.566667 0.35 0.555556 0.348437 0.552778 0.348437 0.547222 0.346875 0.544444 0.346875 0.541667 0.345313 0.538889 0.345313 0.533333 0.34375 0.530556 0.34375 0.527778 0.342187 0.525 0.342187 0.522222 0.339063 0.516667 0.339063 0.513889 0.3375 0.511111 0.3375 0.508333 0.329688 0.494444 0.328125 0.494444 0.323438 0.486111 0.321875 0.486111 0.31875 0.480556 0.317187 0.480556 0.3125 0.472222 0.310937 0.472222 0.309375 0.469444 0.307813 0.469444 0.30625 0.466667 0.303125 0.466667 0.301562 0.463889 0.298438 0.463889 0.296875 0.461111 0.295312 0.461111 0.29375 0.458333 0.29375 0.45 0.901706
39 0.809375 0.705556 0.809375 0.802778 0.839063 0.802778 0.839063 0.744444 0.834375 0.744444 0.832812 0.741667 0.832812 0.738889 0.83125 0.736111 0.83125 0.727778 0.829687 0.725 0.829687 0.716667 0.828125 0.713889 0.828125 0.705556 0.291407
0 0.225 0.45 0.225 0.458333 0.221875 0.463889 0.21875 0.463889 0.217187 0.466667 0.215625 0.466667 0.214062 0.469444 0.2125 0.469444 0.210938 0.472222 0.209375 0.472222 0.204688 0.480556 0.203125 0.480556 0.195312 0.494444 0.195312 0.497222 0.19375 0.5 0.19375 0.502778 0.192188 0.505556 0.192188 0.508333 0.190625 0.511111 0.190625 0.513889 0.189063 0.516667 0.189063 0.519444 0.1875 0.522222 0.1875 0.525 0.185937 0.527778 0.185937 0.533333 0.184375 0.536111 0.184375 0.541667 0.182812 0.544444 0.182812 0.555556 0.18125 0.558333 0.18125 0.683333 0.182812 0.686111 0.182812 0.7 0.184375 0.702778 0.184375 0.711111 0.185937 0.713889 0.185937 0.744444 0.184375 0.747222 0.184375 0.75 0.182812 0.752778 0.182812 0.755556 0.18125 0.758333 0.18125 0.761111 0.179688 0.763889 0.179688 0.766667 0.176563 0.772222 0.176563 0.775 0.159375 0.805556 0.159375 0.808333 0.15 0.825 0.15 0.827778 0.134375 0.855556 0.134375 0.858333 0.129688 0.866667 0.129688 0.869444 0.128125 0.872222 0.128125 0.875 0.125 0.880556 0.125 0.883333 0.121875 0.888889 0.121875 0.891667 0.117188 0.9 0.117188 0.902778 0.114063 0.908333 0.114063 0.911111 0.1125 0.913889 0.1125 0.916667 0.110937 0.919444 0.110937 0.922222 0.109375 0.925 0.109375 0.927778 0.107813 0.930556 0.103125 0.930556 0.103125 1 0.389062 1 0.389062 0.977778 0.384375 0.977778 0.382812 0.975 0.382812 0.972222 0.379687 0.966667 0.379687 0.963889 0.370313 0.947222 0.370313 0.944444 0.364062 0.933333 0.364062 0.930556 0.3625 0.927778 0.360938 0.927778 0.351562 0.911111 0.35 0.911111 0.340625 0.894444 0.340625 0.891667 0.3375 0.886111 0.3375 0.883333 0.329688 0.869444 0.329688 0.866667 0.326562 0.861111 0.326562 0.858333 0.325 0.855556 0.325 0.825 0.328125 0.819444 0.328125 0.816667 0.329688 0.813889 0.329688 0.811111 0.33125 0.808333 0.33125 0.805556 0.348437 0.775 0.35 0.775 0.351562 0.772222 0.353125 0.772222 0.359375 0.761111 0.359375 0.758333 0.360938 0.755556 0.360938 0.736111 0.3625 0.733333 0.3625 0.727778 0.364062 0.725 0.364062 0.722222 0.365625 0.719444 0.365625 0.7 0.367188 0.697222 0.367188 0.672222 0.36875 0.669444 0.36875 0.666667 0.370313 0.663889 0.370313 0.661111 0.376563 0.65 0.376563 0.638889 0.375 0.636111 0.375 0.633333 0.371875 0.627778 0.371875 0.625 0.3625 0.608333 0.360938 0.608333 0.357812 0.602778 0.357812 0.6 0.351562 0.588889 0.351562 0.569444 0.35 0.566667 0.35 0.555556 0.348437 0.552778 0.348437 0.547222 0.346875 0.544444 0.346875 0.541667 0.345313 0.538889 0.345313 0.533333 0.34375 0.530556 0.34375 0.527778 0.342187 0.525 0.342187 0.522222 0.339063 0.516667 0.339063 0.513889 0.3375 0.511111 0.3375 0.508333 0.329688 0.494444 0.328125 0.494444 0.323438 0.486111 0.321875 0.486111 0.31875 0.480556 0.317187 0.480556 0.3125 0.472222 0.310937 0.472222 0.309375 0.469444 0.307813 0.469444 0.30625 0.466667 0.303125 0.466667 0.301562 0.463889 0.298438 0.463889 0.296875 0.461111 0.295312 0.461111 0.29375 0.458333 0.29375 0.45 0.901706
39 0.809375 0.705556 0.809375 0.802778 0.839063 0.802778 0.839063 0.744444 0.834375 0.744444 0.832812 0.741667 0.832812 0.738889 0.83125 0.736111 0.83125 0.727778 0.829687 0.725 0.829687 0.716667 0.828125 0.713889 0.828125 0.705556 0.291407
0 0.225 0.45 0.225 0.458333 0.221875 0.463889 0.21875 0.463889 0.217187 0.466667 0.215625 0.466667 0.214062 0.469444 0.2125 0.469444 0.210938 0.472222 0.209375 0.472222 0.204688 0.480556 0.203125 0.480556 0.195312 0.494444 0.195312 0.497222 0.19375 0.5 0.19375 0.502778 0.192188 0.505556 0.192188 0.508333 0.190625 0.511111 0.190625 0.513889 0.189063 0.516667 0.189063 0.519444 0.1875 0.522222 0.1875 0.525 0.185937 0.527778 0.185937 0.533333 0.184375 0.536111 0.184375 0.541667 0.182812 0.544444 0.182812 0.555556 0.18125 0.558333 0.18125 0.683333 0.182812 0.686111 0.182812 0.7 0.184375 0.702778 0.184375 0.711111 0.185937 0.713889 0.185937 0.744444 0.184375 0.747222 0.184375 0.75 0.182812 0.752778 0.182812 0.755556 0.18125 0.758333 0.18125 0.761111 0.179688 0.763889 0.179688 0.766667 0.176563 0.772222 0.176563 0.775 0.159375 0.805556 0.159375 0.808333 0.15 0.825 0.15 0.827778 0.134375 0.855556 0.134375 0.858333 0.129688 0.866667 0.129688 0.869444 0.128125 0.872222 0.128125 0.875 0.125 0.880556 0.125 0.883333 0.121875 0.888889 0.121875 0.891667 0.117188 0.9 0.117188 0.902778 0.114063 0.908333 0.114063 0.911111 0.1125 0.913889 0.1125 0.916667 0.110937 0.919444 0.110937 0.922222 0.109375 0.925 0.109375 0.927778 0.107813 0.930556 0.103125 0.930556 0.103125 1 0.389062 1 0.389062 0.977778 0.384375 0.977778 0.382812 0.975 0.382812 0.972222 0.379687 0.966667 0.379687 0.963889 0.370313 0.947222 0.370313 0.944444 0.364062 0.933333 0.364062 0.930556 0.3625 0.927778 0.360938 0.927778 0.351562 0.911111 0.35 0.911111 0.340625 0.894444 0.340625 0.891667 0.3375 0.886111 0.3375 0.883333 0.329688 0.869444 0.329688 0.866667 0.326562 0.861111 0.326562 0.858333 0.325 0.855556 0.325 0.825 0.328125 0.819444 0.328125 0.816667 0.329688 0.813889 0.329688 0.811111 0.33125 0.808333 0.33125 0.805556 0.348437 0.775 0.35 0.775 0.351562 0.772222 0.353125 0.772222 0.359375 0.761111 0.359375 0.758333 0.360938 0.755556 0.360938 0.736111 0.3625 0.733333 0.3625 0.727778 0.364062 0.725 0.364062 0.722222 0.365625 0.719444 0.365625 0.7 0.367188 0.697222 0.367188 0.672222 0.36875 0.669444 0.36875 0.666667 0.370313 0.663889 0.370313 0.661111 0.376563 0.65 0.376563 0.638889 0.375 0.636111 0.375 0.633333 0.371875 0.627778 0.371875 0.625 0.3625 0.608333 0.360938 0.608333 0.357812 0.602778 0.357812 0.6 0.351562 0.588889 0.351562 0.569444 0.35 0.566667 0.35 0.555556 0.348437 0.552778 0.348437 0.547222 0.346875 0.544444 0.346875 0.541667 0.345313 0.538889 0.345313 0.533333 0.34375 0.530556 0.34375 0.527778 0.342187 0.525 0.342187 0.522222 0.339063 0.516667 0.339063 0.513889 0.3375 0.511111 0.3375 0.508333 0.329688 0.494444 0.328125 0.494444 0.323438 0.486111 0.321875 0.486111 0.31875 0.480556 0.317187 0.480556 0.3125 0.472222 0.310937 0.472222 0.309375 0.469444 0.307813 0.469444 0.30625 0.466667 0.303125 0.466667 0.301562 0.463889 0.298438 0.463889 0.296875 0.461111 0.295312 0.461111 0.29375 0.458333 0.29375 0.45 0.901706
39 0.809375 0.705556 0.809375 0.802778 0.839063 0.802778 0.839063 0.744444 0.834375 0.744444 0.832812 0.741667 0.832812 0.738889 0.83125 0.736111 0.83125 0.727778 0.829687 0.725 0.829687 0.716667 0.828125 0.713889 0.828125 0.705556 0.291407
0 0.225 0.45 0.225 0.458333 0.221875 0.463889 0.21875 0.463889 0.217187 0.466667 0.215625 0.466667 0.214062 0.469444 0.2125 0.469444 0.210938 0.472222 0.209375 0.472222 0.204688 0.480556 0.203125 0.480556 0.195312 0.494444 0.195312 0.497222 0.19375 0.5 0.19375 0.502778 0.192188 0.505556 0.192188 0.508333 0.190625 0.511111 0.190625 0.513889 0.189063 0.516667 0.189063 0.519444 0.1875 0.522222 0.1875 0.525 0.185937 0.527778 0.185937 0.533333 0.184375 0.536111 0.184375 0.541667 0.182812 0.544444 0.182812 0.555556 0.18125 0.558333 0.18125 0.683333 0.182812 0.686111 0.182812 0.7 0.184375 0.702778 0.184375 0.711111 0.185937 0.713889 0.185937 0.744444 0.184375 0.747222 0.184375 0.75 0.182812 0.752778 0.182812 0.755556 0.18125 0.758333 0.18125 0.761111 0.179688 0.763889 0.179688 0.766667 0.176563 0.772222 0.176563 0.775 0.159375 0.805556 0.159375 0.808333 0.15 0.825 0.15 0.827778 0.134375 0.855556 0.134375 0.858333 0.129688 0.866667 0.129688 0.869444 0.128125 0.872222 0.128125 0.875 0.125 0.880556 0.125 0.883333 0.121875 0.888889 0.121875 0.891667 0.117188 0.9 0.117188 0.902778 0.114063 0.908333 0.114063 0.911111 0.1125 0.913889 0.1125 0.916667 0.110937 0.919444 0.110937 0.922222 0.109375 0.925 0.109375 0.927778 0.107813 0.930556 0.103125 0.930556 0.103125 1 0.389062 1 0.389062 0.977778 0.384375 0.977778 0.382812 0.975 0.382812 0.972222 0.379687 0.966667 0.379687 0.963889 0.370313 0.947222 0.370313 0.944444 0.364062 0.933333 0.364062 0.930556 0.3625 0.927778 0.360938 0.927778 0.351562 0.911111 0.35 0.911111 0.340625 0.894444 0.340625 0.891667 0.3375 0.886111 0.3375 0.883333 0.329688 0.869444 0.329688 0.866667 0.326562 0.861111 0.326562 0.858333 0.325 0.855556 0.325 0.825 0.328125 0.819444 0.328125 0.816667 0.329688 0.813889 0.329688 0.811111 0.33125 0.808333 0.33125 0.805556 0.348437 0.775 0.35 0.775 0.351562 0.772222 0.353125 0.772222 0.359375 0.761111 0.359375 0.758333 0.360938 0.755556 0.360938 0.736111 0.3625 0.733333 0.3625 0.727778 0.364062 0.725 0.364062 0.722222 0.365625 0.719444 0.365625 0.7 0.367188 0.697222 0.367188 0.672222 0.36875 0.669444 0.36875 0.666667 0.370313 0.663889 0.370313 0.661111 0.376563 0.65 0.376563 0.638889 0.375 0.636111 0.375 0.633333 0.371875 0.627778 0.371875 0.625 0.3625 0.608333 0.360938 0.608333 0.357812 0.602778 0.357812 0.6 0.351562 0.588889 0.351562 0.569444 0.35 0.566667 0.35 0.555556 0.348437 0.552778 0.348437 0.547222 0.346875 0.544444 0.346875 0.541667 0.345313 0.538889 0.345313 0.533333 0.34375 0.530556 0.34375 0.527778 0.342187 0.525 0.342187 0.522222 0.339063 0.516667 0.339063 0.513889 0.3375 0.511111 0.3375 0.508333 0.329688 0.494444 0.328125 0.494444 0.323438 0.486111 0.321875 0.486111 0.31875 0.480556 0.317187 0.480556 0.3125 0.472222 0.310937 0.472222 0.309375 0.469444 0.307813 0.469444 0.30625 0.466667 0.303125 0.466667 0.301562 0.463889 0.298438 0.463889 0.296875 0.461111 0.295312 0.461111 0.29375 0.458333 0.29375 0.45 0.901706
39 0.809375 0.705556 0.809375 0.802778 0.839063 0.802778 0.839063 0.744444 0.834375 0.744444 0.832812 0.741667 0.832812 0.738889 0.83125 0.736111 0.83125 0.727778 0.829687 0.725 0.829687 0.716667 0.828125 0.713889 0.828125 0.705556 0.291407
0 0.225 0.45 0.225 0.458333 0.221875 0.463889 0.21875 0.463889 0.217187 0.466667 0.215625 0.466667 0.214062 0.469444 0.2125 0.469444 0.210938 0.472222 0.209375 0.472222 0.204688 0.480556 0.203125 0.480556 0.195312 0.494444 0.195312 0.497222 0.19375 0.5 0.19375 0.502778 0.192188 0.505556 0.192188 0.508333 0.190625 0.511111 0.190625 0.513889 0.189063 0.516667 0.189063 0.519444 0.1875 0.522222 0.1875 0.525 0.185937 0.527778 0.185937 0.533333 0.184375 0.536111 0.184375 0.541667 0.182812 0.544444 0.182812 0.555556 0.18125 0.558333 0.18125 0.683333 0.182812 0.686111 0.182812 0.7 0.184375 0.702778 0.184375 0.711111 0.185937 0.713889 0.185937 0.744444 0.184375 0.747222 0.184375 0.75 0.182812 0.752778 0.182812 0.755556 0.18125 0.758333 0.18125 0.761111 0.179688 0.763889 0.179688 0.766667 0.176563 0.772222 0.176563 0.775 0.159375 0.805556 0.159375 0.808333 0.15 0.825 0.15 0.827778 0.134375 0.855556 0.134375 0.858333 0.129688 0.866667 0.129688 0.869444 0.128125 0.872222 0.128125 0.875 0.125 0.880556 0.125 0.883333 0.121875 0.888889 0.121875 0.891667 0.117188 0.9 0.117188 0.902778 0.114063 0.908333 0.114063 0.911111 0.1125 0.913889 0.1125 0.916667 0.110937 0.919444 0.110937 0.922222 0.109375 0.925 0.109375 0.927778 0.107813 0.930556 0.103125 0.930556 0.103125 1 0.389062 1 0.389062 0.977778 0.384375 0.977778 0.382812 0.975 0.382812 0.972222 0.379687 0.966667 0.379687 0.963889 0.370313 0.947222 0.370313 0.944444 0.364062 0.933333 0.364062 0.930556 0.3625 0.927778 0.360938 0.927778 0.351562 0.911111 0.35 0.911111 0.340625 0.894444 0.340625 0.891667 0.3375 0.886111 0.3375 0.883333 0.329688 0.869444 0.329688 0.866667 0.326562 0.861111 0.326562 0.858333 0.325 0.855556 0.325 0.825 0.328125 0.819444 0.328125 0.816667 0.329688 0.813889 0.329688 0.811111 0.33125 0.808333 0.33125 0.805556 0.348437 0.775 0.35 0.775 0.351562 0.772222 0.353125 0.772222 0.359375 0.761111 0.359375 0.758333 0.360938 0.755556 0.360938 0.736111 0.3625 0.733333 0.3625 0.727778 0.364062 0.725 0.364062 0.722222 0.365625 0.719444 0.365625 0.7 0.367188 0.697222 0.367188 0.672222 0.36875 0.669444 0.36875 0.666667 0.370313 0.663889 0.370313 0.661111 0.376563 0.65 0.376563 0.638889 0.375 0.636111 0.375 0.633333 0.371875 0.627778 0.371875 0.625 0.3625 0.608333 0.360938 0.608333 0.357812 0.602778 0.357812 0.6 0.351562 0.588889 0.351562 0.569444 0.35 0.566667 0.35 0.555556 0.348437 0.552778 0.348437 0.547222 0.346875 0.544444 0.346875 0.541667 0.345313 0.538889 0.345313 0.533333 0.34375 0.530556 0.34375 0.527778 0.342187 0.525 0.342187 0.522222 0.339063 0.516667 0.339063 0.513889 0.3375 0.511111 0.3375 0.508333 0.329688 0.494444 0.328125 0.494444 0.323438 0.486111 0.321875 0.486111 0.31875 0.480556 0.317187 0.480556 0.3125 0.472222 0.310937 0.472222 0.309375 0.469444 0.307813 0.469444 0.30625 0.466667 0.303125 0.466667 0.301562 0.463889 0.298438 0.463889 0.296875 0.461111 0.295312 0.461111 0.29375 0.458333 0.29375 0.45 0.901706
39 0.809375 0.705556 0.809375 0.802778 0.839063 0.802778 0.839063 0.744444 0.834375 0.744444 0.832812 0.741667 0.832812 0.738889 0.83125 0.736111 0.83125 0.727778 0.829687 0.725 0.829687 0.716667 0.828125 0.713889 0.828125 0.705556 0.291407
0 0.225 0.45 0.225 0.458333 0.221875 0.463889 0.21875 0.463889 0.217187 0.466667 0.215625 0.466667 0.214062 0.469444 0.2125 0.469444 0.210938 0.472222 0.209375 0.472222 0.204688 0.480556 0.203125 0.480556 0.195312 0.494444 0.195312 0.497222 0.19375 0.5 0.19375 0.502778 0.192188 0.505556 0.192188 0.508333 0.190625 0.511111 0.190625 0.513889 0.189063 0.516667 0.189063 0.519444 0.1875 0.522222 0.1875 0.525 0.185937 0.527778 0.185937 0.533333 0.184375 0.536111 0.184375 0.541667 0.182812 0.544444 0.182812 0.555556 0.18125 0.558333 0.18125 0.683333 0.182812 0.686111 0.182812 0.7 0.184375 0.702778 0.184375 0.711111 0.185937 0.713889 0.185937 0.744444 0.184375 0.747222 0.184375 0.75 0.182812 0.752778 0.182812 0.755556 0.18125 0.758333 0.18125 0.761111 0.179688 0.763889 0.179688 0.766667 0.176563 0.772222 0.176563 0.775 0.159375 0.805556 0.159375 0.808333 0.15 0.825 0.15 0.827778 0.134375 0.855556 0.134375 0.858333 0.129688 0.866667 0.129688 0.869444 0.128125 0.872222 0.128125 0.875 0.125 0.880556 0.125 0.883333 0.121875 0.888889 0.121875 0.891667 0.117188 0.9 0.117188 0.902778 0.114063 0.908333 0.114063 0.911111 0.1125 0.913889 0.1125 0.916667 0.110937 0.919444 0.110937 0.922222 0.109375 0.925 0.109375 0.927778 0.107813 0.930556 0.103125 0.930556 0.103125 1 0.389062 1 0.389062 0.977778 0.384375 0.977778 0.382812 0.975 0.382812 0.972222 0.379687 0.966667 0.379687 0.963889 0.370313 0.947222 0.370313 0.944444 0.364062 0.933333 0.364062 0.930556 0.3625 0.927778 0.360938 0.927778 0.351562 0.911111 0.35 0.911111 0.340625 0.894444 0.340625 0.891667 0.3375 0.886111 0.3375 0.883333 0.329688 0.869444 0.329688 0.866667 0.326562 0.861111 0.326562 0.858333 0.325 0.855556 0.325 0.825 0.328125 0.819444 0.328125 0.816667 0.329688 0.813889 0.329688 0.811111 0.33125 0.808333 0.33125 0.805556 0.348437 0.775 0.35 0.775 0.351562 0.772222 0.353125 0.772222 0.359375 0.761111 0.359375 0.758333 0.360938 0.755556 0.360938 0.736111 0.3625 0.733333 0.3625 0.727778 0.364062 0.725 0.364062 0.722222 0.365625 0.719444 0.365625 0.7 0.367188 0.697222 0.367188 0.672222 0.36875 0.669444 0.36875 0.666667 0.370313 0.663889 0.370313 0.661111 0.376563 0.65 0.376563 0.638889 0.375 0.636111 0.375 0.633333 0.371875 0.627778 0.371875 0.625 0.3625 0.608333 0.360938 0.608333 0.357812 0.602778 0.357812 0.6 0.351562 0.588889 0.351562 0.569444 0.35 0.566667 0.35 0.555556 0.348437 0.552778 0.348437 0.547222 0.346875 0.544444 0.346875 0.541667 0.345313 0.538889 0.345313 0.533333 0.34375 0.530556 0.34375 0.527778 0.342187 0.525 0.342187 0.522222 0.339063 0.516667 0.339063 0.513889 0.3375 0.511111 0.3375 0.508333 0.329688 0.494444 0.328125 0.494444 0.323438 0.486111 0.321875 0.486111 0.31875 0.480556 0.317187 0.480556 0.3125 0.472222 0.310937 0.472222 0.309375 0.469444 0.307813 0.469444 0.30625 0.466667 0.303125 0.466667 0.301562 0.463889 0.298438 0.463889 0.296875 0.461111 0.295312 0.461111 0.29375 0.458333 0.29375 0.45 0.901706
39 0.809375 0.705556 0.809375 0.802778 0.839063 0.802778 0.839063 0.744444 0.834375 0.744444 0.832812 0.741667 0.832812 0.738889 0.83125 0.736111 0.83125 0.727778 0.829687 0.725 0.829687 0.716667 0.828125 0.713889 0.828125 0.705556 0.291407
