67 0.334375 0.00555556 0.334375 0.227778 0.339063 0.227778 0.342187 0.233333 0.342187 0.236111 0.345313 0.241667 0.346875 0.241667 0.351562 0.25 0.351562 0.258333 0.484375 0.258333 0.484375 0.25 0.485938 0.247222 0.509375 0.247222 0.510938 0.244444 0.523438 0.244444 0.525 0.241667 0.567187 0.241667 0.56875 0.238889 0.590625 0.238889 0.592188 0.236111 0.596875 0.236111 0.598437 0.233333 0.6 0.233333 0.601562 0.230556 0.603125 0.230556 0.609375 0.219444 0.609375 0.216667 0.610937 0.213889 0.610937 0.208333 0.6125 0.205556 0.6125 0.183333 0.614062 0.180556 0.614062 0.155556 0.6125 0.152778 0.6125 0.0555556 0.610937 0.0527778 0.610937 0.025 0.6125 0.0222222 0.6125 0.00555556 0.507726
67 0.340625 0.461111 0.340625 0.533333 0.345313 0.533333 0.346875 0.536111 0.346875 0.572222 0.348437 0.575 0.348437 0.597222 0.35 0.6 0.35 0.613889 0.351562 0.616667 0.351562 0.619444 0.353125 0.622222 0.353125 0.625 0.354688 0.627778 0.354688 0.630556 0.35625 0.633333 0.35625 0.636111 0.360938 0.644444 0.360938 0.647222 0.3625 0.65 0.3625 0.652778 0.364062 0.655556 0.364062 0.661111 0.365625 0.663889 0.365625 0.666667 0.367188 0.669444 0.367188 0.713889 0.365625 0.716667 0.365625 0.738889 0.364062 0.741667 0.364062 0.769444 0.3625 0.772222 0.3625 0.808333 0.360938 0.811111 0.360938 0.822222 0.359375 0.825 0.359375 0.847222 0.357812 0.85 0.357812 0.866667 0.35625 0.869444 0.35625 0.883333 0.354688 0.886111 0.354688 0.891667 0.353125 0.894444 0.353125 0.9 0.351562 0.902778 0.351562 0.913889 0.35 0.916667 0.35 0.927778 0.348437 0.930556 0.348437 0.938889 0.346875 0.941667 0.340625 0.941667 0.340625 1 0.632812 1 0.632812 0.994444 0.63125 0.991667 0.63125 0.983333 0.629687 0.980556 0.629687 0.972222 0.628125 0.969444 0.628125 0.966667 0.626562 0.963889 0.626562 0.958333 0.625 0.955556 0.625 0.95 0.623438 0.947222 0.623438 0.938889 0.621875 0.936111 0.621875 0.933333 0.620313 0.930556 0.620313 0.925 0.61875 0.922222 0.61875 0.919444 0.617188 0.916667 0.617188 0.908333 0.615625 0.905556 0.615625 0.897222 0.614062 0.894444 0.614062 0.877778 0.6125 0.875 0.6125 0.858333 0.610937 0.855556 0.610937 0.838889 0.609375 0.836111 0.609375 0.819444 0.607813 0.816667 0.607813 0.794444 0.60625 0.791667 0.60625 0.769444 0.604688 0.766667 0.604688 0.744444 0.603125 0.741667 0.603125 0.725 0.601562 0.722222 0.601562 0.711111 0.6 0.708333 0.6 0.661111 0.601562 0.658333 0.601562 0.652778 0.603125 0.65 0.603125 0.647222 0.604688 0.644444 0.604688 0.641667 0.60625 0.638889 0.60625 0.633333 0.607813 0.630556 0.607813 0.627778 0.609375 0.625 0.609375 0.616667 0.610937 0.613889 0.610937 0.591667 0.6125 0.588889 0.6125 0.55 0.610937 0.547222 0.610937 0.508333 0.609375 0.505556 0.609375 0.461111 0.29351
56 0.826563 0.761111 0.826563 0.769444 0.825 0.772222 0.817187 0.772222 0.815625 0.775 0.796875 0.775 0.795313 0.777778 0.778125 0.777778 0.776563 0.780556 0.7625 0.780556 0.760938 0.783333 0.746875 0.783333 0.745313 0.786111 0.729688 0.786111 0.728125 0.788889 0.71875 0.788889 0.717188 0.791667 0.709375 0.791667 0.707812 0.794444 0.698438 0.794444 0.696875 0.797222 0.6875 0.797222 0.685938 0.8 0.676562 0.8 0.675 0.802778 0.665625 0.802778 0.664062 0.805556 0.659375 0.805556 0.657812 0.808333 0.65625 0.808333 0.654688 0.811111 0.653125 0.811111 0.651563 0.813889 0.65 0.813889 0.648438 0.816667 0.646875 0.816667 0.642187 0.825 0.640625 0.825 0.632812 0.838889 0.628125 0.838889 0.628125 0.991667 0.998438 0.991667 0.998438 0.761111 0.267421
67 0.334375 0.00555556 0.334375 0.227778 0.339063 0.227778 0.342187 0.233333 0.342187 0.236111 0.345313 0.241667 0.346875 0.241667 0.351562 0.25 0.351562 0.258333 0.484375 0.258333 0.484375 0.25 0.485938 0.247222 0.509375 0.247222 0.510938 0.244444 0.523438 0.244444 0.525 0.241667 0.567187 0.241667 0.56875 0.238889 0.590625 0.238889 0.592188 0.236111 0.596875 0.236111 0.598437 0.233333 0.6 0.233333 0.601562 0.230556 0.603125 0.230556 0.609375 0.219444 0.609375 0.216667 0.610937 0.213889 0.610937 0.208333 0.6125 0.205556 0.6125 0.183333 0.614062 0.180556 0.614062 0.155556 0.6125 0.152778 0.6125 0.0555556 0.610937 0.0527778 0.610937 0.025 0.6125 0.0222222 0.6125 0.00555556 0.507726
67 0.340625 0.461111 0.340625 0.533333 0.345313 0.533333 0.346875 0.536111 0.346875 0.572222 0.348437 0.575 0.348437 0.597222 0.35 0.6 0.35 0.613889 0.351562 0.616667 0.351562 0.619444 0.353125 0.622222 0.353125 0.625 0.354688 0.627778 0.354688 0.630556 0.35625 0.633333 0.35625 0.636111 0.360938 0.644444 0.360938 0.647222 0.3625 0.65 0.3625 0.652778 0.364062 0.655556 0.364062 0.661111 0.365625 0.663889 0.365625 0.666667 0.367188 0.669444 0.367188 0.713889 0.365625 0.716667 0.365625 0.738889 0.364062 0.741667 0.364062 0.769444 0.3625 0.772222 0.3625 0.808333 0.360938 0.811111 0.360938 0.822222 0.359375 0.825 0.359375 0.847222 0.357812 0.85 0.357812 0.866667 0.35625 0.869444 0.35625 0.883333 0.354688 0.886111 0.354688 0.891667 0.353125 0.894444 0.353125 0.9 0.351562 0.902778 0.351562 0.913889 0.35 0.916667 0.35 0.927778 0.348437 0.930556 0.348437 0.938889 0.346875 0.941667 0.340625 0.941667 0.340625 1 0.632812 1 0.632812 0.994444 0.63125 0.991667 0.63125 0.983333 0.629687 0.980556 0.629687 0.972222 0.628125 0.969444 0.628125 0.966667 0.626562 0.963889 0.626562 0.958333 0.625 0.955556 0.625 0.95 0.623438 0.947222 0.623438 0.938889 0.621875 0.936111 0.621875 0.933333 0.620313 0.930556 0.620313 0.925 0.61875 0.922222 0.61875 0.919444 0.617188 0.916667 0.617188 0.908333 0.615625 0.905556 0.615625 0.897222 0.614062 0.894444 0.614062 0.877778 0.6125 0.875 0.6125 0.858333 0.610937 0.855556 0.610937 0.838889 0.609375 0.836111 0.609375 0.819444 0.607813 0.816667 0.607813 0.794444 0.60625 0.791667 0.60625 0.769444 0.604688 0.766667 0.604688 0.744444 0.603125 0.741667 0.603125 0.725 0.601562 0.722222 0.601562 0.711111 0.6 0.708333 0.6 0.661111 0.601562 0.658333 0.601562 0.652778 0.603125 0.65 0.603125 0.647222 0.604688 0.644444 0.604688 0.641667 0.60625 0.638889 0.60625 0.633333 0.607813 0.630556 0.607813 0.627778 0.609375 0.625 0.609375 0.616667 0.610937 0.613889 0.610937 0.591667 0.6125 0.588889 0.6125 0.55 0.610937 0.547222 0.610937 0.508333 0.609375 0.505556 0.609375 0.461111 0.29351
56 0.826563 0.761111 0.826563 0.769444 0.825 0.772222 0.817187 0.772222 0.815625 0.775 0.796875 0.775 0.795313 0.777778 0.778125 0.777778 0.776563 0.780556 0.7625 0.780556 0.760938 0.783333 0.746875 0.783333 0.745313 0.786111 0.729688 0.786111 0.728125 0.788889 0.71875 0.788889 0.717188 0.791667 0.709375 0.791667 0.707812 0.794444 0.698438 0.794444 0.696875 0.797222 0.6875 0.797222 0.685938 0.8 0.676562 0.8 0.675 0.802778 0.665625 0.802778 0.664062 0.805556 0.659375 0.805556 0.657812 0.808333 0.65625 0.808333 0.654688 0.811111 0.653125 0.811111 0.651563 0.813889 0.65 0.813889 0.648438 0.816667 0.646875 0.816667 0.642187 0.825 0.640625 0.825 0.632812 0.838889 0.628125 0.838889 0.628125 0.991667 0.998438 0.991667 0.998438 0.761111 0.267421
67 0.334375 0.00555556 0.334375 0.227778 0.339063 0.227778 0.342187 0.233333 0.342187 0.236111 0.345313 0.241667 0.346875 0.241667 0.351562 0.25 0.351562 0.258333 0.484375 0.258333 0.484375 0.25 0.485938 0.247222 0.509375 0.247222 0.510938 0.244444 0.523438 0.244444 0.525 0.241667 0.567187 0.241667 0.56875 0.238889 0.590625 0.238889 0.592188 0.236111 0.596875 0.236111 0.598437 0.233333 0.6 0.233333 0.601562 0.230556 0.603125 0.230556 0.609375 0.219444 0.609375 0.216667 0.610937 0.213889 0.610937 0.208333 0.6125 0.205556 0.6125 0.183333 0.614062 0.180556 0.614062 0.155556 0.6125 0.152778 0.6125 0.0555556 0.610937 0.0527778 0.610937 0.025 0.6125 0.0222222 0.6125 0.00555556 0.507726
67 0.340625 0.461111 0.340625 0.533333 0.345313 0.533333 0.346875 0.536111 0.346875 0.572222 0.348437 0.575 0.348437 0.597222 0.35 0.6 0.35 0.613889 0.351562 0.616667 0.351562 0.619444 0.353125 0.622222 0.353125 0.625 0.354688 0.627778 0.354688 0.630556 0.35625 0.633333 0.35625 0.636111 0.360938 0.644444 0.360938 0.647222 0.3625 0.65 0.3625 0.652778 0.364062 0.655556 0.364062 0.661111 0.365625 0.663889 0.365625 0.666667 0.367188 0.669444 0.367188 0.713889 0.365625 0.716667 0.365625 0.738889 0.364062 0.741667 0.364062 0.769444 0.3625 0.772222 0.3625 0.808333 0.360938 0.811111 0.360938 0.822222 0.359375 0.825 0.359375 0.847222 0.357812 0.85 0.357812 0.866667 0.35625 0.869444 0.35625 0.883333 0.354688 0.886111 0.354688 0.891667 0.353125 0.894444 0.353125 0.9 0.351562 0.902778 0.351562 0.913889 0.35 0.916667 0.35 0.927778 0.348437 0.930556 0.348437 0.938889 0.346875 0.941667 0.340625 0.941667 0.340625 1 0.632812 1 0.632812 0.994444 0.63125 0.991667 0.63125 0.983333 0.629687 0.980556 0.629687 0.972222 0.628125 0.969444 0.628125 0.966667 0.626562 0.963889 0.626562 0.958333 0.625 0.955556 0.625 0.95 0.623438 0.947222 0.623438 0.938889 0.621875 0.936111 0.621875 0.933333 0.620313 0.930556 0.620313 0.925 0.61875 0.922222 0.61875 0.919444 0.617188 0.916667 0.617188 0.908333 0.615625 0.905556 0.615625 0.897222 0.614062 0.894444 0.614062 0.877778 0.6125 0.875 0.6125 0.858333 0.610937 0.855556 0.610937 0.838889 0.609375 0.836111 0.609375 0.819444 0.607813 0.816667 0.607813 0.794444 0.60625 0.791667 0.60625 0.769444 0.604688 0.766667 0.604688 0.744444 0.603125 0.741667 0.603125 0.725 0.601562 0.722222 0.601562 0.711111 0.6 0.708333 0.6 0.661111 0.601562 0.658333 0.601562 0.652778 0.603125 0.65 0.603125 0.647222 0.604688 0.644444 0.604688 0.641667 0.60625 0.638889 0.60625 0.633333 0.607813 0.630556 0.607813 0.627778 0.609375 0.625 0.609375 0.616667 0.610937 0.613889 0.610937 0.591667 0.6125 0.588889 0.6125 0.55 0.610937 0.547222 0.610937 0.508333 0.609375 0.505556 0.609375 0.461111 0.29351
56 0.826563 0.761111 0.826563 0.769444 0.825 0.772222 0.817187 0.772222 0.815625 0.775 0.796875 0.775 0.795313 0.777778 0.778125 0.777778 0.776563 0.780556 0.7625 0.780556 0.760938 0.783333 0.746875 0.783333 0.745313 0.786111 0.729688 0.786111 0.728125 0.788889 0.71875 0.788889 0.717188 0.791667 0.709375 0.791667 0.707812 0.794444 0.698438 0.794444 0.696875 0.797222 0.6875 0.797222 0.685938 0.8 0.676562 0.8 0.675 0.802778 0.665625 0.802778 0.664062 0.805556 0.659375 0.805556 0.657812 0.808333 0.65625 0.808333 0.654688 0.811111 0.653125 0.811111 0.651563 0.813889 0.65 0.813889 0.648438 0.816667 0.646875 0.816667 0.642187 0.825 0.640625 0.825 0.632812 0.838889 0.628125 0.838889 0.628125 0.991667 0.998438 0.991667 0.998438 0.761111 0.267421
67 0.334375 0.00555556 0.334375 0.227778 0.339063 0.227778 0.342187 0.233333 0.342187 0.236111 0.345313 0.241667 0.346875 0.241667 0.351562 0.25 0.351562 0.258333 0.484375 0.258333 0.484375 0.25 0.485938 0.247222 0.509375 0.247222 0.510938 0.244444 0.523438 0.244444 0.525 0.241667 0.567187 0.241667 0.56875 0.238889 0.590625 0.238889 0.592188 0.236111 0.596875 0.236111 0.598437 0.233333 0.6 0.233333 0.601562 0.230556 0.603125 0.230556 0.609375 0.219444 0.609375 0.216667 0.610937 0.213889 0.610937 0.208333 0.6125 0.205556 0.6125 0.183333 0.614062 0.180556 0.614062 0.155556 0.6125 0.152778 0.6125 0.0555556 0.610937 0.0527778 0.610937 0.025 0.6125 0.0222222 0.6125 0.00555556 0.507726
67 0.340625 0.461111 0.340625 0.533333 0.345313 0.533333 0.346875 0.536111 0.346875 0.572222 0.348437 0.575 0.348437 0.597222 0.35 0.6 0.35 0.613889 0.351562 0.616667 0.351562 0.619444 0.353125 0.622222 0.353125 0.625 0.354688 0.627778 0.354688 0.630556 0.35625 0.633333 0.35625 0.636111 0.360938 0.644444 0.360938 0.647222 0.3625 0.65 0.3625 0.652778 0.364062 0.655556 0.364062 0.661111 0.365625 0.663889 0.365625 0.666667 0.367188 0.669444 0.367188 0.713889 0.365625 0.716667 0.365625 0.738889 0.364062 0.741667 0.364062 0.769444 0.3625 0.772222 0.3625 0.808333 0.360938 0.811111 0.360938 0.822222 0.359375 0.825 0.359375 0.847222 0.357812 0.85 0.357812 0.866667 0.35625 0.869444 0.35625 0.883333 0.354688 0.886111 0.354688 0.891667 0.353125 0.894444 0.353125 0.9 0.351562 0.902778 0.351562 0.913889 0.35 0.916667 0.35 0.927778 0.348437 0.930556 0.348437 0.938889 0.346875 0.941667 0.340625 0.941667 0.340625 1 0.632812 1 0.632812 0.994444 0.63125 0.991667 0.63125 0.983333 0.629687 0.980556 0.629687 0.972222 0.628125 0.969444 0.628125 0.966667 0.626562 0.963889 0.626562 0.958333 0.625 0.955556 0.625 0.95 0.623438 0.947222 0.623438 0.938889 0.621875 0.936111 0.621875 0.933333 0.620313 0.930556 0.620313 0.925 0.61875 0.922222 0.61875 0.919444 0.617188 0.916667 0.617188 0.908333 0.615625 0.905556 0.615625 0.897222 0.614062 0.894444 0.614062 0.877778 0.6125 0.875 0.6125 0.858333 0.610937 0.855556 0.610937 0.838889 0.609375 0.836111 0.609375 0.819444 0.607813 0.816667 0.607813 0.794444 0.60625 0.791667 0.60625 0.769444 0.604688 0.766667 0.604688 0.744444 0.603125 0.741667 0.603125 0.725 0.601562 0.722222 0.601562 0.711111 0.6 0.708333 0.6 0.661111 0.601562 0.658333 0.601562 0.652778 0.603125 0.65 0.603125 0.647222 0.604688 0.644444 0.604688 0.641667 0.60625 0.638889 0.60625 0.633333 0.607813 0.630556 0.607813 0.627778 0.609375 0.625 0.609375 0.616667 0.610937 0.613889 0.610937 0.591667 0.6125 0.588889 0.6125 0.55 0.610937 0.547222 0.610937 0.508333 0.609375 0.505556 0.609375 0.461111 0.29351
56 0.826563 0.761111 0.826563 0.769444 0.825 0.772222 0.817187 0.772222 0.815625 0.775 0.796875 0.775 0.795313 0.777778 0.778125 0.777778 0.776563 0.780556 0.7625 0.780556 0.760938 0.783333 0.746875 0.783333 0.745313 0.786111 0.729688 0.786111 0.728125 0.788889 0.71875 0.788889 0.717188 0.791667 0.709375 0.791667 0.707812 0.794444 0.698438 0.794444 0.696875 0.797222 0.6875 0.797222 0.685938 0.8 0.676562 0.8 0.675 0.802778 0.665625 0.802778 0.664062 0.805556 0.659375 0.805556 0.657812 0.808333 0.65625 0.808333 0.654688 0.811111 0.653125 0.811111 0.651563 0.813889 0.65 0.813889 0.648438 0.816667 0.646875 0.816667 0.642187 0.825 0.640625 0.825 0.632812 0.838889 0.628125 0.838889 0.628125 0.991667 0.998438 0.991667 0.998438 0.761111 0.267421
67 0.334375 0.00555556 0.334375 0.227778 0.339063 0.227778 0.342187 0.233333 0.342187 0.236111 0.345313 0.241667 0.346875 0.241667 0.351562 0.25 0.351562 0.258333 0.484375 0.258333 0.484375 0.25 0.485938 0.247222 0.509375 0.247222 0.510938 0.244444 0.523438 0.244444 0.525 0.241667 0.567187 0.241667 0.56875 0.238889 0.590625 0.238889 0.592188 0.236111 0.596875 0.236111 0.598437 0.233333 0.6 0.233333 0.601562 0.230556 0.603125 0.230556 0.609375 0.219444 0.609375 0.216667 0.610937 0.213889 0.610937 0.208333 0.6125 0.205556 0.6125 0.183333 0.614062 0.180556 0.614062 0.155556 0.6125 0.152778 0.6125 0.0555556 0.610937 0.0527778 0.610937 0.025 0.6125 0.0222222 0.6125 0.00555556 0.507726
67 0.340625 0.461111 0.340625 0.533333 0.345313 0.533333 0.346875 0.536111 0.346875 0.572222 0.348437 0.575 0.348437 0.597222 0.35 0.6 0.35 0.613889 0.351562 0.616667 0.351562 0.619444 0.353125 0.622222 0.353125 0.625 0.354688 0.627778 0.354688 0.630556 0.35625 0.633333 0.35625 0.636111 0.360938 0.644444 0.360938 0.647222 0.3625 0.65 0.3625 0.652778 0.364062 0.655556 0.364062 0.661111 0.365625 0.663889 0.365625 0.666667 0.367188 0.669444 0.367188 0.713889 0.365625 0.716667 0.365625 0.738889 0.364062 0.741667 0.364062 0.769444 0.3625 0.772222 0.3625 0.808333 0.360938 0.811111 0.360938 0.822222 0.359375 0.825 0.359375 0.847222 0.357812 0.85 0.357812 0.866667 0.35625 0.869444 0.35625 0.883333 0.354688 0.886111 0.354688 0.891667 0.353125 0.894444 0.353125 0.9 0.351562 0.902778 0.351562 0.913889 0.35 0.916667 0.35 0.927778 0.348437 0.930556 0.348437 0.938889 0.346875 0.941667 0.340625 0.941667 0.340625 1 0.632812 1 0.632812 0.994444 0.63125 0.991667 0.63125 0.983333 0.629687 0.980556 0.629687 0.972222 0.628125 0.969444 0.628125 0.966667 0.626562 0.963889 0.626562 0.958333 0.625 0.955556 0.625 0.95 0.623438 0.947222 0.623438 0.938889 0.621875 0.936111 0.621875 0.933333 0.620313 0.930556 0.620313 0.925 0.61875 0.922222 0.61875 0.919444 0.617188 0.916667 0.617188 0.908333 0.615625 0.905556 0.615625 0.897222 0.614062 0.894444 0.614062 0.877778 0.6125 0.875 0.6125 0.858333 0.610937 0.855556 0.610937 0.838889 0.609375 0.836111 0.609375 0.819444 0.607813 0.816667 0.607813 0.794444 0.60625 0.791667 0.60625 0.769444 0.604688 0.766667 0.604688 0.744444 0.603125 0.741667 0.603125 0.725 0.601562 0.722222 0.601562 0.711111 0.6 0.708333 0.6 0.661111 0.601562 0.658333 0.601562 0.652778 0.603125 0.65 0.603125 0.647222 0.604688 0.644444 0.604688 0.641667 0.60625 0.638889 0.60625 0.633333 0.607813 0.630556 0.607813 0.627778 0.609375 0.625 0.609375 0.616667 0.610937 0.613889 0.610937 0.591667 0.6125 0.588889 0.6125 0.55 0.610937 0.547222 0.610937 0.508333 0.609375 0.505556 0.609375 0.461111 0.29351
56 0.826563 0.761111 0.826563 0.769444 0.825 0.772222 0.817187 0.772222 0.815625 0.775 0.796875 0.775 0.795313 0.777778 0.778125 0.777778 0.776563 0.780556 0.7625 0.780556 0.760938 0.783333 0.746875 0.783333 0.745313 0.786111 0.729688 0.786111 0.728125 0.788889 0.71875 0.788889 0.717188 0.791667 0.709375 0.791667 0.707812 0.794444 0.698438 0.794444 0.696875 0.797222 0.6875 0.797222 0.685938 0.8 0.676562 0.8 0.675 0.802778 0.665625 0.802778 0.664062 0.805556 0.659375 0.805556 0.657812 0.808333 0.65625 0.808333 0.654688 0.811111 0.653125 0.811111 0.651563 0.813889 0.65 0.813889 0.648438 0.816667 0.646875 0.816667 0.642187 0.825 0.640625 0.825 0.632812 0.838889 0.628125 0.838889 0.628125 0.991667 0.998438 0.991667 0.998438 0.761111 0.267421
67 0.334375 0.00555556 0.334375 0.227778 0.339063 0.227778 0.342187 0.233333 0.342187 0.236111 0.345313 0.241667 0.346875 0.241667 0.351562 0.25 0.351562 0.258333 0.484375 0.258333 0.484375 0.25 0.485938 0.247222 0.509375 0.247222 0.510938 0.244444 0.523438 0.244444 0.525 0.241667 0.567187 0.241667 0.56875 0.238889 0.590625 0.238889 0.592188 0.236111 0.596875 0.236111 0.598437 0.233333 0.6 0.233333 0.601562 0.230556 0.603125 0.230556 0.609375 0.219444 0.609375 0.216667 0.610937 0.213889 0.610937 0.208333 0.6125 0.205556 0.6125 0.183333 0.614062 0.180556 0.614062 0.155556 0.6125 0.152778 0.6125 0.0555556 0.610937 0.0527778 0.610937 0.025 0.6125 0.0222222 0.6125 0.00555556 0.507726
67 0.340625 0.461111 0.340625 0.533333 0.345313 0.533333 0.346875 0.536111 0.346875 0.572222 0.348437 0.575 0.348437 0.597222 0.35 0.6 0.35 0.613889 0.351562 0.616667 0.351562 0.619444 0.353125 0.622222 0.353125 0.625 0.354688 0.627778 0.354688 0.630556 0.35625 0.633333 0.35625 0.636111 0.360938 0.644444 0.360938 0.647222 0.3625 0.65 0.3625 0.652778 0.364062 0.655556 0.364062 0.661111 0.365625 0.663889 0.365625 0.666667 0.367188 0.669444 0.367188 0.713889 0.365625 0.716667 0.365625 0.738889 0.364062 0.741667 0.364062 0.769444 0.3625 0.772222 0.3625 0.808333 0.360938 0.811111 0.360938 0.822222 0.359375 0.825 0.359375 0.847222 0.357812 0.85 0.357812 0.866667 0.35625 0.869444 0.35625 0.883333 0.354688 0.886111 0.354688 0.891667 0.353125 0.894444 0.353125 0.9 0.351562 0.902778 0.351562 0.913889 0.35 0.916667 0.35 0.927778 0.348437 0.930556 0.348437 0.938889 0.346875 0.941667 0.340625 0.941667 0.340625 1 0.632812 1 0.632812 0.994444 0.63125 0.991667 0.63125 0.983333 0.629687 0.980556 0.629687 0.972222 0.628125 0.969444 0.628125 0.966667 0.626562 0.963889 0.626562 0.958333 0.625 0.955556 0.625 0.95 0.623438 0.947222 0.623438 0.938889 0.621875 0.936111 0.621875 0.933333 0.620313 0.930556 0.620313 0.925 0.61875 0.922222 0.61875 0.919444 0.617188 0.916667 0.617188 0.908333 0.615625 0.905556 0.615625 0.897222 0.614062 0.894444 0.614062 0.877778 0.6125 0.875 0.6125 0.858333 0.610937 0.855556 0.610937 0.838889 0.609375 0.836111 0.609375 0.819444 0.607813 0.816667 0.607813 0.794444 0.60625 0.791667 0.60625 0.769444 0.604688 0.766667 0.604688 0.744444 0.603125 0.741667 0.603125 0.725 0.601562 0.722222 0.601562 0.711111 0.6 0.708333 0.6 0.661111 0.601562 0.658333 0.601562 0.652778 0.603125 0.65 0.603125 0.647222 0.604688 0.644444 0.604688 0.641667 0.60625 0.638889 0.60625 0.633333 0.607813 0.630556 0.607813 0.627778 0.609375 0.625 0.609375 0.616667 0.610937 0.613889 0.610937 0.591667 0.6125 0.588889 0.6125 0.55 0.610937 0.547222 0.610937 0.508333 0.609375 0.505556 0.609375 0.461111 0.29351
56 0.826563 0.761111 0.826563 0.769444 0.825 0.772222 0.817187 0.772222 0.815625 0.775 0.796875 0.775 0.795313 0.777778 0.778125 0.777778 0.776563 0.780556 0.7625 0.780556 0.760938 0.783333 0.746875 0.783333 0.745313 0.786111 0.729688 0.786111 0.728125 0.788889 0.71875 0.788889 0.717188 0.791667 0.709375 0.791667 0.707812 0.794444 0.698438 0.794444 0.696875 0.797222 0.6875 0.797222 0.685938 0.8 0.676562 0.8 0.675 0.802778 0.665625 0.802778 0.664062 0.805556 0.659375 0.805556 0.657812 0.808333 0.65625 0.808333 0.654688 0.811111 0.653125 0.811111 0.651563 0.813889 0.65 0.813889 0.648438 0.816667 0.646875 0.816667 0.642187 0.825 0.640625 0.825 0.632812 0.838889 0.628125 0.838889 0.628125 0.991667 0.998438 0.991667 0.998438 0.761111 0.267421
67 0.334375 0.00555556 0.334375 0.227778 0.339063 0.227778 0.342187 0.233333 0.342187 0.236111 0.345313 0.241667 0.346875 0.241667 0.351562 0.25 0.351562 0.258333 0.484375 0.258333 0.484375 0.25 0.485938 0.247222 0.509375 0.247222 0.510938 0.244444 0.523438 0.244444 0.525 0.241667 0.567187 0.241667 0.56875 0.238889 0.590625 0.238889 0.592188 0.236111 0.596875 0.236111 0.598437 0.233333 0.6 0.233333 0.601562 0.230556 0.603125 0.230556 0.609375 0.219444 0.609375 0.216667 0.610937 0.213889 0.610937 0.208333 0.6125 0.205556 0.6125 0.183333 0.614062 0.180556 0.614062 0.155556 0.6125 0.152778 0.6125 0.0555556 0.610937 0.0527778 0.610937 0.025 0.6125 0.0222222 0.6125 0.00555556 0.507726
67 0.340625 0.461111 0.340625 0.533333 0.345313 0.533333 0.346875 0.536111 0.346875 0.572222 0.348437 0.575 0.348437 0.597222 0.35 0.6 0.35 0.613889 0.351562 0.616667 0.351562 0.619444 0.353125 0.622222 0.353125 0.625 0.354688 0.627778 0.354688 0.630556 0.35625 0.633333 0.35625 0.636111 0.360938 0.644444 0.360938 0.647222 0.3625 0.65 0.3625 0.652778 0.364062 0.655556 0.364062 0.661111 0.365625 0.663889 0.365625 0.666667 0.367188 0.669444 0.367188 0.713889 0.365625 0.716667 0.365625 0.738889 0.364062 0.741667 0.364062 0.769444 0.3625 0.772222 0.3625 0.808333 0.360938 0.811111 0.360938 0.822222 0.359375 0.825 0.359375 0.847222 0.357812 0.85 0.357812 0.866667 0.35625 0.869444 0.35625 0.883333 0.354688 0.886111 0.354688 0.891667 0.353125 0.894444 0.353125 0.9 0.351562 0.902778 0.351562 0.913889 0.35 0.916667 0.35 0.927778 0.348437 0.930556 0.348437 0.938889 0.346875 0.941667 0.340625 0.941667 0.340625 1 0.632812 1 0.632812 0.994444 0.63125 0.991667 0.63125 0.983333 0.629687 0.980556 0.629687 0.972222 0.628125 0.969444 0.628125 0.966667 0.626562 0.963889 0.626562 0.958333 0.625 0.955556 0.625 0.95 0.623438 0.947222 0.623438 0.938889 0.621875 0.936111 0.621875 0.933333 0.620313 0.930556 0.620313 0.925 0.61875 0.922222 0.61875 0.919444 0.617188 0.916667 0.617188 0.908333 0.615625 0.905556 0.615625 0.897222 0.614062 0.894444 0.614062 0.877778 0.6125 0.875 0.6125 0.858333 0.610937 0.855556 0.610937 0.838889 0.609375 0.836111 0.609375 0.819444 0.607813 0.816667 0.607813 0.794444 0.60625 0.791667 0.60625 0.769444 0.604688 0.766667 0.604688 0.744444 0.603125 0.741667 0.603125 0.725 0.601562 0.722222 0.601562 0.711111 0.6 0.708333 0.6 0.661111 0.601562 0.658333 0.601562 0.652778 0.603125 0.65 0.603125 0.647222 0.604688 0.644444 0.604688 0.641667 0.60625 0.638889 0.60625 0.633333 0.607813 0.630556 0.607813 0.627778 0.609375 0.625 0.609375 0.616667 0.610937 0.613889 0.610937 0.591667 0.6125 0.588889 0.6125 0.55 0.610937 0.547222 0.610937 0.508333 0.609375 0.505556 0.609375 0.461111 0.29351
56 0.826563 0.761111 0.826563 0.769444 0.825 0.772222 0.817187 0.772222 0.815625 0.775 0.796875 0.775 0.795313 0.777778 0.778125 0.777778 0.776563 0.780556 0.7625 0.780556 0.760938 0.783333 0.746875 0.783333 0.745313 0.786111 0.729688 0.786111 0.728125 0.788889 0.71875 0.788889 0.717188 0.791667 0.709375 0.791667 0.707812 0.794444 0.698438 0.794444 0.696875 0.797222 0.6875 0.797222 0.685938 0.8 0.676562 0.8 0.675 0.802778 0.665625 0.802778 0.664062 0.805556 0.659375 0.805556 0.657812 0.808333 0.65625 0.808333 0.654688 0.811111 0.653125 0.811111 0.651563 0.813889 0.65 0.813889 0.648438 0.816667 0.646875 0.816667 0.642187 0.825 0.640625 0.825 0.632812 0.838889 0.628125 0.838889 0.628125 0.991667 0.998438 0.991667 0.998438 0.761111 0.267421
