0 0.409375 0.783333 0.409375 0.791667 0.404687 0.8 0.403125 0.8 0.4 0.805556 0.398438 0.805556 0.395312 0.811111 0.39375 0.811111 0.390625 0.816667 0.389062 0.816667 0.385938 0.822222 0.385938 0.825 0.376563 0.841667 0.376563 0.844444 0.371875 0.852778 0.370313 0.852778 0.3625 0.866667 0.360938 0.866667 0.35 0.886111 0.35 0.888889 0.345313 0.897222 0.345313 0.9 0.342187 0.905556 0.342187 0.908333 0.339063 0.913889 0.339063 0.916667 0.3375 0.919444 0.3375 0.922222 0.335938 0.925 0.335938 0.927778 0.33125 0.936111 0.33125 0.938889 0.328125 0.944444 0.328125 0.947222 0.315625 0.969444 0.314063 0.969444 0.310937 0.975 0.309375 0.975 0.307813 0.977778 0.303125 0.977778 0.303125 1 0.384375 1 0.384375 0.991667 0.385938 0.988889 0.385938 0.986111 0.3875 0.983333 0.3875 0.980556 0.390625 0.975 0.390625 0.972222 0.39375 0.966667 0.39375 0.963889 0.398438 0.955556 0.398438 0.952778 0.404687 0.941667 0.404687 0.938889 0.40625 0.936111 0.40625 0.933333 0.410937 0.925 0.410937 0.922222 0.420312 0.905556 0.420312 0.902778 0.421875 0.9 0.423438 0.9 0.426562 0.894444 0.428125 0.894444 0.442187 0.869444 0.442187 0.866667 0.445312 0.861111 0.445312 0.858333 0.45 0.85 0.45 0.847222 0.451562 0.844444 0.451562 0.841667 0.453125 0.838889 0.453125 0.836111 0.454688 0.833333 0.454688 0.830556 0.45625 0.827778 0.45625 0.811111 0.454688 0.808333 0.454688 0.802778 0.45 0.794444 0.45 0.783333 0.600022
62 0.159375 0.0388889 0.159375 0.852778 0.164062 0.852778 0.170312 0.863889 0.171875 0.863889 0.173438 0.866667 0.175 0.866667 0.182812 0.880556 0.185937 0.880556 0.1875 0.883333 0.190625 0.883333 0.192188 0.886111 0.19375 0.886111 0.195312 0.888889 0.198437 0.888889 0.2 0.891667 0.204688 0.891667 0.20625 0.894444 0.2125 0.894444 0.214062 0.897222 0.232812 0.897222 0.234375 0.9 0.251563 0.9 0.253125 0.902778 0.26875 0.902778 0.270312 0.9 0.307813 0.9 0.310937 0.894444 0.3125 0.894444 0.315625 0.888889 0.321875 0.888889 0.323438 0.886111 0.325 0.886111 0.326562 0.883333 0.328125 0.883333 0.329688 0.880556 0.33125 0.880556 0.342187 0.861111 0.342187 0.858333 0.345313 0.852778 0.35 0.852778 0.351562 0.85 0.353125 0.85 0.354688 0.852778 0.35625 0.852778 0.357812 0.855556 0.364062 0.855556 0.36875 0.847222 0.370313 0.847222 0.370313 0.844444 0.375 0.836111 0.376563 0.836111 0.376563 0.830556 0.379687 0.825 0.38125 0.825 0.382812 0.822222 0.382812 0.819444 0.385938 0.813889 0.3875 0.813889 0.389062 0.811111 0.389062 0.808333 0.392188 0.802778 0.395312 0.802778 0.4 0.794444 0.401563 0.794444 0.403125 0.791667 0.40625 0.791667 0.407813 0.788889 0.409375 0.788889 0.410937 0.786111 0.414062 0.786111 0.415625 0.783333 0.420312 0.783333 0.421875 0.780556 0.428125 0.780556 0.429688 0.777778 0.4375 0.777778 0.439063 0.780556 0.442187 0.780556 0.44375 0.783333 0.445312 0.783333 0.45625 0.802778 0.45625 0.808333 0.457812 0.811111 0.457812 0.830556 0.45625 0.833333 0.45625 0.836111 0.454688 0.838889 0.454688 0.841667 0.453125 0.844444 0.453125 0.847222 0.451562 0.85 0.451562 0.855556 0.448438 0.861111 0.446875 0.861111 0.446875 0.863889 0.445312 0.866667 0.445312 0.869444 0.44375 0.872222 0.44375 0.875 0.442187 0.877778 0.442187 0.880556 0.440625 0.883333 0.440625 0.888889 0.439063 0.891667 0.439063 0.894444 0.4375 0.897222 0.4375 0.902778 0.434375 0.908333 0.434375 0.911111 0.432813 0.913889 0.432813 0.922222 0.434375 0.925 0.434375 0.930556 0.440625 0.930556 0.44375 0.925 0.448438 0.925 0.45 0.922222 0.475 0.922222 0.476562 0.925 0.4875 0.925 0.489062 0.927778 0.496875 0.927778 0.498437 0.930556 0.515625 0.930556 0.517187 0.933333 0.520312 0.933333 0.521875 0.936111 0.534375 0.936111 0.535937 0.938889 0.55 0.938889 0.551562 0.941667 0.560938 0.941667 0.5625 0.944444 0.56875 0.944444 0.570312 0.947222 0.58125 0.947222 0.582812 0.95 0.596875 0.95 0.598437 0.952778 0.615625 0.952778 0.617188 0.955556 0.629687 0.955556 0.63125 0.958333 0.646875 0.958333 0.648438 0.961111 0.667188 0.961111 0.66875 0.963889 0.678125 0.963889 0.679688 0.966667 0.690625 0.966667 0.692187 0.969444 0.698438 0.969444 0.7 0.972222 0.7 0.980556 0.839063 0.980556 0.839063 0.972222 0.84375 0.963889 0.845312 0.963889 0.846875 0.961111 0.851562 0.961111 0.853125 0.958333 0.854688 0.958333 0.85625 0.955556 0.857813 0.955556 0.859375 0.952778 0.8625 0.952778 0.864062 0.95 0.865625 0.95 0.870313 0.941667 0.871875 0.941667 0.873438 0.938889 0.875 0.938889 0.879687 0.930556 0.88125 0.930556 0.882812 0.927778 0.884375 0.927778 0.884375 0.925 0.8875 0.919444 0.8875 0.916667 0.889063 0.913889 0.889063 0.911111 0.890625 0.908333 0.890625 0.888889 0.892187 0.886111 0.892187 0.836111 0.89375 0.833333 0.89375 0.8 0.895312 0.797222 0.895312 0.775 0.896875 0.772222 0.896875 0.761111 0.898438 0.758333 0.898438 0.747222 0.9 0.744444 0.9 0.716667 0.901563 0.713889 0.901563 0.677778 0.9 0.675 0.9 0.625 0.901563 0.622222 0.901563 0.547222 0.903125 0.544444 0.903125 0.491667 0.904688 0.488889 0.904688 0.452778 0.90625 0.45 0.90625 0.427778 0.907812 0.425 0.907812 0.366667 0.909375 0.363889 0.909375 0.322222 0.910937 0.319444 0.910937 0.288889 0.9125 0.286111 0.9125 0.269444 0.914062 0.266667 0.914062 0.261111 0.915625 0.258333 0.920313 0.258333 0.920313 0.0861111 0.9125 0.0861111 0.910937 0.0833333 0.90625 0.0833333 0.904688 0.0805556 0.890625 0.0805556 0.889063 0.0777778 0.870313 0.0777778 0.86875 0.075 0.845312 0.075 0.84375 0.0722222 0.83125 0.0722222 0.829687 0.0694444 0.79375 0.0694444 0.792188 0.0666667 0.76875 0.0666667 0.767187 0.0638889 0.753125 0.0638889 0.751562 0.0611111 0.64375 0.0611111 0.642187 0.0583333 0.603125 0.0583333 0.601562 0.0555556 0.55 0.0555556 0.548437 0.0527778 0.492188 0.0527778 0.490625 0.05 0.478125 0.05 0.476562 0.0472222 0.476562 0.0388889 0.411516
67 0.159375 0.0388889 0.159375 0.852778 0.164062 0.852778 0.170312 0.863889 0.171875 0.863889 0.173438 0.866667 0.175 0.866667 0.182812 0.880556 0.185937 0.880556 0.1875 0.883333 0.190625 0.883333 0.192188 0.886111 0.19375 0.886111 0.195312 0.888889 0.198437 0.888889 0.2 0.891667 0.204688 0.891667 0.20625 0.894444 0.2125 0.894444 0.214062 0.897222 0.232812 0.897222 0.234375 0.9 0.251563 0.9 0.253125 0.902778 0.26875 0.902778 0.270312 0.9 0.307813 0.9 0.310937 0.894444 0.3125 0.894444 0.315625 0.888889 0.321875 0.888889 0.323438 0.886111 0.325 0.886111 0.326562 0.883333 0.328125 0.883333 0.329688 0.880556 0.33125 0.880556 0.342187 0.861111 0.342187 0.858333 0.345313 0.852778 0.35 0.852778 0.351562 0.85 0.353125 0.85 0.354688 0.852778 0.35625 0.852778 0.357812 0.855556 0.364062 0.855556 0.36875 0.847222 0.370313 0.847222 0.370313 0.844444 0.375 0.836111 0.376563 0.836111 0.376563 0.830556 0.379687 0.825 0.38125 0.825 0.382812 0.822222 0.382812 0.819444 0.385938 0.813889 0.3875 0.813889 0.389062 0.811111 0.389062 0.808333 0.392188 0.802778 0.395312 0.802778 0.4 0.794444 0.401563 0.794444 0.403125 0.791667 0.40625 0.791667 0.407813 0.788889 0.409375 0.788889 0.410937 0.786111 0.414062 0.786111 0.415625 0.783333 0.420312 0.783333 0.421875 0.780556 0.428125 0.780556 0.429688 0.777778 0.4375 0.777778 0.439063 0.780556 0.442187 0.780556 0.44375 0.783333 0.445312 0.783333 0.45625 0.802778 0.45625 0.808333 0.457812 0.811111 0.457812 0.830556 0.45625 0.833333 0.45625 0.836111 0.454688 0.838889 0.454688 0.841667 0.453125 0.844444 0.453125 0.847222 0.451562 0.85 0.451562 0.855556 0.448438 0.861111 0.446875 0.861111 0.446875 0.863889 0.445312 0.866667 0.445312 0.869444 0.44375 0.872222 0.44375 0.875 0.442187 0.877778 0.442187 0.880556 0.440625 0.883333 0.440625 0.888889 0.439063 0.891667 0.439063 0.894444 0.4375 0.897222 0.4375 0.902778 0.434375 0.908333 0.434375 0.911111 0.432813 0.913889 0.432813 0.922222 0.434375 0.925 0.434375 0.930556 0.440625 0.930556 0.44375 0.925 0.448438 0.925 0.45 0.922222 0.475 0.922222 0.476562 0.925 0.4875 0.925 0.489062 0.927778 0.496875 0.927778 0.498437 0.930556 0.515625 0.930556 0.517187 0.933333 0.520312 0.933333 0.521875 0.936111 0.534375 0.936111 0.535937 0.938889 0.55 0.938889 0.551562 0.941667 0.560938 0.941667 0.5625 0.944444 0.56875 0.944444 0.570312 0.947222 0.58125 0.947222 0.582812 0.95 0.596875 0.95 0.598437 0.952778 0.615625 0.952778 0.617188 0.955556 0.629687 0.955556 0.63125 0.958333 0.646875 0.958333 0.648438 0.961111 0.667188 0.961111 0.66875 0.963889 0.678125 0.963889 0.679688 0.966667 0.690625 0.966667 0.692187 0.969444 0.698438 0.969444 0.7 0.972222 0.7 0.980556 0.839063 0.980556 0.839063 0.972222 0.84375 0.963889 0.845312 0.963889 0.846875 0.961111 0.851562 0.961111 0.853125 0.958333 0.854688 0.958333 0.85625 0.955556 0.857813 0.955556 0.859375 0.952778 0.8625 0.952778 0.864062 0.95 0.865625 0.95 0.870313 0.941667 0.871875 0.941667 0.873438 0.938889 0.875 0.938889 0.879687 0.930556 0.88125 0.930556 0.882812 0.927778 0.884375 0.927778 0.884375 0.925 0.8875 0.919444 0.8875 0.916667 0.889063 0.913889 0.889063 0.911111 0.890625 0.908333 0.890625 0.888889 0.892187 0.886111 0.892187 0.836111 0.89375 0.833333 0.89375 0.8 0.895312 0.797222 0.895312 0.775 0.896875 0.772222 0.896875 0.761111 0.898438 0.758333 0.898438 0.747222 0.9 0.744444 0.9 0.716667 0.901563 0.713889 0.901563 0.677778 0.9 0.675 0.9 0.625 0.901563 0.622222 0.901563 0.547222 0.903125 0.544444 0.903125 0.491667 0.904688 0.488889 0.904688 0.452778 0.90625 0.45 0.90625 0.427778 0.907812 0.425 0.907812 0.366667 0.909375 0.363889 0.909375 0.322222 0.910937 0.319444 0.910937 0.288889 0.9125 0.286111 0.9125 0.269444 0.914062 0.266667 0.914062 0.261111 0.915625 0.258333 0.920313 0.258333 0.920313 0.0861111 0.9125 0.0861111 0.910937 0.0833333 0.90625 0.0833333 0.904688 0.0805556 0.890625 0.0805556 0.889063 0.0777778 0.870313 0.0777778 0.86875 0.075 0.845312 0.075 0.84375 0.0722222 0.83125 0.0722222 0.829687 0.0694444 0.79375 0.0694444 0.792188 0.0666667 0.76875 0.0666667 0.767187 0.0638889 0.753125 0.0638889 0.751562 0.0611111 0.64375 0.0611111 0.642187 0.0583333 0.603125 0.0583333 0.601562 0.0555556 0.55 0.0555556 0.548437 0.0527778 0.492188 0.0527778 0.490625 0.05 0.478125 0.05 0.476562 0.0472222 0.476562 0.0388889 0.288105
0 0.409375 0.783333 0.409375 0.791667 0.404687 0.8 0.403125 0.8 0.4 0.805556 0.398438 0.805556 0.395312 0.811111 0.39375 0.811111 0.390625 0.816667 0.389062 0.816667 0.385938 0.822222 0.385938 0.825 0.376563 0.841667 0.376563 0.844444 0.371875 0.852778 0.370313 0.852778 0.3625 0.866667 0.360938 0.866667 0.35 0.886111 0.35 0.888889 0.345313 0.897222 0.345313 0.9 0.342187 0.905556 0.342187 0.908333 0.339063 0.913889 0.339063 0.916667 0.3375 0.919444 0.3375 0.922222 0.335938 0.925 0.335938 0.927778 0.33125 0.936111 0.33125 0.938889 0.328125 0.944444 0.328125 0.947222 0.315625 0.969444 0.314063 0.969444 0.310937 0.975 0.309375 0.975 0.307813 0.977778 0.303125 0.977778 0.303125 1 0.384375 1 0.384375 0.991667 0.385938 0.988889 0.385938 0.986111 0.3875 0.983333 0.3875 0.980556 0.390625 0.975 0.390625 0.972222 0.39375 0.966667 0.39375 0.963889 0.398438 0.955556 0.398438 0.952778 0.404687 0.941667 0.404687 0.938889 0.40625 0.936111 0.40625 0.933333 0.410937 0.925 0.410937 0.922222 0.420312 0.905556 0.420312 0.902778 0.421875 0.9 0.423438 0.9 0.426562 0.894444 0.428125 0.894444 0.442187 0.869444 0.442187 0.866667 0.445312 0.861111 0.445312 0.858333 0.45 0.85 0.45 0.847222 0.451562 0.844444 0.451562 0.841667 0.453125 0.838889 0.453125 0.836111 0.454688 0.833333 0.454688 0.830556 0.45625 0.827778 0.45625 0.811111 0.454688 0.808333 0.454688 0.802778 0.45 0.794444 0.45 0.783333 0.600022
62 0.159375 0.0388889 0.159375 0.852778 0.164062 0.852778 0.170312 0.863889 0.171875 0.863889 0.173438 0.866667 0.175 0.866667 0.182812 0.880556 0.185937 0.880556 0.1875 0.883333 0.190625 0.883333 0.192188 0.886111 0.19375 0.886111 0.195312 0.888889 0.198437 0.888889 0.2 0.891667 0.204688 0.891667 0.20625 0.894444 0.2125 0.894444 0.214062 0.897222 0.232812 0.897222 0.234375 0.9 0.251563 0.9 0.253125 0.902778 0.26875 0.902778 0.270312 0.9 0.307813 0.9 0.310937 0.894444 0.3125 0.894444 0.315625 0.888889 0.321875 0.888889 0.323438 0.886111 0.325 0.886111 0.326562 0.883333 0.328125 0.883333 0.329688 0.880556 0.33125 0.880556 0.342187 0.861111 0.342187 0.858333 0.345313 0.852778 0.35 0.852778 0.351562 0.85 0.353125 0.85 0.354688 0.852778 0.35625 0.852778 0.357812 0.855556 0.364062 0.855556 0.36875 0.847222 0.370313 0.847222 0.370313 0.844444 0.375 0.836111 0.376563 0.836111 0.376563 0.830556 0.379687 0.825 0.38125 0.825 0.382812 0.822222 0.382812 0.819444 0.385938 0.813889 0.3875 0.813889 0.389062 0.811111 0.389062 0.808333 0.392188 0.802778 0.395312 0.802778 0.4 0.794444 0.401563 0.794444 0.403125 0.791667 0.40625 0.791667 0.407813 0.788889 0.409375 0.788889 0.410937 0.786111 0.414062 0.786111 0.415625 0.783333 0.420312 0.783333 0.421875 0.780556 0.428125 0.780556 0.429688 0.777778 0.4375 0.777778 0.439063 0.780556 0.442187 0.780556 0.44375 0.783333 0.445312 0.783333 0.45625 0.802778 0.45625 0.808333 0.457812 0.811111 0.457812 0.830556 0.45625 0.833333 0.45625 0.836111 0.454688 0.838889 0.454688 0.841667 0.453125 0.844444 0.453125 0.847222 0.451562 0.85 0.451562 0.855556 0.448438 0.861111 0.446875 0.861111 0.446875 0.863889 0.445312 0.866667 0.445312 0.869444 0.44375 0.872222 0.44375 0.875 0.442187 0.877778 0.442187 0.880556 0.440625 0.883333 0.440625 0.888889 0.439063 0.891667 0.439063 0.894444 0.4375 0.897222 0.4375 0.902778 0.434375 0.908333 0.434375 0.911111 0.432813 0.913889 0.432813 0.922222 0.434375 0.925 0.434375 0.930556 0.440625 0.930556 0.44375 0.925 0.448438 0.925 0.45 0.922222 0.475 0.922222 0.476562 0.925 0.4875 0.925 0.489062 0.927778 0.496875 0.927778 0.498437 0.930556 0.515625 0.930556 0.517187 0.933333 0.520312 0.933333 0.521875 0.936111 0.534375 0.936111 0.535937 0.938889 0.55 0.938889 0.551562 0.941667 0.560938 0.941667 0.5625 0.944444 0.56875 0.944444 0.570312 0.947222 0.58125 0.947222 0.582812 0.95 0.596875 0.95 0.598437 0.952778 0.615625 0.952778 0.617188 0.955556 0.629687 0.955556 0.63125 0.958333 0.646875 0.958333 0.648438 0.961111 0.667188 0.961111 0.66875 0.963889 0.678125 0.963889 0.679688 0.966667 0.690625 0.966667 0.692187 0.969444 0.698438 0.969444 0.7 0.972222 0.7 0.980556 0.839063 0.980556 0.839063 0.972222 0.84375 0.963889 0.845312 0.963889 0.846875 0.961111 0.851562 0.961111 0.853125 0.958333 0.854688 0.958333 0.85625 0.955556 0.857813 0.955556 0.859375 0.952778 0.8625 0.952778 0.864062 0.95 0.865625 0.95 0.870313 0.941667 0.871875 0.941667 0.873438 0.938889 0.875 0.938889 0.879687 0.930556 0.88125 0.930556 0.882812 0.927778 0.884375 0.927778 0.884375 0.925 0.8875 0.919444 0.8875 0.916667 0.889063 0.913889 0.889063 0.911111 0.890625 0.908333 0.890625 0.888889 0.892187 0.886111 0.892187 0.836111 0.89375 0.833333 0.89375 0.8 0.895312 0.797222 0.895312 0.775 0.896875 0.772222 0.896875 0.761111 0.898438 0.758333 0.898438 0.747222 0.9 0.744444 0.9 0.716667 0.901563 0.713889 0.901563 0.677778 0.9 0.675 0.9 0.625 0.901563 0.622222 0.901563 0.547222 0.903125 0.544444 0.903125 0.491667 0.904688 0.488889 0.904688 0.452778 0.90625 0.45 0.90625 0.427778 0.907812 0.425 0.907812 0.366667 0.909375 0.363889 0.909375 0.322222 0.910937 0.319444 0.910937 0.288889 0.9125 0.286111 0.9125 0.269444 0.914062 0.266667 0.914062 0.261111 0.915625 0.258333 0.920313 0.258333 0.920313 0.0861111 0.9125 0.0861111 0.910937 0.0833333 0.90625 0.0833333 0.904688 0.0805556 0.890625 0.0805556 0.889063 0.0777778 0.870313 0.0777778 0.86875 0.075 0.845312 0.075 0.84375 0.0722222 0.83125 0.0722222 0.829687 0.0694444 0.79375 0.0694444 0.792188 0.0666667 0.76875 0.0666667 0.767187 0.0638889 0.753125 0.0638889 0.751562 0.0611111 0.64375 0.0611111 0.642187 0.0583333 0.603125 0.0583333 0.601562 0.0555556 0.55 0.0555556 0.548437 0.0527778 0.492188 0.0527778 0.490625 0.05 0.478125 0.05 0.476562 0.0472222 0.476562 0.0388889 0.411516
67 0.159375 0.0388889 0.159375 0.852778 0.164062 0.852778 0.170312 0.863889 0.171875 0.863889 0.173438 0.866667 0.175 0.866667 0.182812 0.880556 0.185937 0.880556 0.1875 0.883333 0.190625 0.883333 0.192188 0.886111 0.19375 0.886111 0.195312 0.888889 0.198437 0.888889 0.2 0.891667 0.204688 0.891667 0.20625 0.894444 0.2125 0.894444 0.214062 0.897222 0.232812 0.897222 0.234375 0.9 0.251563 0.9 0.253125 0.902778 0.26875 0.902778 0.270312 0.9 0.307813 0.9 0.310937 0.894444 0.3125 0.894444 0.315625 0.888889 0.321875 0.888889 0.323438 0.886111 0.325 0.886111 0.326562 0.883333 0.328125 0.883333 0.329688 0.880556 0.33125 0.880556 0.342187 0.861111 0.342187 0.858333 0.345313 0.852778 0.35 0.852778 0.351562 0.85 0.353125 0.85 0.354688 0.852778 0.35625 0.852778 0.357812 0.855556 0.364062 0.855556 0.36875 0.847222 0.370313 0.847222 0.370313 0.844444 0.375 0.836111 0.376563 0.836111 0.376563 0.830556 0.379687 0.825 0.38125 0.825 0.382812 0.822222 0.382812 0.819444 0.385938 0.813889 0.3875 0.813889 0.389062 0.811111 0.389062 0.808333 0.392188 0.802778 0.395312 0.802778 0.4 0.794444 0.401563 0.794444 0.403125 0.791667 0.40625 0.791667 0.407813 0.788889 0.409375 0.788889 0.410937 0.786111 0.414062 0.786111 0.415625 0.783333 0.420312 0.783333 0.421875 0.780556 0.428125 0.780556 0.429688 0.777778 0.4375 0.777778 0.439063 0.780556 0.442187 0.780556 0.44375 0.783333 0.445312 0.783333 0.45625 0.802778 0.45625 0.808333 0.457812 0.811111 0.457812 0.830556 0.45625 0.833333 0.45625 0.836111 0.454688 0.838889 0.454688 0.841667 0.453125 0.844444 0.453125 0.847222 0.451562 0.85 0.451562 0.855556 0.448438 0.861111 0.446875 0.861111 0.446875 0.863889 0.445312 0.866667 0.445312 0.869444 0.44375 0.872222 0.44375 0.875 0.442187 0.877778 0.442187 0.880556 0.440625 0.883333 0.440625 0.888889 0.439063 0.891667 0.439063 0.894444 0.4375 0.897222 0.4375 0.902778 0.434375 0.908333 0.434375 0.911111 0.432813 0.913889 0.432813 0.922222 0.434375 0.925 0.434375 0.930556 0.440625 0.930556 0.44375 0.925 0.448438 0.925 0.45 0.922222 0.475 0.922222 0.476562 0.925 0.4875 0.925 0.489062 0.927778 0.496875 0.927778 0.498437 0.930556 0.515625 0.930556 0.517187 0.933333 0.520312 0.933333 0.521875 0.936111 0.534375 0.936111 0.535937 0.938889 0.55 0.938889 0.551562 0.941667 0.560938 0.941667 0.5625 0.944444 0.56875 0.944444 0.570312 0.947222 0.58125 0.947222 0.582812 0.95 0.596875 0.95 0.598437 0.952778 0.615625 0.952778 0.617188 0.955556 0.629687 0.955556 0.63125 0.958333 0.646875 0.958333 0.648438 0.961111 0.667188 0.961111 0.66875 0.963889 0.678125 0.963889 0.679688 0.966667 0.690625 0.966667 0.692187 0.969444 0.698438 0.969444 0.7 0.972222 0.7 0.980556 0.839063 0.980556 0.839063 0.972222 0.84375 0.963889 0.845312 0.963889 0.846875 0.961111 0.851562 0.961111 0.853125 0.958333 0.854688 0.958333 0.85625 0.955556 0.857813 0.955556 0.859375 0.952778 0.8625 0.952778 0.864062 0.95 0.865625 0.95 0.870313 0.941667 0.871875 0.941667 0.873438 0.938889 0.875 0.938889 0.879687 0.930556 0.88125 0.930556 0.882812 0.927778 0.884375 0.927778 0.884375 0.925 0.8875 0.919444 0.8875 0.916667 0.889063 0.913889 0.889063 0.911111 0.890625 0.908333 0.890625 0.888889 0.892187 0.886111 0.892187 0.836111 0.89375 0.833333 0.89375 0.8 0.895312 0.797222 0.895312 0.775 0.896875 0.772222 0.896875 0.761111 0.898438 0.758333 0.898438 0.747222 0.9 0.744444 0.9 0.716667 0.901563 0.713889 0.901563 0.677778 0.9 0.675 0.9 0.625 0.901563 0.622222 0.901563 0.547222 0.903125 0.544444 0.903125 0.491667 0.904688 0.488889 0.904688 0.452778 0.90625 0.45 0.90625 0.427778 0.907812 0.425 0.907812 0.366667 0.909375 0.363889 0.909375 0.322222 0.910937 0.319444 0.910937 0.288889 0.9125 0.286111 0.9125 0.269444 0.914062 0.266667 0.914062 0.261111 0.915625 0.258333 0.920313 0.258333 0.920313 0.0861111 0.9125 0.0861111 0.910937 0.0833333 0.90625 0.0833333 0.904688 0.0805556 0.890625 0.0805556 0.889063 0.0777778 0.870313 0.0777778 0.86875 0.075 0.845312 0.075 0.84375 0.0722222 0.83125 0.0722222 0.829687 0.0694444 0.79375 0.0694444 0.792188 0.0666667 0.76875 0.0666667 0.767187 0.0638889 0.753125 0.0638889 0.751562 0.0611111 0.64375 0.0611111 0.642187 0.0583333 0.603125 0.0583333 0.601562 0.0555556 0.55 0.0555556 0.548437 0.0527778 0.492188 0.0527778 0.490625 0.05 0.478125 0.05 0.476562 0.0472222 0.476562 0.0388889 0.288105
0 0.409375 0.783333 0.409375 0.791667 0.404687 0.8 0.403125 0.8 0.4 0.805556 0.398438 0.805556 0.395312 0.811111 0.39375 0.811111 0.390625 0.816667 0.389062 0.816667 0.385938 0.822222 0.385938 0.825 0.376563 0.841667 0.376563 0.844444 0.371875 0.852778 0.370313 0.852778 0.3625 0.866667 0.360938 0.866667 0.35 0.886111 0.35 0.888889 0.345313 0.897222 0.345313 0.9 0.342187 0.905556 0.342187 0.908333 0.339063 0.913889 0.339063 0.916667 0.3375 0.919444 0.3375 0.922222 0.335938 0.925 0.335938 0.927778 0.33125 0.936111 0.33125 0.938889 0.328125 0.944444 0.328125 0.947222 0.315625 0.969444 0.314063 0.969444 0.310937 0.975 0.309375 0.975 0.307813 0.977778 0.303125 0.977778 0.303125 1 0.384375 1 0.384375 0.991667 0.385938 0.988889 0.385938 0.986111 0.3875 0.983333 0.3875 0.980556 0.390625 0.975 0.390625 0.972222 0.39375 0.966667 0.39375 0.963889 0.398438 0.955556 0.398438 0.952778 0.404687 0.941667 0.404687 0.938889 0.40625 0.936111 0.40625 0.933333 0.410937 0.925 0.410937 0.922222 0.420312 0.905556 0.420312 0.902778 0.421875 0.9 0.423438 0.9 0.426562 0.894444 0.428125 0.894444 0.442187 0.869444 0.442187 0.866667 0.445312 0.861111 0.445312 0.858333 0.45 0.85 0.45 0.847222 0.451562 0.844444 0.451562 0.841667 0.453125 0.838889 0.453125 0.836111 0.454688 0.833333 0.454688 0.830556 0.45625 0.827778 0.45625 0.811111 0.454688 0.808333 0.454688 0.802778 0.45 0.794444 0.45 0.783333 0.600022
62 0.159375 0.0388889 0.159375 0.852778 0.164062 0.852778 0.170312 0.863889 0.171875 0.863889 0.173438 0.866667 0.175 0.866667 0.182812 0.880556 0.185937 0.880556 0.1875 0.883333 0.190625 0.883333 0.192188 0.886111 0.19375 0.886111 0.195312 0.888889 0.198437 0.888889 0.2 0.891667 0.204688 0.891667 0.20625 0.894444 0.2125 0.894444 0.214062 0.897222 0.232812 0.897222 0.234375 0.9 0.251563 0.9 0.253125 0.902778 0.26875 0.902778 0.270312 0.9 0.307813 0.9 0.310937 0.894444 0.3125 0.894444 0.315625 0.888889 0.321875 0.888889 0.323438 0.886111 0.325 0.886111 0.326562 0.883333 0.328125 0.883333 0.329688 0.880556 0.33125 0.880556 0.342187 0.861111 0.342187 0.858333 0.345313 0.852778 0.35 0.852778 0.351562 0.85 0.353125 0.85 0.354688 0.852778 0.35625 0.852778 0.357812 0.855556 0.364062 0.855556 0.36875 0.847222 0.370313 0.847222 0.370313 0.844444 0.375 0.836111 0.376563 0.836111 0.376563 0.830556 0.379687 0.825 0.38125 0.825 0.382812 0.822222 0.382812 0.819444 0.385938 0.813889 0.3875 0.813889 0.389062 0.811111 0.389062 0.808333 0.392188 0.802778 0.395312 0.802778 0.4 0.794444 0.401563 0.794444 0.403125 0.791667 0.40625 0.791667 0.407813 0.788889 0.409375 0.788889 0.410937 0.786111 0.414062 0.786111 0.415625 0.783333 0.420312 0.783333 0.421875 0.780556 0.428125 0.780556 0.429688 0.777778 0.4375 0.777778 0.439063 0.780556 0.442187 0.780556 0.44375 0.783333 0.445312 0.783333 0.45625 0.802778 0.45625 0.808333 0.457812 0.811111 0.457812 0.830556 0.45625 0.833333 0.45625 0.836111 0.454688 0.838889 0.454688 0.841667 0.453125 0.844444 0.453125 0.847222 0.451562 0.85 0.451562 0.855556 0.448438 0.861111 0.446875 0.861111 0.446875 0.863889 0.445312 0.866667 0.445312 0.869444 0.44375 0.872222 0.44375 0.875 0.442187 0.877778 0.442187 0.880556 0.440625 0.883333 0.440625 0.888889 0.439063 0.891667 0.439063 0.894444 0.4375 0.897222 0.4375 0.902778 0.434375 0.908333 0.434375 0.911111 0.432813 0.913889 0.432813 0.922222 0.434375 0.925 0.434375 0.930556 0.440625 0.930556 0.44375 0.925 0.448438 0.925 0.45 0.922222 0.475 0.922222 0.476562 0.925 0.4875 0.925 0.489062 0.927778 0.496875 0.927778 0.498437 0.930556 0.515625 0.930556 0.517187 0.933333 0.520312 0.933333 0.521875 0.936111 0.534375 0.936111 0.535937 0.938889 0.55 0.938889 0.551562 0.941667 0.560938 0.941667 0.5625 0.944444 0.56875 0.944444 0.570312 0.947222 0.58125 0.947222 0.582812 0.95 0.596875 0.95 0.598437 0.952778 0.615625 0.952778 0.617188 0.955556 0.629687 0.955556 0.63125 0.958333 0.646875 0.958333 0.648438 0.961111 0.667188 0.961111 0.66875 0.963889 0.678125 0.963889 0.679688 0.966667 0.690625 0.966667 0.692187 0.969444 0.698438 0.969444 0.7 0.972222 0.7 0.980556 0.839063 0.980556 0.839063 0.972222 0.84375 0.963889 0.845312 0.963889 0.846875 0.961111 0.851562 0.961111 0.853125 0.958333 0.854688 0.958333 0.85625 0.955556 0.857813 0.955556 0.859375 0.952778 0.8625 0.952778 0.864062 0.95 0.865625 0.95 0.870313 0.941667 0.871875 0.941667 0.873438 0.938889 0.875 0.938889 0.879687 0.930556 0.88125 0.930556 0.882812 0.927778 0.884375 0.927778 0.884375 0.925 0.8875 0.919444 0.8875 0.916667 0.889063 0.913889 0.889063 0.911111 0.890625 0.908333 0.890625 0.888889 0.892187 0.886111 0.892187 0.836111 0.89375 0.833333 0.89375 0.8 0.895312 0.797222 0.895312 0.775 0.896875 0.772222 0.896875 0.761111 0.898438 0.758333 0.898438 0.747222 0.9 0.744444 0.9 0.716667 0.901563 0.713889 0.901563 0.677778 0.9 0.675 0.9 0.625 0.901563 0.622222 0.901563 0.547222 0.903125 0.544444 0.903125 0.491667 0.904688 0.488889 0.904688 0.452778 0.90625 0.45 0.90625 0.427778 0.907812 0.425 0.907812 0.366667 0.909375 0.363889 0.909375 0.322222 0.910937 0.319444 0.910937 0.288889 0.9125 0.286111 0.9125 0.269444 0.914062 0.266667 0.914062 0.261111 0.915625 0.258333 0.920313 0.258333 0.920313 0.0861111 0.9125 0.0861111 0.910937 0.0833333 0.90625 0.0833333 0.904688 0.0805556 0.890625 0.0805556 0.889063 0.0777778 0.870313 0.0777778 0.86875 0.075 0.845312 0.075 0.84375 0.0722222 0.83125 0.0722222 0.829687 0.0694444 0.79375 0.0694444 0.792188 0.0666667 0.76875 0.0666667 0.767187 0.0638889 0.753125 0.0638889 0.751562 0.0611111 0.64375 0.0611111 0.642187 0.0583333 0.603125 0.0583333 0.601562 0.0555556 0.55 0.0555556 0.548437 0.0527778 0.492188 0.0527778 0.490625 0.05 0.478125 0.05 0.476562 0.0472222 0.476562 0.0388889 0.411516
67 0.159375 0.0388889 0.159375 0.852778 0.164062 0.852778 0.170312 0.863889 0.171875 0.863889 0.173438 0.866667 0.175 0.866667 0.182812 0.880556 0.185937 0.880556 0.1875 0.883333 0.190625 0.883333 0.192188 0.886111 0.19375 0.886111 0.195312 0.888889 0.198437 0.888889 0.2 0.891667 0.204688 0.891667 0.20625 0.894444 0.2125 0.894444 0.214062 0.897222 0.232812 0.897222 0.234375 0.9 0.251563 0.9 0.253125 0.902778 0.26875 0.902778 0.270312 0.9 0.307813 0.9 0.310937 0.894444 0.3125 0.894444 0.315625 0.888889 0.321875 0.888889 0.323438 0.886111 0.325 0.886111 0.326562 0.883333 0.328125 0.883333 0.329688 0.880556 0.33125 0.880556 0.342187 0.861111 0.342187 0.858333 0.345313 0.852778 0.35 0.852778 0.351562 0.85 0.353125 0.85 0.354688 0.852778 0.35625 0.852778 0.357812 0.855556 0.364062 0.855556 0.36875 0.847222 0.370313 0.847222 0.370313 0.844444 0.375 0.836111 0.376563 0.836111 0.376563 0.830556 0.379687 0.825 0.38125 0.825 0.382812 0.822222 0.382812 0.819444 0.385938 0.813889 0.3875 0.813889 0.389062 0.811111 0.389062 0.808333 0.392188 0.802778 0.395312 0.802778 0.4 0.794444 0.401563 0.794444 0.403125 0.791667 0.40625 0.791667 0.407813 0.788889 0.409375 0.788889 0.410937 0.786111 0.414062 0.786111 0.415625 0.783333 0.420312 0.783333 0.421875 0.780556 0.428125 0.780556 0.429688 0.777778 0.4375 0.777778 0.439063 0.780556 0.442187 0.780556 0.44375 0.783333 0.445312 0.783333 0.45625 0.802778 0.45625 0.808333 0.457812 0.811111 0.457812 0.830556 0.45625 0.833333 0.45625 0.836111 0.454688 0.838889 0.454688 0.841667 0.453125 0.844444 0.453125 0.847222 0.451562 0.85 0.451562 0.855556 0.448438 0.861111 0.446875 0.861111 0.446875 0.863889 0.445312 0.866667 0.445312 0.869444 0.44375 0.872222 0.44375 0.875 0.442187 0.877778 0.442187 0.880556 0.440625 0.883333 0.440625 0.888889 0.439063 0.891667 0.439063 0.894444 0.4375 0.897222 0.4375 0.902778 0.434375 0.908333 0.434375 0.911111 0.432813 0.913889 0.432813 0.922222 0.434375 0.925 0.434375 0.930556 0.440625 0.930556 0.44375 0.925 0.448438 0.925 0.45 0.922222 0.475 0.922222 0.476562 0.925 0.4875 0.925 0.489062 0.927778 0.496875 0.927778 0.498437 0.930556 0.515625 0.930556 0.517187 0.933333 0.520312 0.933333 0.521875 0.936111 0.534375 0.936111 0.535937 0.938889 0.55 0.938889 0.551562 0.941667 0.560938 0.941667 0.5625 0.944444 0.56875 0.944444 0.570312 0.947222 0.58125 0.947222 0.582812 0.95 0.596875 0.95 0.598437 0.952778 0.615625 0.952778 0.617188 0.955556 0.629687 0.955556 0.63125 0.958333 0.646875 0.958333 0.648438 0.961111 0.667188 0.961111 0.66875 0.963889 0.678125 0.963889 0.679688 0.966667 0.690625 0.966667 0.692187 0.969444 0.698438 0.969444 0.7 0.972222 0.7 0.980556 0.839063 0.980556 0.839063 0.972222 0.84375 0.963889 0.845312 0.963889 0.846875 0.961111 0.851562 0.961111 0.853125 0.958333 0.854688 0.958333 0.85625 0.955556 0.857813 0.955556 0.859375 0.952778 0.8625 0.952778 0.864062 0.95 0.865625 0.95 0.870313 0.941667 0.871875 0.941667 0.873438 0.938889 0.875 0.938889 0.879687 0.930556 0.88125 0.930556 0.882812 0.927778 0.884375 0.927778 0.884375 0.925 0.8875 0.919444 0.8875 0.916667 0.889063 0.913889 0.889063 0.911111 0.890625 0.908333 0.890625 0.888889 0.892187 0.886111 0.892187 0.836111 0.89375 0.833333 0.89375 0.8 0.895312 0.797222 0.895312 0.775 0.896875 0.772222 0.896875 0.761111 0.898438 0.758333 0.898438 0.747222 0.9 0.744444 0.9 0.716667 0.901563 0.713889 0.901563 0.677778 0.9 0.675 0.9 0.625 0.901563 0.622222 0.901563 0.547222 0.903125 0.544444 0.903125 0.491667 0.904688 0.488889 0.904688 0.452778 0.90625 0.45 0.90625 0.427778 0.907812 0.425 0.907812 0.366667 0.909375 0.363889 0.909375 0.322222 0.910937 0.319444 0.910937 0.288889 0.9125 0.286111 0.9125 0.269444 0.914062 0.266667 0.914062 0.261111 0.915625 0.258333 0.920313 0.258333 0.920313 0.0861111 0.9125 0.0861111 0.910937 0.0833333 0.90625 0.0833333 0.904688 0.0805556 0.890625 0.0805556 0.889063 0.0777778 0.870313 0.0777778 0.86875 0.075 0.845312 0.075 0.84375 0.0722222 0.83125 0.0722222 0.829687 0.0694444 0.79375 0.0694444 0.792188 0.0666667 0.76875 0.0666667 0.767187 0.0638889 0.753125 0.0638889 0.751562 0.0611111 0.64375 0.0611111 0.642187 0.0583333 0.603125 0.0583333 0.601562 0.0555556 0.55 0.0555556 0.548437 0.0527778 0.492188 0.0527778 0.490625 0.05 0.478125 0.05 0.476562 0.0472222 0.476562 0.0388889 0.288105
0 0.409375 0.783333 0.409375 0.791667 0.404687 0.8 0.403125 0.8 0.4 0.805556 0.398438 0.805556 0.395312 0.811111 0.39375 0.811111 0.390625 0.816667 0.389062 0.816667 0.385938 0.822222 0.385938 0.825 0.376563 0.841667 0.376563 0.844444 0.371875 0.852778 0.370313 0.852778 0.3625 0.866667 0.360938 0.866667 0.35 0.886111 0.35 0.888889 0.345313 0.897222 0.345313 0.9 0.342187 0.905556 0.342187 0.908333 0.339063 0.913889 0.339063 0.916667 0.3375 0.919444 0.3375 0.922222 0.335938 0.925 0.335938 0.927778 0.33125 0.936111 0.33125 0.938889 0.328125 0.944444 0.328125 0.947222 0.315625 0.969444 0.314063 0.969444 0.310937 0.975 0.309375 0.975 0.307813 0.977778 0.303125 0.977778 0.303125 1 0.384375 1 0.384375 0.991667 0.385938 0.988889 0.385938 0.986111 0.3875 0.983333 0.3875 0.980556 0.390625 0.975 0.390625 0.972222 0.39375 0.966667 0.39375 0.963889 0.398438 0.955556 0.398438 0.952778 0.404687 0.941667 0.404687 0.938889 0.40625 0.936111 0.40625 0.933333 0.410937 0.925 0.410937 0.922222 0.420312 0.905556 0.420312 0.902778 0.421875 0.9 0.423438 0.9 0.426562 0.894444 0.428125 0.894444 0.442187 0.869444 0.442187 0.866667 0.445312 0.861111 0.445312 0.858333 0.45 0.85 0.45 0.847222 0.451562 0.844444 0.451562 0.841667 0.453125 0.838889 0.453125 0.836111 0.454688 0.833333 0.454688 0.830556 0.45625 0.827778 0.45625 0.811111 0.454688 0.808333 0.454688 0.802778 0.45 0.794444 0.45 0.783333 0.600022
62 0.159375 0.0388889 0.159375 0.852778 0.164062 0.852778 0.170312 0.863889 0.171875 0.863889 0.173438 0.866667 0.175 0.866667 0.182812 0.880556 0.185937 0.880556 0.1875 0.883333 0.190625 0.883333 0.192188 0.886111 0.19375 0.886111 0.195312 0.888889 0.198437 0.888889 0.2 0.891667 0.204688 0.891667 0.20625 0.894444 0.2125 0.894444 0.214062 0.897222 0.232812 0.897222 0.234375 0.9 0.251563 0.9 0.253125 0.902778 0.26875 0.902778 0.270312 0.9 0.307813 0.9 0.310937 0.894444 0.3125 0.894444 0.315625 0.888889 0.321875 0.888889 0.323438 0.886111 0.325 0.886111 0.326562 0.883333 0.328125 0.883333 0.329688 0.880556 0.33125 0.880556 0.342187 0.861111 0.342187 0.858333 0.345313 0.852778 0.35 0.852778 0.351562 0.85 0.353125 0.85 0.354688 0.852778 0.35625 0.852778 0.357812 0.855556 0.364062 0.855556 0.36875 0.847222 0.370313 0.847222 0.370313 0.844444 0.375 0.836111 0.376563 0.836111 0.376563 0.830556 0.379687 0.825 0.38125 0.825 0.382812 0.822222 0.382812 0.819444 0.385938 0.813889 0.3875 0.813889 0.389062 0.811111 0.389062 0.808333 0.392188 0.802778 0.395312 0.802778 0.4 0.794444 0.401563 0.794444 0.403125 0.791667 0.40625 0.791667 0.407813 0.788889 0.409375 0.788889 0.410937 0.786111 0.414062 0.786111 0.415625 0.783333 0.420312 0.783333 0.421875 0.780556 0.428125 0.780556 0.429688 0.777778 0.4375 0.777778 0.439063 0.780556 0.442187 0.780556 0.44375 0.783333 0.445312 0.783333 0.45625 0.802778 0.45625 0.808333 0.457812 0.811111 0.457812 0.830556 0.45625 0.833333 0.45625 0.836111 0.454688 0.838889 0.454688 0.841667 0.453125 0.844444 0.453125 0.847222 0.451562 0.85 0.451562 0.855556 0.448438 0.861111 0.446875 0.861111 0.446875 0.863889 0.445312 0.866667 0.445312 0.869444 0.44375 0.872222 0.44375 0.875 0.442187 0.877778 0.442187 0.880556 0.440625 0.883333 0.440625 0.888889 0.439063 0.891667 0.439063 0.894444 0.4375 0.897222 0.4375 0.902778 0.434375 0.908333 0.434375 0.911111 0.432813 0.913889 0.432813 0.922222 0.434375 0.925 0.434375 0.930556 0.440625 0.930556 0.44375 0.925 0.448438 0.925 0.45 0.922222 0.475 0.922222 0.476562 0.925 0.4875 0.925 0.489062 0.927778 0.496875 0.927778 0.498437 0.930556 0.515625 0.930556 0.517187 0.933333 0.520312 0.933333 0.521875 0.936111 0.534375 0.936111 0.535937 0.938889 0.55 0.938889 0.551562 0.941667 0.560938 0.941667 0.5625 0.944444 0.56875 0.944444 0.570312 0.947222 0.58125 0.947222 0.582812 0.95 0.596875 0.95 0.598437 0.952778 0.615625 0.952778 0.617188 0.955556 0.629687 0.955556 0.63125 0.958333 0.646875 0.958333 0.648438 0.961111 0.667188 0.961111 0.66875 0.963889 0.678125 0.963889 0.679688 0.966667 0.690625 0.966667 0.692187 0.969444 0.698438 0.969444 0.7 0.972222 0.7 0.980556 0.839063 0.980556 0.839063 0.972222 0.84375 0.963889 0.845312 0.963889 0.846875 0.961111 0.851562 0.961111 0.853125 0.958333 0.854688 0.958333 0.85625 0.955556 0.857813 0.955556 0.859375 0.952778 0.8625 0.952778 0.864062 0.95 0.865625 0.95 0.870313 0.941667 0.871875 0.941667 0.873438 0.938889 0.875 0.938889 0.879687 0.930556 0.88125 0.930556 0.882812 0.927778 0.884375 0.927778 0.884375 0.925 0.8875 0.919444 0.8875 0.916667 0.889063 0.913889 0.889063 0.911111 0.890625 0.908333 0.890625 0.888889 0.892187 0.886111 0.892187 0.836111 0.89375 0.833333 0.89375 0.8 0.895312 0.797222 0.895312 0.775 0.896875 0.772222 0.896875 0.761111 0.898438 0.758333 0.898438 0.747222 0.9 0.744444 0.9 0.716667 0.901563 0.713889 0.901563 0.677778 0.9 0.675 0.9 0.625 0.901563 0.622222 0.901563 0.547222 0.903125 0.544444 0.903125 0.491667 0.904688 0.488889 0.904688 0.452778 0.90625 0.45 0.90625 0.427778 0.907812 0.425 0.907812 0.366667 0.909375 0.363889 0.909375 0.322222 0.910937 0.319444 0.910937 0.288889 0.9125 0.286111 0.9125 0.269444 0.914062 0.266667 0.914062 0.261111 0.915625 0.258333 0.920313 0.258333 0.920313 0.0861111 0.9125 0.0861111 0.910937 0.0833333 0.90625 0.0833333 0.904688 0.0805556 0.890625 0.0805556 0.889063 0.0777778 0.870313 0.0777778 0.86875 0.075 0.845312 0.075 0.84375 0.0722222 0.83125 0.0722222 0.829687 0.0694444 0.79375 0.0694444 0.792188 0.0666667 0.76875 0.0666667 0.767187 0.0638889 0.753125 0.0638889 0.751562 0.0611111 0.64375 0.0611111 0.642187 0.0583333 0.603125 0.0583333 0.601562 0.0555556 0.55 0.0555556 0.548437 0.0527778 0.492188 0.0527778 0.490625 0.05 0.478125 0.05 0.476562 0.0472222 0.476562 0.0388889 0.411516
67 0.159375 0.0388889 0.159375 0.852778 0.164062 0.852778 0.170312 0.863889 0.171875 0.863889 0.173438 0.866667 0.175 0.866667 0.182812 0.880556 0.185937 0.880556 0.1875 0.883333 0.190625 0.883333 0.192188 0.886111 0.19375 0.886111 0.195312 0.888889 0.198437 0.888889 0.2 0.891667 0.204688 0.891667 0.20625 0.894444 0.2125 0.894444 0.214062 0.897222 0.232812 0.897222 0.234375 0.9 0.251563 0.9 0.253125 0.902778 0.26875 0.902778 0.270312 0.9 0.307813 0.9 0.310937 0.894444 0.3125 0.894444 0.315625 0.888889 0.321875 0.888889 0.323438 0.886111 0.325 0.886111 0.326562 0.883333 0.328125 0.883333 0.329688 0.880556 0.33125 0.880556 0.342187 0.861111 0.342187 0.858333 0.345313 0.852778 0.35 0.852778 0.351562 0.85 0.353125 0.85 0.354688 0.852778 0.35625 0.852778 0.357812 0.855556 0.364062 0.855556 0.36875 0.847222 0.370313 0.847222 0.370313 0.844444 0.375 0.836111 0.376563 0.836111 0.376563 0.830556 0.379687 0.825 0.38125 0.825 0.382812 0.822222 0.382812 0.819444 0.385938 0.813889 0.3875 0.813889 0.389062 0.811111 0.389062 0.808333 0.392188 0.802778 0.395312 0.802778 0.4 0.794444 0.401563 0.794444 0.403125 0.791667 0.40625 0.791667 0.407813 0.788889 0.409375 0.788889 0.410937 0.786111 0.414062 0.786111 0.415625 0.783333 0.420312 0.783333 0.421875 0.780556 0.428125 0.780556 0.429688 0.777778 0.4375 0.777778 0.439063 0.780556 0.442187 0.780556 0.44375 0.783333 0.445312 0.783333 0.45625 0.802778 0.45625 0.808333 0.457812 0.811111 0.457812 0.830556 0.45625 0.833333 0.45625 0.836111 0.454688 0.838889 0.454688 0.841667 0.453125 0.844444 0.453125 0.847222 0.451562 0.85 0.451562 0.855556 0.448438 0.861111 0.446875 0.861111 0.446875 0.863889 0.445312 0.866667 0.445312 0.869444 0.44375 0.872222 0.44375 0.875 0.442187 0.877778 0.442187 0.880556 0.440625 0.883333 0.440625 0.888889 0.439063 0.891667 0.439063 0.894444 0.4375 0.897222 0.4375 0.902778 0.434375 0.908333 0.434375 0.911111 0.432813 0.913889 0.432813 0.922222 0.434375 0.925 0.434375 0.930556 0.440625 0.930556 0.44375 0.925 0.448438 0.925 0.45 0.922222 0.475 0.922222 0.476562 0.925 0.4875 0.925 0.489062 0.927778 0.496875 0.927778 0.498437 0.930556 0.515625 0.930556 0.517187 0.933333 0.520312 0.933333 0.521875 0.936111 0.534375 0.936111 0.535937 0.938889 0.55 0.938889 0.551562 0.941667 0.560938 0.941667 0.5625 0.944444 0.56875 0.944444 0.570312 0.947222 0.58125 0.947222 0.582812 0.95 0.596875 0.95 0.598437 0.952778 0.615625 0.952778 0.617188 0.955556 0.629687 0.955556 0.63125 0.958333 0.646875 0.958333 0.648438 0.961111 0.667188 0.961111 0.66875 0.963889 0.678125 0.963889 0.679688 0.966667 0.690625 0.966667 0.692187 0.969444 0.698438 0.969444 0.7 0.972222 0.7 0.980556 0.839063 0.980556 0.839063 0.972222 0.84375 0.963889 0.845312 0.963889 0.846875 0.961111 0.851562 0.961111 0.853125 0.958333 0.854688 0.958333 0.85625 0.955556 0.857813 0.955556 0.859375 0.952778 0.8625 0.952778 0.864062 0.95 0.865625 0.95 0.870313 0.941667 0.871875 0.941667 0.873438 0.938889 0.875 0.938889 0.879687 0.930556 0.88125 0.930556 0.882812 0.927778 0.884375 0.927778 0.884375 0.925 0.8875 0.919444 0.8875 0.916667 0.889063 0.913889 0.889063 0.911111 0.890625 0.908333 0.890625 0.888889 0.892187 0.886111 0.892187 0.836111 0.89375 0.833333 0.89375 0.8 0.895312 0.797222 0.895312 0.775 0.896875 0.772222 0.896875 0.761111 0.898438 0.758333 0.898438 0.747222 0.9 0.744444 0.9 0.716667 0.901563 0.713889 0.901563 0.677778 0.9 0.675 0.9 0.625 0.901563 0.622222 0.901563 0.547222 0.903125 0.544444 0.903125 0.491667 0.904688 0.488889 0.904688 0.452778 0.90625 0.45 0.90625 0.427778 0.907812 0.425 0.907812 0.366667 0.909375 0.363889 0.909375 0.322222 0.910937 0.319444 0.910937 0.288889 0.9125 0.286111 0.9125 0.269444 0.914062 0.266667 0.914062 0.261111 0.915625 0.258333 0.920313 0.258333 0.920313 0.0861111 0.9125 0.0861111 0.910937 0.0833333 0.90625 0.0833333 0.904688 0.0805556 0.890625 0.0805556 0.889063 0.0777778 0.870313 0.0777778 0.86875 0.075 0.845312 0.075 0.84375 0.0722222 0.83125 0.0722222 0.829687 0.0694444 0.79375 0.0694444 0.792188 0.0666667 0.76875 0.0666667 0.767187 0.0638889 0.753125 0.0638889 0.751562 0.0611111 0.64375 0.0611111 0.642187 0.0583333 0.603125 0.0583333 0.601562 0.0555556 0.55 0.0555556 0.548437 0.0527778 0.492188 0.0527778 0.490625 0.05 0.478125 0.05 0.476562 0.0472222 0.476562 0.0388889 0.288105
0 0.409375 0.783333 0.409375 0.791667 0.404687 0.8 0.403125 0.8 0.4 0.805556 0.398438 0.805556 0.395312 0.811111 0.39375 0.811111 0.390625 0.816667 0.389062 0.816667 0.385938 0.822222 0.385938 0.825 0.376563 0.841667 0.376563 0.844444 0.371875 0.852778 0.370313 0.852778 0.3625 0.866667 0.360938 0.866667 0.35 0.886111 0.35 0.888889 0.345313 0.897222 0.345313 0.9 0.342187 0.905556 0.342187 0.908333 0.339063 0.913889 0.339063 0.916667 0.3375 0.919444 0.3375 0.922222 0.335938 0.925 0.335938 0.927778 0.33125 0.936111 0.33125 0.938889 0.328125 0.944444 0.328125 0.947222 0.315625 0.969444 0.314063 0.969444 0.310937 0.975 0.309375 0.975 0.307813 0.977778 0.303125 0.977778 0.303125 1 0.384375 1 0.384375 0.991667 0.385938 0.988889 0.385938 0.986111 0.3875 0.983333 0.3875 0.980556 0.390625 0.975 0.390625 0.972222 0.39375 0.966667 0.39375 0.963889 0.398438 0.955556 0.398438 0.952778 0.404687 0.941667 0.404687 0.938889 0.40625 0.936111 0.40625 0.933333 0.410937 0.925 0.410937 0.922222 0.420312 0.905556 0.420312 0.902778 0.421875 0.9 0.423438 0.9 0.426562 0.894444 0.428125 0.894444 0.442187 0.869444 0.442187 0.866667 0.445312 0.861111 0.445312 0.858333 0.45 0.85 0.45 0.847222 0.451562 0.844444 0.451562 0.841667 0.453125 0.838889 0.453125 0.836111 0.454688 0.833333 0.454688 0.830556 0.45625 0.827778 0.45625 0.811111 0.454688 0.808333 0.454688 0.802778 0.45 0.794444 0.45 0.783333 0.600022
62 0.159375 0.0388889 0.159375 0.852778 0.164062 0.852778 0.170312 0.863889 0.171875 0.863889 0.173438 0.866667 0.175 0.866667 0.182812 0.880556 0.185937 0.880556 0.1875 0.883333 0.190625 0.883333 0.192188 0.886111 0.19375 0.886111 0.195312 0.888889 0.198437 0.888889 0.2 0.891667 0.204688 0.891667 0.20625 0.894444 0.2125 0.894444 0.214062 0.897222 0.232812 0.897222 0.234375 0.9 0.251563 0.9 0.253125 0.902778 0.26875 0.902778 0.270312 0.9 0.307813 0.9 0.310937 0.894444 0.3125 0.894444 0.315625 0.888889 0.321875 0.888889 0.323438 0.886111 0.325 0.886111 0.326562 0.883333 0.328125 0.883333 0.329688 0.880556 0.33125 0.880556 0.342187 0.861111 0.342187 0.858333 0.345313 0.852778 0.35 0.852778 0.351562 0.85 0.353125 0.85 0.354688 0.852778 0.35625 0.852778 0.357812 0.855556 0.364062 0.855556 0.36875 0.847222 0.370313 0.847222 0.370313 0.844444 0.375 0.836111 0.376563 0.836111 0.376563 0.830556 0.379687 0.825 0.38125 0.825 0.382812 0.822222 0.382812 0.819444 0.385938 0.813889 0.3875 0.813889 0.389062 0.811111 0.389062 0.808333 0.392188 0.802778 0.395312 0.802778 0.4 0.794444 0.401563 0.794444 0.403125 0.791667 0.40625 0.791667 0.407813 0.788889 0.409375 0.788889 0.410937 0.786111 0.414062 0.786111 0.415625 0.783333 0.420312 0.783333 0.421875 0.780556 0.428125 0.780556 0.429688 0.777778 0.4375 0.777778 0.439063 0.780556 0.442187 0.780556 0.44375 0.783333 0.445312 0.783333 0.45625 0.802778 0.45625 0.808333 0.457812 0.811111 0.457812 0.830556 0.45625 0.833333 0.45625 0.836111 0.454688 0.838889 0.454688 0.841667 0.453125 0.844444 0.453125 0.847222 0.451562 0.85 0.451562 0.855556 0.448438 0.861111 0.446875 0.861111 0.446875 0.863889 0.445312 0.866667 0.445312 0.869444 0.44375 0.872222 0.44375 0.875 0.442187 0.877778 0.442187 0.880556 0.440625 0.883333 0.440625 0.888889 0.439063 0.891667 0.439063 0.894444 0.4375 0.897222 0.4375 0.902778 0.434375 0.908333 0.434375 0.911111 0.432813 0.913889 0.432813 0.922222 0.434375 0.925 0.434375 0.930556 0.440625 0.930556 0.44375 0.925 0.448438 0.925 0.45 0.922222 0.475 0.922222 0.476562 0.925 0.4875 0.925 0.489062 0.927778 0.496875 0.927778 0.498437 0.930556 0.515625 0.930556 0.517187 0.933333 0.520312 0.933333 0.521875 0.936111 0.534375 0.936111 0.535937 0.938889 0.55 0.938889 0.551562 0.941667 0.560938 0.941667 0.5625 0.944444 0.56875 0.944444 0.570312 0.947222 0.58125 0.947222 0.582812 0.95 0.596875 0.95 0.598437 0.952778 0.615625 0.952778 0.617188 0.955556 0.629687 0.955556 0.63125 0.958333 0.646875 0.958333 0.648438 0.961111 0.667188 0.961111 0.66875 0.963889 0.678125 0.963889 0.679688 0.966667 0.690625 0.966667 0.692187 0.969444 0.698438 0.969444 0.7 0.972222 0.7 0.980556 0.839063 0.980556 0.839063 0.972222 0.84375 0.963889 0.845312 0.963889 0.846875 0.961111 0.851562 0.961111 0.853125 0.958333 0.854688 0.958333 0.85625 0.955556 0.857813 0.955556 0.859375 0.952778 0.8625 0.952778 0.864062 0.95 0.865625 0.95 0.870313 0.941667 0.871875 0.941667 0.873438 0.938889 0.875 0.938889 0.879687 0.930556 0.88125 0.930556 0.882812 0.927778 0.884375 0.927778 0.884375 0.925 0.8875 0.919444 0.8875 0.916667 0.889063 0.913889 0.889063 0.911111 0.890625 0.908333 0.890625 0.888889 0.892187 0.886111 0.892187 0.836111 0.89375 0.833333 0.89375 0.8 0.895312 0.797222 0.895312 0.775 0.896875 0.772222 0.896875 0.761111 0.898438 0.758333 0.898438 0.747222 0.9 0.744444 0.9 0.716667 0.901563 0.713889 0.901563 0.677778 0.9 0.675 0.9 0.625 0.901563 0.622222 0.901563 0.547222 0.903125 0.544444 0.903125 0.491667 0.904688 0.488889 0.904688 0.452778 0.90625 0.45 0.90625 0.427778 0.907812 0.425 0.907812 0.366667 0.909375 0.363889 0.909375 0.322222 0.910937 0.319444 0.910937 0.288889 0.9125 0.286111 0.9125 0.269444 0.914062 0.266667 0.914062 0.261111 0.915625 0.258333 0.920313 0.258333 0.920313 0.0861111 0.9125 0.0861111 0.910937 0.0833333 0.90625 0.0833333 0.904688 0.0805556 0.890625 0.0805556 0.889063 0.0777778 0.870313 0.0777778 0.86875 0.075 0.845312 0.075 0.84375 0.0722222 0.83125 0.0722222 0.829687 0.0694444 0.79375 0.0694444 0.792188 0.0666667 0.76875 0.0666667 0.767187 0.0638889 0.753125 0.0638889 0.751562 0.0611111 0.64375 0.0611111 0.642187 0.0583333 0.603125 0.0583333 0.601562 0.0555556 0.55 0.0555556 0.548437 0.0527778 0.492188 0.0527778 0.490625 0.05 0.478125 0.05 0.476562 0.0472222 0.476562 0.0388889 0.411516
67 0.159375 0.0388889 0.159375 0.852778 0.164062 0.852778 0.170312 0.863889 0.171875 0.863889 0.173438 0.866667 0.175 0.866667 0.182812 0.880556 0.185937 0.880556 0.1875 0.883333 0.190625 0.883333 0.192188 0.886111 0.19375 0.886111 0.195312 0.888889 0.198437 0.888889 0.2 0.891667 0.204688 0.891667 0.20625 0.894444 0.2125 0.894444 0.214062 0.897222 0.232812 0.897222 0.234375 0.9 0.251563 0.9 0.253125 0.902778 0.26875 0.902778 0.270312 0.9 0.307813 0.9 0.310937 0.894444 0.3125 0.894444 0.315625 0.888889 0.321875 0.888889 0.323438 0.886111 0.325 0.886111 0.326562 0.883333 0.328125 0.883333 0.329688 0.880556 0.33125 0.880556 0.342187 0.861111 0.342187 0.858333 0.345313 0.852778 0.35 0.852778 0.351562 0.85 0.353125 0.85 0.354688 0.852778 0.35625 0.852778 0.357812 0.855556 0.364062 0.855556 0.36875 0.847222 0.370313 0.847222 0.370313 0.844444 0.375 0.836111 0.376563 0.836111 0.376563 0.830556 0.379687 0.825 0.38125 0.825 0.382812 0.822222 0.382812 0.819444 0.385938 0.813889 0.3875 0.813889 0.389062 0.811111 0.389062 0.808333 0.392188 0.802778 0.395312 0.802778 0.4 0.794444 0.401563 0.794444 0.403125 0.791667 0.40625 0.791667 0.407813 0.788889 0.409375 0.788889 0.410937 0.786111 0.414062 0.786111 0.415625 0.783333 0.420312 0.783333 0.421875 0.780556 0.428125 0.780556 0.429688 0.777778 0.4375 0.777778 0.439063 0.780556 0.442187 0.780556 0.44375 0.783333 0.445312 0.783333 0.45625 0.802778 0.45625 0.808333 0.457812 0.811111 0.457812 0.830556 0.45625 0.833333 0.45625 0.836111 0.454688 0.838889 0.454688 0.841667 0.453125 0.844444 0.453125 0.847222 0.451562 0.85 0.451562 0.855556 0.448438 0.861111 0.446875 0.861111 0.446875 0.863889 0.445312 0.866667 0.445312 0.869444 0.44375 0.872222 0.44375 0.875 0.442187 0.877778 0.442187 0.880556 0.440625 0.883333 0.440625 0.888889 0.439063 0.891667 0.439063 0.894444 0.4375 0.897222 0.4375 0.902778 0.434375 0.908333 0.434375 0.911111 0.432813 0.913889 0.432813 0.922222 0.434375 0.925 0.434375 0.930556 0.440625 0.930556 0.44375 0.925 0.448438 0.925 0.45 0.922222 0.475 0.922222 0.476562 0.925 0.4875 0.925 0.489062 0.927778 0.496875 0.927778 0.498437 0.930556 0.515625 0.930556 0.517187 0.933333 0.520312 0.933333 0.521875 0.936111 0.534375 0.936111 0.535937 0.938889 0.55 0.938889 0.551562 0.941667 0.560938 0.941667 0.5625 0.944444 0.56875 0.944444 0.570312 0.947222 0.58125 0.947222 0.582812 0.95 0.596875 0.95 0.598437 0.952778 0.615625 0.952778 0.617188 0.955556 0.629687 0.955556 0.63125 0.958333 0.646875 0.958333 0.648438 0.961111 0.667188 0.961111 0.66875 0.963889 0.678125 0.963889 0.679688 0.966667 0.690625 0.966667 0.692187 0.969444 0.698438 0.969444 0.7 0.972222 0.7 0.980556 0.839063 0.980556 0.839063 0.972222 0.84375 0.963889 0.845312 0.963889 0.846875 0.961111 0.851562 0.961111 0.853125 0.958333 0.854688 0.958333 0.85625 0.955556 0.857813 0.955556 0.859375 0.952778 0.8625 0.952778 0.864062 0.95 0.865625 0.95 0.870313 0.941667 0.871875 0.941667 0.873438 0.938889 0.875 0.938889 0.879687 0.930556 0.88125 0.930556 0.882812 0.927778 0.884375 0.927778 0.884375 0.925 0.8875 0.919444 0.8875 0.916667 0.889063 0.913889 0.889063 0.911111 0.890625 0.908333 0.890625 0.888889 0.892187 0.886111 0.892187 0.836111 0.89375 0.833333 0.89375 0.8 0.895312 0.797222 0.895312 0.775 0.896875 0.772222 0.896875 0.761111 0.898438 0.758333 0.898438 0.747222 0.9 0.744444 0.9 0.716667 0.901563 0.713889 0.901563 0.677778 0.9 0.675 0.9 0.625 0.901563 0.622222 0.901563 0.547222 0.903125 0.544444 0.903125 0.491667 0.904688 0.488889 0.904688 0.452778 0.90625 0.45 0.90625 0.427778 0.907812 0.425 0.907812 0.366667 0.909375 0.363889 0.909375 0.322222 0.910937 0.319444 0.910937 0.288889 0.9125 0.286111 0.9125 0.269444 0.914062 0.266667 0.914062 0.261111 0.915625 0.258333 0.920313 0.258333 0.920313 0.0861111 0.9125 0.0861111 0.910937 0.0833333 0.90625 0.0833333 0.904688 0.0805556 0.890625 0.0805556 0.889063 0.0777778 0.870313 0.0777778 0.86875 0.075 0.845312 0.075 0.84375 0.0722222 0.83125 0.0722222 0.829687 0.0694444 0.79375 0.0694444 0.792188 0.0666667 0.76875 0.0666667 0.767187 0.0638889 0.753125 0.0638889 0.751562 0.0611111 0.64375 0.0611111 0.642187 0.0583333 0.603125 0.0583333 0.601562 0.0555556 0.55 0.0555556 0.548437 0.0527778 0.492188 0.0527778 0.490625 0.05 0.478125 0.05 0.476562 0.0472222 0.476562 0.0388889 0.288105
0 0.409375 0.783333 0.409375 0.791667 0.404687 0.8 0.403125 0.8 0.4 0.805556 0.398438 0.805556 0.395312 0.811111 0.39375 0.811111 0.390625 0.816667 0.389062 0.816667 0.385938 0.822222 0.385938 0.825 0.376563 0.841667 0.376563 0.844444 0.371875 0.852778 0.370313 0.852778 0.3625 0.866667 0.360938 0.866667 0.35 0.886111 0.35 0.888889 0.345313 0.897222 0.345313 0.9 0.342187 0.905556 0.342187 0.908333 0.339063 0.913889 0.339063 0.916667 0.3375 0.919444 0.3375 0.922222 0.335938 0.925 0.335938 0.927778 0.33125 0.936111 0.33125 0.938889 0.328125 0.944444 0.328125 0.947222 0.315625 0.969444 0.314063 0.969444 0.310937 0.975 0.309375 0.975 0.307813 0.977778 0.303125 0.977778 0.303125 1 0.384375 1 0.384375 0.991667 0.385938 0.988889 0.385938 0.986111 0.3875 0.983333 0.3875 0.980556 0.390625 0.975 0.390625 0.972222 0.39375 0.966667 0.39375 0.963889 0.398438 0.955556 0.398438 0.952778 0.404687 0.941667 0.404687 0.938889 0.40625 0.936111 0.40625 0.933333 0.410937 0.925 0.410937 0.922222 0.420312 0.905556 0.420312 0.902778 0.421875 0.9 0.423438 0.9 0.426562 0.894444 0.428125 0.894444 0.442187 0.869444 0.442187 0.866667 0.445312 0.861111 0.445312 0.858333 0.45 0.85 0.45 0.847222 0.451562 0.844444 0.451562 0.841667 0.453125 0.838889 0.453125 0.836111 0.454688 0.833333 0.454688 0.830556 0.45625 0.827778 0.45625 0.811111 0.454688 0.808333 0.454688 0.802778 0.45 0.794444 0.45 0.783333 0.600022
62 0.159375 0.0388889 0.159375 0.852778 0.164062 0.852778 0.170312 0.863889 0.171875 0.863889 0.173438 0.866667 0.175 0.866667 0.182812 0.880556 0.185937 0.880556 0.1875 0.883333 0.190625 0.883333 0.192188 0.886111 0.19375 0.886111 0.195312 0.888889 0.198437 0.888889 0.2 0.891667 0.204688 0.891667 0.20625 0.894444 0.2125 0.894444 0.214062 0.897222 0.232812 0.897222 0.234375 0.9 0.251563 0.9 0.253125 0.902778 0.26875 0.902778 0.270312 0.9 0.307813 0.9 0.310937 0.894444 0.3125 0.894444 0.315625 0.888889 0.321875 0.888889 0.323438 0.886111 0.325 0.886111 0.326562 0.883333 0.328125 0.883333 0.329688 0.880556 0.33125 0.880556 0.342187 0.861111 0.342187 0.858333 0.345313 0.852778 0.35 0.852778 0.351562 0.85 0.353125 0.85 0.354688 0.852778 0.35625 0.852778 0.357812 0.855556 0.364062 0.855556 0.36875 0.847222 0.370313 0.847222 0.370313 0.844444 0.375 0.836111 0.376563 0.836111 0.376563 0.830556 0.379687 0.825 0.38125 0.825 0.382812 0.822222 0.382812 0.819444 0.385938 0.813889 0.3875 0.813889 0.389062 0.811111 0.389062 0.808333 0.392188 0.802778 0.395312 0.802778 0.4 0.794444 0.401563 0.794444 0.403125 0.791667 0.40625 0.791667 0.407813 0.788889 0.409375 0.788889 0.410937 0.786111 0.414062 0.786111 0.415625 0.783333 0.420312 0.783333 0.421875 0.780556 0.428125 0.780556 0.429688 0.777778 0.4375 0.777778 0.439063 0.780556 0.442187 0.780556 0.44375 0.783333 0.445312 0.783333 0.45625 0.802778 0.45625 0.808333 0.457812 0.811111 0.457812 0.830556 0.45625 0.833333 0.45625 0.836111 0.454688 0.838889 0.454688 0.841667 0.453125 0.844444 0.453125 0.847222 0.451562 0.85 0.451562 0.855556 0.448438 0.861111 0.446875 0.861111 0.446875 0.863889 0.445312 0.866667 0.445312 0.869444 0.44375 0.872222 0.44375 0.875 0.442187 0.877778 0.442187 0.880556 0.440625 0.883333 0.440625 0.888889 0.439063 0.891667 0.439063 0.894444 0.4375 0.897222 0.4375 0.902778 0.434375 0.908333 0.434375 0.911111 0.432813 0.913889 0.432813 0.922222 0.434375 0.925 0.434375 0.930556 0.440625 0.930556 0.44375 0.925 0.448438 0.925 0.45 0.922222 0.475 0.922222 0.476562 0.925 0.4875 0.925 0.489062 0.927778 0.496875 0.927778 0.498437 0.930556 0.515625 0.930556 0.517187 0.933333 0.520312 0.933333 0.521875 0.936111 0.534375 0.936111 0.535937 0.938889 0.55 0.938889 0.551562 0.941667 0.560938 0.941667 0.5625 0.944444 0.56875 0.944444 0.570312 0.947222 0.58125 0.947222 0.582812 0.95 0.596875 0.95 0.598437 0.952778 0.615625 0.952778 0.617188 0.955556 0.629687 0.955556 0.63125 0.958333 0.646875 0.958333 0.648438 0.961111 0.667188 0.961111 0.66875 0.963889 0.678125 0.963889 0.679688 0.966667 0.690625 0.966667 0.692187 0.969444 0.698438 0.969444 0.7 0.972222 0.7 0.980556 0.839063 0.980556 0.839063 0.972222 0.84375 0.963889 0.845312 0.963889 0.846875 0.961111 0.851562 0.961111 0.853125 0.958333 0.854688 0.958333 0.85625 0.955556 0.857813 0.955556 0.859375 0.952778 0.8625 0.952778 0.864062 0.95 0.865625 0.95 0.870313 0.941667 0.871875 0.941667 0.873438 0.938889 0.875 0.938889 0.879687 0.930556 0.88125 0.930556 0.882812 0.927778 0.884375 0.927778 0.884375 0.925 0.8875 0.919444 0.8875 0.916667 0.889063 0.913889 0.889063 0.911111 0.890625 0.908333 0.890625 0.888889 0.892187 0.886111 0.892187 0.836111 0.89375 0.833333 0.89375 0.8 0.895312 0.797222 0.895312 0.775 0.896875 0.772222 0.896875 0.761111 0.898438 0.758333 0.898438 0.747222 0.9 0.744444 0.9 0.716667 0.901563 0.713889 0.901563 0.677778 0.9 0.675 0.9 0.625 0.901563 0.622222 0.901563 0.547222 0.903125 0.544444 0.903125 0.491667 0.904688 0.488889 0.904688 0.452778 0.90625 0.45 0.90625 0.427778 0.907812 0.425 0.907812 0.366667 0.909375 0.363889 0.909375 0.322222 0.910937 0.319444 0.910937 0.288889 0.9125 0.286111 0.9125 0.269444 0.914062 0.266667 0.914062 0.261111 0.915625 0.258333 0.920313 0.258333 0.920313 0.0861111 0.9125 0.0861111 0.910937 0.0833333 0.90625 0.0833333 0.904688 0.0805556 0.890625 0.0805556 0.889063 0.0777778 0.870313 0.0777778 0.86875 0.075 0.845312 0.075 0.84375 0.0722222 0.83125 0.0722222 0.829687 0.0694444 0.79375 0.0694444 0.792188 0.0666667 0.76875 0.0666667 0.767187 0.0638889 0.753125 0.0638889 0.751562 0.0611111 0.64375 0.0611111 0.642187 0.0583333 0.603125 0.0583333 0.601562 0.0555556 0.55 0.0555556 0.548437 0.0527778 0.492188 0.0527778 0.490625 0.05 0.478125 0.05 0.476562 0.0472222 0.476562 0.0388889 0.411516
67 0.159375 0.0388889 0.159375 0.852778 0.164062 0.852778 0.170312 0.863889 0.171875 0.863889 0.173438 0.866667 0.175 0.866667 0.182812 0.880556 0.185937 0.880556 0.1875 0.883333 0.190625 0.883333 0.192188 0.886111 0.19375 0.886111 0.195312 0.888889 0.198437 0.888889 0.2 0.891667 0.204688 0.891667 0.20625 0.894444 0.2125 0.894444 0.214062 0.897222 0.232812 0.897222 0.234375 0.9 0.251563 0.9 0.253125 0.902778 0.26875 0.902778 0.270312 0.9 0.307813 0.9 0.310937 0.894444 0.3125 0.894444 0.315625 0.888889 0.321875 0.888889 0.323438 0.886111 0.325 0.886111 0.326562 0.883333 0.328125 0.883333 0.329688 0.880556 0.33125 0.880556 0.342187 0.861111 0.342187 0.858333 0.345313 0.852778 0.35 0.852778 0.351562 0.85 0.353125 0.85 0.354688 0.852778 0.35625 0.852778 0.357812 0.855556 0.364062 0.855556 0.36875 0.847222 0.370313 0.847222 0.370313 0.844444 0.375 0.836111 0.376563 0.836111 0.376563 0.830556 0.379687 0.825 0.38125 0.825 0.382812 0.822222 0.382812 0.819444 0.385938 0.813889 0.3875 0.813889 0.389062 0.811111 0.389062 0.808333 0.392188 0.802778 0.395312 0.802778 0.4 0.794444 0.401563 0.794444 0.403125 0.791667 0.40625 0.791667 0.407813 0.788889 0.409375 0.788889 0.410937 0.786111 0.414062 0.786111 0.415625 0.783333 0.420312 0.783333 0.421875 0.780556 0.428125 0.780556 0.429688 0.777778 0.4375 0.777778 0.439063 0.780556 0.442187 0.780556 0.44375 0.783333 0.445312 0.783333 0.45625 0.802778 0.45625 0.808333 0.457812 0.811111 0.457812 0.830556 0.45625 0.833333 0.45625 0.836111 0.454688 0.838889 0.454688 0.841667 0.453125 0.844444 0.453125 0.847222 0.451562 0.85 0.451562 0.855556 0.448438 0.861111 0.446875 0.861111 0.446875 0.863889 0.445312 0.866667 0.445312 0.869444 0.44375 0.872222 0.44375 0.875 0.442187 0.877778 0.442187 0.880556 0.440625 0.883333 0.440625 0.888889 0.439063 0.891667 0.439063 0.894444 0.4375 0.897222 0.4375 0.902778 0.434375 0.908333 0.434375 0.911111 0.432813 0.913889 0.432813 0.922222 0.434375 0.925 0.434375 0.930556 0.440625 0.930556 0.44375 0.925 0.448438 0.925 0.45 0.922222 0.475 0.922222 0.476562 0.925 0.4875 0.925 0.489062 0.927778 0.496875 0.927778 0.498437 0.930556 0.515625 0.930556 0.517187 0.933333 0.520312 0.933333 0.521875 0.936111 0.534375 0.936111 0.535937 0.938889 0.55 0.938889 0.551562 0.941667 0.560938 0.941667 0.5625 0.944444 0.56875 0.944444 0.570312 0.947222 0.58125 0.947222 0.582812 0.95 0.596875 0.95 0.598437 0.952778 0.615625 0.952778 0.617188 0.955556 0.629687 0.955556 0.63125 0.958333 0.646875 0.958333 0.648438 0.961111 0.667188 0.961111 0.66875 0.963889 0.678125 0.963889 0.679688 0.966667 0.690625 0.966667 0.692187 0.969444 0.698438 0.969444 0.7 0.972222 0.7 0.980556 0.839063 0.980556 0.839063 0.972222 0.84375 0.963889 0.845312 0.963889 0.846875 0.961111 0.851562 0.961111 0.853125 0.958333 0.854688 0.958333 0.85625 0.955556 0.857813 0.955556 0.859375 0.952778 0.8625 0.952778 0.864062 0.95 0.865625 0.95 0.870313 0.941667 0.871875 0.941667 0.873438 0.938889 0.875 0.938889 0.879687 0.930556 0.88125 0.930556 0.882812 0.927778 0.884375 0.927778 0.884375 0.925 0.8875 0.919444 0.8875 0.916667 0.889063 0.913889 0.889063 0.911111 0.890625 0.908333 0.890625 0.888889 0.892187 0.886111 0.892187 0.836111 0.89375 0.833333 0.89375 0.8 0.895312 0.797222 0.895312 0.775 0.896875 0.772222 0.896875 0.761111 0.898438 0.758333 0.898438 0.747222 0.9 0.744444 0.9 0.716667 0.901563 0.713889 0.901563 0.677778 0.9 0.675 0.9 0.625 0.901563 0.622222 0.901563 0.547222 0.903125 0.544444 0.903125 0.491667 0.904688 0.488889 0.904688 0.452778 0.90625 0.45 0.90625 0.427778 0.907812 0.425 0.907812 0.366667 0.909375 0.363889 0.909375 0.322222 0.910937 0.319444 0.910937 0.288889 0.9125 0.286111 0.9125 0.269444 0.914062 0.266667 0.914062 0.261111 0.915625 0.258333 0.920313 0.258333 0.920313 0.0861111 0.9125 0.0861111 0.910937 0.0833333 0.90625 0.0833333 0.904688 0.0805556 0.890625 0.0805556 0.889063 0.0777778 0.870313 0.0777778 0.86875 0.075 0.845312 0.075 0.84375 0.0722222 0.83125 0.0722222 0.829687 0.0694444 0.79375 0.0694444 0.792188 0.0666667 0.76875 0.0666667 0.767187 0.0638889 0.753125 0.0638889 0.751562 0.0611111 0.64375 0.0611111 0.642187 0.0583333 0.603125 0.0583333 0.601562 0.0555556 0.55 0.0555556 0.548437 0.0527778 0.492188 0.0527778 0.490625 0.05 0.478125 0.05 0.476562 0.0472222 0.476562 0.0388889 0.288105
0 0.409375 0.783333 0.409375 0.791667 0.404687 0.8 0.403125 0.8 0.4 0.805556 0.398438 0.805556 0.395312 0.811111 0.39375 0.811111 0.390625 0.816667 0.389062 0.816667 0.385938 0.822222 0.385938 0.825 0.376563 0.841667 0.376563 0.844444 0.371875 0.852778 0.370313 0.852778 0.3625 0.866667 0.360938 0.866667 0.35 0.886111 0.35 0.888889 0.345313 0.897222 0.345313 0.9 0.342187 0.905556 0.342187 0.908333 0.339063 0.913889 0.339063 0.916667 0.3375 0.919444 0.3375 0.922222 0.335938 0.925 0.335938 0.927778 0.33125 0.936111 0.33125 0.938889 0.328125 0.944444 0.328125 0.947222 0.315625 0.969444 0.314063 0.969444 0.310937 0.975 0.309375 0.975 0.307813 0.977778 0.303125 0.977778 0.303125 1 0.384375 1 0.384375 0.991667 0.385938 0.988889 0.385938 0.986111 0.3875 0.983333 0.3875 0.980556 0.390625 0.975 0.390625 0.972222 0.39375 0.966667 0.39375 0.963889 0.398438 0.955556 0.398438 0.952778 0.404687 0.941667 0.404687 0.938889 0.40625 0.936111 0.40625 0.933333 0.410937 0.925 0.410937 0.922222 0.420312 0.905556 0.420312 0.902778 0.421875 0.9 0.423438 0.9 0.426562 0.894444 0.428125 0.894444 0.442187 0.869444 0.442187 0.866667 0.445312 0.861111 0.445312 0.858333 0.45 0.85 0.45 0.847222 0.451562 0.844444 0.451562 0.841667 0.453125 0.838889 0.453125 0.836111 0.454688 0.833333 0.454688 0.830556 0.45625 0.827778 0.45625 0.811111 0.454688 0.808333 0.454688 0.802778 0.45 0.794444 0.45 0.783333 0.600022
62 0.159375 0.0388889 0.159375 0.852778 0.164062 0.852778 0.170312 0.863889 0.171875 0.863889 0.173438 0.866667 0.175 0.866667 0.182812 0.880556 0.185937 0.880556 0.1875 0.883333 0.190625 0.883333 0.192188 0.886111 0.19375 0.886111 0.195312 0.888889 0.198437 0.888889 0.2 0.891667 0.204688 0.891667 0.20625 0.894444 0.2125 0.894444 0.214062 0.897222 0.232812 0.897222 0.234375 0.9 0.251563 0.9 0.253125 0.902778 0.26875 0.902778 0.270312 0.9 0.307813 0.9 0.310937 0.894444 0.3125 0.894444 0.315625 0.888889 0.321875 0.888889 0.323438 0.886111 0.325 0.886111 0.326562 0.883333 0.328125 0.883333 0.329688 0.880556 0.33125 0.880556 0.342187 0.861111 0.342187 0.858333 0.345313 0.852778 0.35 0.852778 0.351562 0.85 0.353125 0.85 0.354688 0.852778 0.35625 0.852778 0.357812 0.855556 0.364062 0.855556 0.36875 0.847222 0.370313 0.847222 0.370313 0.844444 0.375 0.836111 0.376563 0.836111 0.376563 0.830556 0.379687 0.825 0.38125 0.825 0.382812 0.822222 0.382812 0.819444 0.385938 0.813889 0.3875 0.813889 0.389062 0.811111 0.389062 0.808333 0.392188 0.802778 0.395312 0.802778 0.4 0.794444 0.401563 0.794444 0.403125 0.791667 0.40625 0.791667 0.407813 0.788889 0.409375 0.788889 0.410937 0.786111 0.414062 0.786111 0.415625 0.783333 0.420312 0.783333 0.421875 0.780556 0.428125 0.780556 0.429688 0.777778 0.4375 0.777778 0.439063 0.780556 0.442187 0.780556 0.44375 0.783333 0.445312 0.783333 0.45625 0.802778 0.45625 0.808333 0.457812 0.811111 0.457812 0.830556 0.45625 0.833333 0.45625 0.836111 0.454688 0.838889 0.454688 0.841667 0.453125 0.844444 0.453125 0.847222 0.451562 0.85 0.451562 0.855556 0.448438 0.861111 0.446875 0.861111 0.446875 0.863889 0.445312 0.866667 0.445312 0.869444 0.44375 0.872222 0.44375 0.875 0.442187 0.877778 0.442187 0.880556 0.440625 0.883333 0.440625 0.888889 0.439063 0.891667 0.439063 0.894444 0.4375 0.897222 0.4375 0.902778 0.434375 0.908333 0.434375 0.911111 0.432813 0.913889 0.432813 0.922222 0.434375 0.925 0.434375 0.930556 0.440625 0.930556 0.44375 0.925 0.448438 0.925 0.45 0.922222 0.475 0.922222 0.476562 0.925 0.4875 0.925 0.489062 0.927778 0.496875 0.927778 0.498437 0.930556 0.515625 0.930556 0.517187 0.933333 0.520312 0.933333 0.521875 0.936111 0.534375 0.936111 0.535937 0.938889 0.55 0.938889 0.551562 0.941667 0.560938 0.941667 0.5625 0.944444 0.56875 0.944444 0.570312 0.947222 0.58125 0.947222 0.582812 0.95 0.596875 0.95 0.598437 0.952778 0.615625 0.952778 0.617188 0.955556 0.629687 0.955556 0.63125 0.958333 0.646875 0.958333 0.648438 0.961111 0.667188 0.961111 0.66875 0.963889 0.678125 0.963889 0.679688 0.966667 0.690625 0.966667 0.692187 0.969444 0.698438 0.969444 0.7 0.972222 0.7 0.980556 0.839063 0.980556 0.839063 0.972222 0.84375 0.963889 0.845312 0.963889 0.846875 0.961111 0.851562 0.961111 0.853125 0.958333 0.854688 0.958333 0.85625 0.955556 0.857813 0.955556 0.859375 0.952778 0.8625 0.952778 0.864062 0.95 0.865625 0.95 0.870313 0.941667 0.871875 0.941667 0.873438 0.938889 0.875 0.938889 0.879687 0.930556 0.88125 0.930556 0.882812 0.927778 0.884375 0.927778 0.884375 0.925 0.8875 0.919444 0.8875 0.916667 0.889063 0.913889 0.889063 0.911111 0.890625 0.908333 0.890625 0.888889 0.892187 0.886111 0.892187 0.836111 0.89375 0.833333 0.89375 0.8 0.895312 0.797222 0.895312 0.775 0.896875 0.772222 0.896875 0.761111 0.898438 0.758333 0.898438 0.747222 0.9 0.744444 0.9 0.716667 0.901563 0.713889 0.901563 0.677778 0.9 0.675 0.9 0.625 0.901563 0.622222 0.901563 0.547222 0.903125 0.544444 0.903125 0.491667 0.904688 0.488889 0.904688 0.452778 0.90625 0.45 0.90625 0.427778 0.907812 0.425 0.907812 0.366667 0.909375 0.363889 0.909375 0.322222 0.910937 0.319444 0.910937 0.288889 0.9125 0.286111 0.9125 0.269444 0.914062 0.266667 0.914062 0.261111 0.915625 0.258333 0.920313 0.258333 0.920313 0.0861111 0.9125 0.0861111 0.910937 0.0833333 0.90625 0.0833333 0.904688 0.0805556 0.890625 0.0805556 0.889063 0.0777778 0.870313 0.0777778 0.86875 0.075 0.845312 0.075 0.84375 0.0722222 0.83125 0.0722222 0.829687 0.0694444 0.79375 0.0694444 0.792188 0.0666667 0.76875 0.0666667 0.767187 0.0638889 0.753125 0.0638889 0.751562 0.0611111 0.64375 0.0611111 0.642187 0.0583333 0.603125 0.0583333 0.601562 0.0555556 0.55 0.0555556 0.548437 0.0527778 0.492188 0.0527778 0.490625 0.05 0.478125 0.05 0.476562 0.0472222 0.476562 0.0388889 0.411516
67 0.159375 0.0388889 0.159375 0.852778 0.164062 0.852778 0.170312 0.863889 0.171875 0.863889 0.173438 0.866667 0.175 0.866667 0.182812 0.880556 0.185937 0.880556 0.1875 0.883333 0.190625 0.883333 0.192188 0.886111 0.19375 0.886111 0.195312 0.888889 0.198437 0.888889 0.2 0.891667 0.204688 0.891667 0.20625 0.894444 0.2125 0.894444 0.214062 0.897222 0.232812 0.897222 0.234375 0.9 0.251563 0.9 0.253125 0.902778 0.26875 0.902778 0.270312 0.9 0.307813 0.9 0.310937 0.894444 0.3125 0.894444 0.315625 0.888889 0.321875 0.888889 0.323438 0.886111 0.325 0.886111 0.326562 0.883333 0.328125 0.883333 0.329688 0.880556 0.33125 0.880556 0.342187 0.861111 0.342187 0.858333 0.345313 0.852778 0.35 0.852778 0.351562 0.85 0.353125 0.85 0.354688 0.852778 0.35625 0.852778 0.357812 0.855556 0.364062 0.855556 0.36875 0.847222 0.370313 0.847222 0.370313 0.844444 0.375 0.836111 0.376563 0.836111 0.376563 0.830556 0.379687 0.825 0.38125 0.825 0.382812 0.822222 0.382812 0.819444 0.385938 0.813889 0.3875 0.813889 0.389062 0.811111 0.389062 0.808333 0.392188 0.802778 0.395312 0.802778 0.4 0.794444 0.401563 0.794444 0.403125 0.791667 0.40625 0.791667 0.407813 0.788889 0.409375 0.788889 0.410937 0.786111 0.414062 0.786111 0.415625 0.783333 0.420312 0.783333 0.421875 0.780556 0.428125 0.780556 0.429688 0.777778 0.4375 0.777778 0.439063 0.780556 0.442187 0.780556 0.44375 0.783333 0.445312 0.783333 0.45625 0.802778 0.45625 0.808333 0.457812 0.811111 0.457812 0.830556 0.45625 0.833333 0.45625 0.836111 0.454688 0.838889 0.454688 0.841667 0.453125 0.844444 0.453125 0.847222 0.451562 0.85 0.451562 0.855556 0.448438 0.861111 0.446875 0.861111 0.446875 0.863889 0.445312 0.866667 0.445312 0.869444 0.44375 0.872222 0.44375 0.875 0.442187 0.877778 0.442187 0.880556 0.440625 0.883333 0.440625 0.888889 0.439063 0.891667 0.439063 0.894444 0.4375 0.897222 0.4375 0.902778 0.434375 0.908333 0.434375 0.911111 0.432813 0.913889 0.432813 0.922222 0.434375 0.925 0.434375 0.930556 0.440625 0.930556 0.44375 0.925 0.448438 0.925 0.45 0.922222 0.475 0.922222 0.476562 0.925 0.4875 0.925 0.489062 0.927778 0.496875 0.927778 0.498437 0.930556 0.515625 0.930556 0.517187 0.933333 0.520312 0.933333 0.521875 0.936111 0.534375 0.936111 0.535937 0.938889 0.55 0.938889 0.551562 0.941667 0.560938 0.941667 0.5625 0.944444 0.56875 0.944444 0.570312 0.947222 0.58125 0.947222 0.582812 0.95 0.596875 0.95 0.598437 0.952778 0.615625 0.952778 0.617188 0.955556 0.629687 0.955556 0.63125 0.958333 0.646875 0.958333 0.648438 0.961111 0.667188 0.961111 0.66875 0.963889 0.678125 0.963889 0.679688 0.966667 0.690625 0.966667 0.692187 0.969444 0.698438 0.969444 0.7 0.972222 0.7 0.980556 0.839063 0.980556 0.839063 0.972222 0.84375 0.963889 0.845312 0.963889 0.846875 0.961111 0.851562 0.961111 0.853125 0.958333 0.854688 0.958333 0.85625 0.955556 0.857813 0.955556 0.859375 0.952778 0.8625 0.952778 0.864062 0.95 0.865625 0.95 0.870313 0.941667 0.871875 0.941667 0.873438 0.938889 0.875 0.938889 0.879687 0.930556 0.88125 0.930556 0.882812 0.927778 0.884375 0.927778 0.884375 0.925 0.8875 0.919444 0.8875 0.916667 0.889063 0.913889 0.889063 0.911111 0.890625 0.908333 0.890625 0.888889 0.892187 0.886111 0.892187 0.836111 0.89375 0.833333 0.89375 0.8 0.895312 0.797222 0.895312 0.775 0.896875 0.772222 0.896875 0.761111 0.898438 0.758333 0.898438 0.747222 0.9 0.744444 0.9 0.716667 0.901563 0.713889 0.901563 0.677778 0.9 0.675 0.9 0.625 0.901563 0.622222 0.901563 0.547222 0.903125 0.544444 0.903125 0.491667 0.904688 0.488889 0.904688 0.452778 0.90625 0.45 0.90625 0.427778 0.907812 0.425 0.907812 0.366667 0.909375 0.363889 0.909375 0.322222 0.910937 0.319444 0.910937 0.288889 0.9125 0.286111 0.9125 0.269444 0.914062 0.266667 0.914062 0.261111 0.915625 0.258333 0.920313 0.258333 0.920313 0.0861111 0.9125 0.0861111 0.910937 0.0833333 0.90625 0.0833333 0.904688 0.0805556 0.890625 0.0805556 0.889063 0.0777778 0.870313 0.0777778 0.86875 0.075 0.845312 0.075 0.84375 0.0722222 0.83125 0.0722222 0.829687 0.0694444 0.79375 0.0694444 0.792188 0.0666667 0.76875 0.0666667 0.767187 0.0638889 0.753125 0.0638889 0.751562 0.0611111 0.64375 0.0611111 0.642187 0.0583333 0.603125 0.0583333 0.601562 0.0555556 0.55 0.0555556 0.548437 0.0527778 0.492188 0.0527778 0.490625 0.05 0.478125 0.05 0.476562 0.0472222 0.476562 0.0388889 0.288105
