0 0.439063 0.183333 0.439063 0.194444 0.434375 0.202778 0.434375 0.208333 0.432813 0.211111 0.432813 0.219444 0.43125 0.222222 0.43125 0.230556 0.429688 0.233333 0.429688 0.238889 0.43125 0.241667 0.43125 0.247222 0.432813 0.25 0.432813 0.252778 0.434375 0.255556 0.434375 0.258333 0.442187 0.272222 0.442187 0.275 0.446875 0.283333 0.446875 0.286111 0.448438 0.286111 0.453125 0.294444 0.453125 0.3 0.454688 0.302778 0.451562 0.308333 0.45 0.308333 0.446875 0.313889 0.445312 0.313889 0.43125 0.338889 0.43125 0.341667 0.429688 0.344444 0.429688 0.347222 0.417188 0.369444 0.415625 0.369444 0.410937 0.377778 0.409375 0.377778 0.409375 0.380556 0.403125 0.391667 0.401563 0.391667 0.4 0.394444 0.398438 0.394444 0.396875 0.397222 0.39375 0.397222 0.392188 0.4 0.390625 0.4 0.389062 0.402778 0.384375 0.402778 0.382812 0.405556 0.376563 0.405556 0.375 0.402778 0.371875 0.402778 0.370313 0.4 0.36875 0.4 0.367188 0.397222 0.339063 0.397222 0.3375 0.4 0.334375 0.4 0.332812 0.402778 0.328125 0.402778 0.328125 0.438889 0.365625 0.438889 0.367188 0.441667 0.378125 0.441667 0.382812 0.45 0.384375 0.45 0.389062 0.458333 0.389062 0.461111 0.396875 0.475 0.404687 0.475 0.40625 0.472222 0.414062 0.472222 0.415625 0.469444 0.420312 0.469444 0.421875 0.466667 0.425 0.466667 0.426562 0.463889 0.428125 0.463889 0.429688 0.461111 0.43125 0.461111 0.432813 0.458333 0.434375 0.458333 0.434375 0.455556 0.440625 0.444444 0.442187 0.444444 0.44375 0.441667 0.445312 0.441667 0.453125 0.427778 0.454688 0.427778 0.457812 0.422222 0.464063 0.422222 0.467187 0.427778 0.467187 0.436111 0.471875 0.444444 0.471875 0.447222 0.473437 0.45 0.473437 0.461111 0.475 0.463889 0.475 0.469444 0.476562 0.472222 0.476562 0.477778 0.478125 0.480556 0.478125 0.486111 0.479688 0.488889 0.479688 0.5 0.48125 0.502778 0.48125 0.513889 0.482812 0.516667 0.482812 0.519444 0.484375 0.522222 0.484375 0.527778 0.485938 0.530556 0.485938 0.536111 0.4875 0.538889 0.4875 0.544444 0.489062 0.547222 0.489062 0.55 0.490625 0.552778 0.490625 0.555556 0.492188 0.558333 0.492188 0.563889 0.49375 0.566667 0.49375 0.586111 0.492188 0.588889 0.492188 0.594444 0.490625 0.597222 0.490625 0.6 0.489062 0.602778 0.489062 0.605556 0.4875 0.608333 0.4875 0.613889 0.485938 0.616667 0.485938 0.638889 0.484375 0.641667 0.484375 0.658333 0.482812 0.661111 0.482812 0.677778 0.48125 0.680556 0.48125 0.730556 0.482812 0.733333 0.482812 0.736111 0.485938 0.736111 0.4875 0.738889 0.501562 0.738889 0.503125 0.741667 0.509375 0.741667 0.510938 0.744444 0.515625 0.744444 0.517187 0.747222 0.523438 0.747222 0.525 0.75 0.529688 0.75 0.53125 0.752778 0.545313 0.752778 0.55 0.761111 0.55 0.769444 0.560938 0.769444 0.560938 0.761111 0.5625 0.758333 0.5625 0.75 0.564062 0.747222 0.564062 0.744444 0.567187 0.738889 0.567187 0.736111 0.570312 0.730556 0.570312 0.727778 0.573438 0.722222 0.573438 0.719444 0.575 0.716667 0.575 0.713889 0.578125 0.708333 0.578125 0.705556 0.58125 0.7 0.58125 0.697222 0.585938 0.688889 0.585938 0.686111 0.589063 0.680556 0.589063 0.677778 0.590625 0.675 0.590625 0.672222 0.59375 0.666667 0.59375 0.663889 0.596875 0.658333 0.596875 0.655556 0.601562 0.647222 0.601562 0.644444 0.603125 0.641667 0.603125 0.638889 0.60625 0.633333 0.60625 0.630556 0.607813 0.627778 0.607813 0.625 0.609375 0.622222 0.609375 0.619444 0.6125 0.613889 0.6125 0.608333 0.614062 0.605556 0.614062 0.602778 0.6125 0.6 0.6125 0.597222 0.610937 0.594444 0.610937 0.575 0.609375 0.572222 0.609375 0.566667 0.610937 0.563889 0.610937 0.555556 0.609375 0.552778 0.609375 0.525 0.610937 0.522222 0.610937 0.516667 0.6125 0.513889 0.6125 0.511111 0.614062 0.508333 0.614062 0.505556 0.615625 0.502778 0.615625 0.5 0.617188 0.497222 0.617188 0.486111 0.61875 0.483333 0.61875 0.458333 0.617188 0.455556 0.617188 0.433333 0.615625 0.430556 0.615625 0.425 0.614062 0.422222 0.614062 0.419444 0.6125 0.416667 0.6125 0.408333 0.610937 0.405556 0.610937 0.394444 0.609375 0.391667 0.609375 0.386111 0.607813 0.383333 0.607813 0.377778 0.60625 0.375 0.60625 0.369444 0.604688 0.366667 0.604688 0.361111 0.603125 0.358333 0.603125 0.352778 0.601562 0.35 0.601562 0.347222 0.6 0.344444 0.6 0.338889 0.598437 0.336111 0.598437 0.333333 0.596875 0.330556 0.596875 0.327778 0.595312 0.325 0.595312 0.322222 0.59375 0.319444 0.59375 0.316667 0.590625 0.311111 0.590625 0.308333 0.589063 0.305556 0.589063 0.302778 0.579687 0.286111 0.578125 0.286111 0.573438 0.277778 0.571875 0.277778 0.570312 0.275 0.56875 0.275 0.567187 0.272222 0.565625 0.272222 0.564062 0.269444 0.560938 0.269444 0.559375 0.266667 0.551562 0.266667 0.55 0.263889 0.546875 0.263889 0.545313 0.261111 0.540625 0.261111 0.539062 0.258333 0.5375 0.258333 0.534375 0.252778 0.532812 0.252778 0.53125 0.25 0.529688 0.25 0.528125 0.247222 0.525 0.247222 0.523438 0.244444 0.51875 0.244444 0.5125 0.233333 0.5125 0.230556 0.510938 0.227778 0.510938 0.225 0.509375 0.222222 0.509375 0.216667 0.50625 0.211111 0.50625 0.208333 0.503125 0.202778 0.503125 0.2 0.501562 0.197222 0.501562 0.194444 0.5 0.191667 0.5 0.183333 0.897754
28 0.003125 0.405556 0.003125 1 0.16875 1 0.16875 0.994444 0.170312 0.991667 0.170312 0.983333 0.171875 0.980556 0.171875 0.944444 0.173438 0.941667 0.173438 0.933333 0.175 0.930556 0.175 0.925 0.18125 0.913889 0.18125 0.911111 0.185937 0.902778 0.190625 0.902778 0.192188 0.905556 0.19375 0.905556 0.196875 0.911111 0.201562 0.911111 0.204688 0.916667 0.2 0.925 0.203125 0.925 0.204688 0.927778 0.210938 0.927778 0.2125 0.925 0.2125 0.922222 0.210938 0.919444 0.210938 0.916667 0.215625 0.908333 0.215625 0.880556 0.2125 0.875 0.2125 0.872222 0.210938 0.869444 0.207813 0.869444 0.207813 0.872222 0.203125 0.880556 0.2 0.880556 0.196875 0.886111 0.195312 0.886111 0.192188 0.891667 0.190625 0.891667 0.189063 0.894444 0.1875 0.891667 0.184375 0.891667 0.18125 0.886111 0.18125 0.872222 0.182812 0.869444 0.182812 0.861111 0.184375 0.858333 0.182812 0.855556 0.182812 0.847222 0.184375 0.844444 0.185937 0.844444 0.185937 0.841667 0.1875 0.838889 0.1875 0.836111 0.198437 0.816667 0.2 0.816667 0.201562 0.813889 0.2 0.811111 0.2 0.8 0.201562 0.797222 0.201562 0.772222 0.204688 0.766667 0.204688 0.763889 0.20625 0.761111 0.20625 0.755556 0.207813 0.752778 0.207813 0.747222 0.209375 0.744444 0.209375 0.738889 0.210938 0.736111 0.210938 0.733333 0.2125 0.730556 0.2125 0.727778 0.214062 0.725 0.214062 0.722222 0.215625 0.719444 0.215625 0.713889 0.217187 0.711111 0.217187 0.708333 0.21875 0.705556 0.21875 0.702778 0.220313 0.7 0.220313 0.697222 0.221875 0.694444 0.221875 0.691667 0.223438 0.688889 0.223438 0.683333 0.225 0.680556 0.225 0.675 0.226562 0.672222 0.226562 0.666667 0.228125 0.663889 0.228125 0.655556 0.229687 0.652778 0.229687 0.644444 0.23125 0.641667 0.23125 0.636111 0.232812 0.633333 0.232812 0.625 0.234375 0.622222 0.234375 0.619444 0.235938 0.616667 0.235938 0.611111 0.2375 0.608333 0.2375 0.605556 0.239063 0.602778 0.239063 0.6 0.240625 0.597222 0.240625 0.591667 0.242188 0.588889 0.242188 0.586111 0.24375 0.583333 0.24375 0.577778 0.245312 0.575 0.245312 0.566667 0.246875 0.563889 0.246875 0.544444 0.248437 0.541667 0.248437 0.530556 0.25 0.527778 0.25 0.516667 0.251563 0.513889 0.251563 0.511111 0.253125 0.508333 0.257812 0.508333 0.257812 0.466667 0.253125 0.466667 0.251563 0.463889 0.251563 0.461111 0.25 0.458333 0.25 0.455556 0.248437 0.452778 0.248437 0.45 0.242188 0.438889 0.242188 0.436111 0.240625 0.436111 0.2375 0.430556 0.235938 0.430556 0.234375 0.427778 0.232812 0.427778 0.23125 0.425 0.228125 0.425 0.226562 0.422222 0.210938 0.422222 0.209375 0.419444 0.192188 0.419444 0.190625 0.416667 0.1875 0.416667 0.185937 0.413889 0.185937 0.405556 0.0484375 0.405556 0.0484375 0.413889 0.046875 0.416667 0.04375 0.416667 0.0421875 0.419444 0.0375 0.419444 0.034375 0.413889 0.034375 0.405556 0.59946
56 0.840625 0.405556 0.840625 0.413889 0.835938 0.422222 0.828125 0.422222 0.821875 0.433333 0.820312 0.433333 0.81875 0.436111 0.81875 0.438889 0.817187 0.441667 0.815625 0.441667 0.8125 0.447222 0.8125 0.45 0.807813 0.458333 0.807813 0.461111 0.80625 0.463889 0.80625 0.466667 0.803125 0.472222 0.803125 0.475 0.801562 0.477778 0.801562 0.483333 0.8 0.486111 0.8 0.488889 0.798437 0.491667 0.798437 0.494444 0.796875 0.497222 0.796875 0.5 0.79375 0.505556 0.79375 0.508333 0.790625 0.513889 0.790625 0.516667 0.789062 0.519444 0.789062 0.522222 0.7875 0.525 0.7875 0.527778 0.785937 0.530556 0.785937 0.533333 0.784375 0.536111 0.784375 0.538889 0.782812 0.541667 0.782812 0.544444 0.78125 0.547222 0.78125 0.55 0.779688 0.552778 0.779688 0.555556 0.778125 0.558333 0.778125 0.561111 0.776563 0.563889 0.776563 0.569444 0.775 0.572222 0.775 0.575 0.773438 0.577778 0.773438 0.580556 0.771875 0.583333 0.771875 0.586111 0.770312 0.588889 0.770312 0.591667 0.76875 0.594444 0.76875 0.597222 0.767187 0.6 0.767187 0.602778 0.765625 0.605556 0.765625 0.608333 0.764063 0.611111 0.764063 0.613889 0.7625 0.616667 0.7625 0.619444 0.760938 0.622222 0.760938 0.625 0.759375 0.627778 0.759375 0.630556 0.757812 0.633333 0.757812 0.638889 0.75625 0.641667 0.75625 0.644444 0.754687 0.647222 0.754687 0.65 0.753125 0.652778 0.753125 0.655556 0.751562 0.658333 0.751562 0.661111 0.75 0.663889 0.75 0.666667 0.746875 0.672222 0.746875 0.675 0.745313 0.677778 0.745313 0.680556 0.74375 0.683333 0.74375 0.686111 0.740625 0.691667 0.740625 0.694444 0.7375 0.7 0.7375 0.702778 0.735937 0.705556 0.735937 0.708333 0.732813 0.713889 0.732813 0.719444 0.73125 0.722222 0.73125 0.725 0.729688 0.727778 0.729688 0.730556 0.728125 0.733333 0.728125 0.736111 0.726562 0.738889 0.726562 0.741667 0.725 0.744444 0.725 0.747222 0.721875 0.752778 0.721875 0.755556 0.720312 0.758333 0.720312 0.763889 0.71875 0.766667 0.71875 0.769444 0.717188 0.772222 0.717188 0.775 0.715625 0.777778 0.715625 0.780556 0.714063 0.783333 0.714063 0.786111 0.7125 0.788889 0.7125 0.791667 0.707812 0.8 0.707812 0.802778 0.70625 0.805556 0.70625 0.808333 0.704687 0.811111 0.704687 0.813889 0.701563 0.819444 0.701563 0.822222 0.698438 0.827778 0.698438 0.830556 0.696875 0.833333 0.696875 0.836111 0.695312 0.838889 0.695312 0.841667 0.69375 0.844444 0.69375 0.847222 0.692187 0.85 0.692187 0.852778 0.685938 0.863889 0.685938 0.869444 0.68125 0.877778 0.68125 0.880556 0.679688 0.883333 0.679688 0.886111 0.673437 0.897222 0.673437 0.9 0.670313 0.905556 0.665625 0.905556 0.665625 1 0.998438 1 0.998438 0.405556 0.405414
28 0.289062 0.438889 0.289062 0.447222 0.285937 0.452778 0.284375 0.452778 0.282813 0.455556 0.279687 0.455556 0.278125 0.458333 0.276563 0.458333 0.275 0.461111 0.273438 0.461111 0.271875 0.463889 0.270312 0.463889 0.26875 0.466667 0.267188 0.466667 0.265625 0.469444 0.264062 0.469444 0.260938 0.475 0.259375 0.475 0.259375 0.477778 0.25625 0.483333 0.25625 0.486111 0.254687 0.488889 0.254687 0.497222 0.253125 0.5 0.253125 0.516667 0.251563 0.519444 0.251563 0.541667 0.25 0.544444 0.25 0.558333 0.248437 0.561111 0.248437 0.569444 0.246875 0.572222 0.246875 0.577778 0.245312 0.580556 0.245312 0.586111 0.24375 0.588889 0.24375 0.594444 0.242188 0.597222 0.242188 0.6 0.240625 0.602778 0.240625 0.605556 0.239063 0.608333 0.239063 0.613889 0.2375 0.616667 0.2375 0.622222 0.235938 0.625 0.235938 0.627778 0.234375 0.630556 0.234375 0.638889 0.232812 0.641667 0.232812 0.652778 0.23125 0.655556 0.23125 0.663889 0.229687 0.666667 0.229687 0.669444 0.228125 0.672222 0.228125 0.680556 0.226562 0.683333 0.226562 0.686111 0.225 0.688889 0.225 0.694444 0.223438 0.697222 0.223438 0.7 0.220313 0.705556 0.220313 0.711111 0.21875 0.713889 0.21875 0.716667 0.217187 0.719444 0.217187 0.722222 0.214062 0.727778 0.209375 0.727778 0.209375 0.772222 0.214062 0.772222 0.215625 0.775 0.217187 0.775 0.220313 0.780556 0.220313 0.783333 0.221875 0.786111 0.221875 0.791667 0.225 0.797222 0.226562 0.797222 0.229687 0.802778 0.229687 0.811111 0.23125 0.813889 0.23125 0.819444 0.232812 0.822222 0.232812 0.833333 0.23125 0.836111 0.23125 0.85 0.229687 0.852778 0.229687 0.858333 0.228125 0.861111 0.229687 0.863889 0.229687 0.9 0.23125 0.902778 0.229687 0.905556 0.229687 0.911111 0.228125 0.913889 0.228125 0.925 0.226562 0.927778 0.225 0.925 0.225 0.922222 0.223438 0.919444 0.223438 0.916667 0.221875 0.913889 0.220313 0.916667 0.220313 0.927778 0.21875 0.930556 0.21875 0.936111 0.217187 0.938889 0.217187 0.944444 0.214062 0.95 0.209375 0.95 0.209375 0.980556 0.214062 0.980556 0.215625 0.983333 0.214062 0.986111 0.209375 0.986111 0.209375 1 0.234375 1 0.234375 0.994444 0.2375 0.988889 0.242188 0.988889 0.24375 0.986111 0.246875 0.986111 0.25625 0.969444 0.257812 0.969444 0.273438 0.941667 0.273438 0.938889 0.284375 0.919444 0.284375 0.916667 0.289062 0.908333 0.289062 0.905556 0.290625 0.902778 0.292188 0.902778 0.304688 0.880556 0.30625 0.880556 0.309375 0.875 0.310937 0.875 0.3125 0.872222 0.314063 0.872222 0.320312 0.861111 0.321875 0.861111 0.323438 0.858333 0.323438 0.855556 0.328125 0.847222 0.328125 0.838889 0.329688 0.836111 0.329688 0.833333 0.33125 0.830556 0.33125 0.825 0.335938 0.816667 0.335938 0.813889 0.3375 0.811111 0.3375 0.808333 0.339063 0.805556 0.339063 0.8 0.340625 0.797222 0.340625 0.788889 0.342187 0.786111 0.342187 0.775 0.340625 0.772222 0.340625 0.752778 0.339063 0.75 0.339063 0.736111 0.340625 0.733333 0.340625 0.727778 0.342187 0.725 0.342187 0.719444 0.34375 0.716667 0.34375 0.711111 0.348437 0.702778 0.35 0.702778 0.351562 0.7 0.351562 0.694444 0.353125 0.691667 0.353125 0.688889 0.354688 0.686111 0.354688 0.680556 0.35625 0.677778 0.35625 0.672222 0.357812 0.669444 0.357812 0.661111 0.359375 0.658333 0.359375 0.652778 0.360938 0.65 0.360938 0.647222 0.3625 0.644444 0.3625 0.641667 0.364062 0.638889 0.364062 0.630556 0.365625 0.627778 0.365625 0.625 0.367188 0.622222 0.367188 0.619444 0.36875 0.616667 0.36875 0.611111 0.370313 0.608333 0.370313 0.594444 0.371875 0.591667 0.371875 0.563889 0.373437 0.561111 0.373437 0.55 0.375 0.547222 0.375 0.541667 0.376563 0.538889 0.376563 0.536111 0.3875 0.516667 0.3875 0.513889 0.390625 0.508333 0.395312 0.508333 0.395312 0.469444 0.389062 0.469444 0.3875 0.466667 0.3875 0.463889 0.385938 0.461111 0.385938 0.458333 0.38125 0.45 0.38125 0.438889 0.27202
0 0.439063 0.183333 0.439063 0.194444 0.434375 0.202778 0.434375 0.208333 0.432813 0.211111 0.432813 0.219444 0.43125 0.222222 0.43125 0.230556 0.429688 0.233333 0.429688 0.238889 0.43125 0.241667 0.43125 0.247222 0.432813 0.25 0.432813 0.252778 0.434375 0.255556 0.434375 0.258333 0.442187 0.272222 0.442187 0.275 0.446875 0.283333 0.446875 0.286111 0.448438 0.286111 0.453125 0.294444 0.453125 0.3 0.454688 0.302778 0.451562 0.308333 0.45 0.308333 0.446875 0.313889 0.445312 0.313889 0.43125 0.338889 0.43125 0.341667 0.429688 0.344444 0.429688 0.347222 0.417188 0.369444 0.415625 0.369444 0.410937 0.377778 0.409375 0.377778 0.409375 0.380556 0.403125 0.391667 0.401563 0.391667 0.4 0.394444 0.398438 0.394444 0.396875 0.397222 0.39375 0.397222 0.392188 0.4 0.390625 0.4 0.389062 0.402778 0.384375 0.402778 0.382812 0.405556 0.376563 0.405556 0.375 0.402778 0.371875 0.402778 0.370313 0.4 0.36875 0.4 0.367188 0.397222 0.339063 0.397222 0.3375 0.4 0.334375 0.4 0.332812 0.402778 0.328125 0.402778 0.328125 0.438889 0.365625 0.438889 0.367188 0.441667 0.378125 0.441667 0.382812 0.45 0.384375 0.45 0.389062 0.458333 0.389062 0.461111 0.396875 0.475 0.404687 0.475 0.40625 0.472222 0.414062 0.472222 0.415625 0.469444 0.420312 0.469444 0.421875 0.466667 0.425 0.466667 0.426562 0.463889 0.428125 0.463889 0.429688 0.461111 0.43125 0.461111 0.432813 0.458333 0.434375 0.458333 0.434375 0.455556 0.440625 0.444444 0.442187 0.444444 0.44375 0.441667 0.445312 0.441667 0.453125 0.427778 0.454688 0.427778 0.457812 0.422222 0.464063 0.422222 0.467187 0.427778 0.467187 0.436111 0.471875 0.444444 0.471875 0.447222 0.473437 0.45 0.473437 0.461111 0.475 0.463889 0.475 0.469444 0.476562 0.472222 0.476562 0.477778 0.478125 0.480556 0.478125 0.486111 0.479688 0.488889 0.479688 0.5 0.48125 0.502778 0.48125 0.513889 0.482812 0.516667 0.482812 0.519444 0.484375 0.522222 0.484375 0.527778 0.485938 0.530556 0.485938 0.536111 0.4875 0.538889 0.4875 0.544444 0.489062 0.547222 0.489062 0.55 0.490625 0.552778 0.490625 0.555556 0.492188 0.558333 0.492188 0.563889 0.49375 0.566667 0.49375 0.586111 0.492188 0.588889 0.492188 0.594444 0.490625 0.597222 0.490625 0.6 0.489062 0.602778 0.489062 0.605556 0.4875 0.608333 0.4875 0.613889 0.485938 0.616667 0.485938 0.638889 0.484375 0.641667 0.484375 0.658333 0.482812 0.661111 0.482812 0.677778 0.48125 0.680556 0.48125 0.730556 0.482812 0.733333 0.482812 0.736111 0.485938 0.736111 0.4875 0.738889 0.501562 0.738889 0.503125 0.741667 0.509375 0.741667 0.510938 0.744444 0.515625 0.744444 0.517187 0.747222 0.523438 0.747222 0.525 0.75 0.529688 0.75 0.53125 0.752778 0.545313 0.752778 0.55 0.761111 0.55 0.769444 0.560938 0.769444 0.560938 0.761111 0.5625 0.758333 0.5625 0.75 0.564062 0.747222 0.564062 0.744444 0.567187 0.738889 0.567187 0.736111 0.570312 0.730556 0.570312 0.727778 0.573438 0.722222 0.573438 0.719444 0.575 0.716667 0.575 0.713889 0.578125 0.708333 0.578125 0.705556 0.58125 0.7 0.58125 0.697222 0.585938 0.688889 0.585938 0.686111 0.589063 0.680556 0.589063 0.677778 0.590625 0.675 0.590625 0.672222 0.59375 0.666667 0.59375 0.663889 0.596875 0.658333 0.596875 0.655556 0.601562 0.647222 0.601562 0.644444 0.603125 0.641667 0.603125 0.638889 0.60625 0.633333 0.60625 0.630556 0.607813 0.627778 0.607813 0.625 0.609375 0.622222 0.609375 0.619444 0.6125 0.613889 0.6125 0.608333 0.614062 0.605556 0.614062 0.602778 0.6125 0.6 0.6125 0.597222 0.610937 0.594444 0.610937 0.575 0.609375 0.572222 0.609375 0.566667 0.610937 0.563889 0.610937 0.555556 0.609375 0.552778 0.609375 0.525 0.610937 0.522222 0.610937 0.516667 0.6125 0.513889 0.6125 0.511111 0.614062 0.508333 0.614062 0.505556 0.615625 0.502778 0.615625 0.5 0.617188 0.497222 0.617188 0.486111 0.61875 0.483333 0.61875 0.458333 0.617188 0.455556 0.617188 0.433333 0.615625 0.430556 0.615625 0.425 0.614062 0.422222 0.614062 0.419444 0.6125 0.416667 0.6125 0.408333 0.610937 0.405556 0.610937 0.394444 0.609375 0.391667 0.609375 0.386111 0.607813 0.383333 0.607813 0.377778 0.60625 0.375 0.60625 0.369444 0.604688 0.366667 0.604688 0.361111 0.603125 0.358333 0.603125 0.352778 0.601562 0.35 0.601562 0.347222 0.6 0.344444 0.6 0.338889 0.598437 0.336111 0.598437 0.333333 0.596875 0.330556 0.596875 0.327778 0.595312 0.325 0.595312 0.322222 0.59375 0.319444 0.59375 0.316667 0.590625 0.311111 0.590625 0.308333 0.589063 0.305556 0.589063 0.302778 0.579687 0.286111 0.578125 0.286111 0.573438 0.277778 0.571875 0.277778 0.570312 0.275 0.56875 0.275 0.567187 0.272222 0.565625 0.272222 0.564062 0.269444 0.560938 0.269444 0.559375 0.266667 0.551562 0.266667 0.55 0.263889 0.546875 0.263889 0.545313 0.261111 0.540625 0.261111 0.539062 0.258333 0.5375 0.258333 0.534375 0.252778 0.532812 0.252778 0.53125 0.25 0.529688 0.25 0.528125 0.247222 0.525 0.247222 0.523438 0.244444 0.51875 0.244444 0.5125 0.233333 0.5125 0.230556 0.510938 0.227778 0.510938 0.225 0.509375 0.222222 0.509375 0.216667 0.50625 0.211111 0.50625 0.208333 0.503125 0.202778 0.503125 0.2 0.501562 0.197222 0.501562 0.194444 0.5 0.191667 0.5 0.183333 0.897754
28 0.003125 0.405556 0.003125 1 0.16875 1 0.16875 0.994444 0.170312 0.991667 0.170312 0.983333 0.171875 0.980556 0.171875 0.944444 0.173438 0.941667 0.173438 0.933333 0.175 0.930556 0.175 0.925 0.18125 0.913889 0.18125 0.911111 0.185937 0.902778 0.190625 0.902778 0.192188 0.905556 0.19375 0.905556 0.196875 0.911111 0.201562 0.911111 0.204688 0.916667 0.2 0.925 0.203125 0.925 0.204688 0.927778 0.210938 0.927778 0.2125 0.925 0.2125 0.922222 0.210938 0.919444 0.210938 0.916667 0.215625 0.908333 0.215625 0.880556 0.2125 0.875 0.2125 0.872222 0.210938 0.869444 0.207813 0.869444 0.207813 0.872222 0.203125 0.880556 0.2 0.880556 0.196875 0.886111 0.195312 0.886111 0.192188 0.891667 0.190625 0.891667 0.189063 0.894444 0.1875 0.891667 0.184375 0.891667 0.18125 0.886111 0.18125 0.872222 0.182812 0.869444 0.182812 0.861111 0.184375 0.858333 0.182812 0.855556 0.182812 0.847222 0.184375 0.844444 0.185937 0.844444 0.185937 0.841667 0.1875 0.838889 0.1875 0.836111 0.198437 0.816667 0.2 0.816667 0.201562 0.813889 0.2 0.811111 0.2 0.8 0.201562 0.797222 0.201562 0.772222 0.204688 0.766667 0.204688 0.763889 0.20625 0.761111 0.20625 0.755556 0.207813 0.752778 0.207813 0.747222 0.209375 0.744444 0.209375 0.738889 0.210938 0.736111 0.210938 0.733333 0.2125 0.730556 0.2125 0.727778 0.214062 0.725 0.214062 0.722222 0.215625 0.719444 0.215625 0.713889 0.217187 0.711111 0.217187 0.708333 0.21875 0.705556 0.21875 0.702778 0.220313 0.7 0.220313 0.697222 0.221875 0.694444 0.221875 0.691667 0.223438 0.688889 0.223438 0.683333 0.225 0.680556 0.225 0.675 0.226562 0.672222 0.226562 0.666667 0.228125 0.663889 0.228125 0.655556 0.229687 0.652778 0.229687 0.644444 0.23125 0.641667 0.23125 0.636111 0.232812 0.633333 0.232812 0.625 0.234375 0.622222 0.234375 0.619444 0.235938 0.616667 0.235938 0.611111 0.2375 0.608333 0.2375 0.605556 0.239063 0.602778 0.239063 0.6 0.240625 0.597222 0.240625 0.591667 0.242188 0.588889 0.242188 0.586111 0.24375 0.583333 0.24375 0.577778 0.245312 0.575 0.245312 0.566667 0.246875 0.563889 0.246875 0.544444 0.248437 0.541667 0.248437 0.530556 0.25 0.527778 0.25 0.516667 0.251563 0.513889 0.251563 0.511111 0.253125 0.508333 0.257812 0.508333 0.257812 0.466667 0.253125 0.466667 0.251563 0.463889 0.251563 0.461111 0.25 0.458333 0.25 0.455556 0.248437 0.452778 0.248437 0.45 0.242188 0.438889 0.242188 0.436111 0.240625 0.436111 0.2375 0.430556 0.235938 0.430556 0.234375 0.427778 0.232812 0.427778 0.23125 0.425 0.228125 0.425 0.226562 0.422222 0.210938 0.422222 0.209375 0.419444 0.192188 0.419444 0.190625 0.416667 0.1875 0.416667 0.185937 0.413889 0.185937 0.405556 0.0484375 0.405556 0.0484375 0.413889 0.046875 0.416667 0.04375 0.416667 0.0421875 0.419444 0.0375 0.419444 0.034375 0.413889 0.034375 0.405556 0.59946
56 0.840625 0.405556 0.840625 0.413889 0.835938 0.422222 0.828125 0.422222 0.821875 0.433333 0.820312 0.433333 0.81875 0.436111 0.81875 0.438889 0.817187 0.441667 0.815625 0.441667 0.8125 0.447222 0.8125 0.45 0.807813 0.458333 0.807813 0.461111 0.80625 0.463889 0.80625 0.466667 0.803125 0.472222 0.803125 0.475 0.801562 0.477778 0.801562 0.483333 0.8 0.486111 0.8 0.488889 0.798437 0.491667 0.798437 0.494444 0.796875 0.497222 0.796875 0.5 0.79375 0.505556 0.79375 0.508333 0.790625 0.513889 0.790625 0.516667 0.789062 0.519444 0.789062 0.522222 0.7875 0.525 0.7875 0.527778 0.785937 0.530556 0.785937 0.533333 0.784375 0.536111 0.784375 0.538889 0.782812 0.541667 0.782812 0.544444 0.78125 0.547222 0.78125 0.55 0.779688 0.552778 0.779688 0.555556 0.778125 0.558333 0.778125 0.561111 0.776563 0.563889 0.776563 0.569444 0.775 0.572222 0.775 0.575 0.773438 0.577778 0.773438 0.580556 0.771875 0.583333 0.771875 0.586111 0.770312 0.588889 0.770312 0.591667 0.76875 0.594444 0.76875 0.597222 0.767187 0.6 0.767187 0.602778 0.765625 0.605556 0.765625 0.608333 0.764063 0.611111 0.764063 0.613889 0.7625 0.616667 0.7625 0.619444 0.760938 0.622222 0.760938 0.625 0.759375 0.627778 0.759375 0.630556 0.757812 0.633333 0.757812 0.638889 0.75625 0.641667 0.75625 0.644444 0.754687 0.647222 0.754687 0.65 0.753125 0.652778 0.753125 0.655556 0.751562 0.658333 0.751562 0.661111 0.75 0.663889 0.75 0.666667 0.746875 0.672222 0.746875 0.675 0.745313 0.677778 0.745313 0.680556 0.74375 0.683333 0.74375 0.686111 0.740625 0.691667 0.740625 0.694444 0.7375 0.7 0.7375 0.702778 0.735937 0.705556 0.735937 0.708333 0.732813 0.713889 0.732813 0.719444 0.73125 0.722222 0.73125 0.725 0.729688 0.727778 0.729688 0.730556 0.728125 0.733333 0.728125 0.736111 0.726562 0.738889 0.726562 0.741667 0.725 0.744444 0.725 0.747222 0.721875 0.752778 0.721875 0.755556 0.720312 0.758333 0.720312 0.763889 0.71875 0.766667 0.71875 0.769444 0.717188 0.772222 0.717188 0.775 0.715625 0.777778 0.715625 0.780556 0.714063 0.783333 0.714063 0.786111 0.7125 0.788889 0.7125 0.791667 0.707812 0.8 0.707812 0.802778 0.70625 0.805556 0.70625 0.808333 0.704687 0.811111 0.704687 0.813889 0.701563 0.819444 0.701563 0.822222 0.698438 0.827778 0.698438 0.830556 0.696875 0.833333 0.696875 0.836111 0.695312 0.838889 0.695312 0.841667 0.69375 0.844444 0.69375 0.847222 0.692187 0.85 0.692187 0.852778 0.685938 0.863889 0.685938 0.869444 0.68125 0.877778 0.68125 0.880556 0.679688 0.883333 0.679688 0.886111 0.673437 0.897222 0.673437 0.9 0.670313 0.905556 0.665625 0.905556 0.665625 1 0.998438 1 0.998438 0.405556 0.405414
28 0.289062 0.438889 0.289062 0.447222 0.285937 0.452778 0.284375 0.452778 0.282813 0.455556 0.279687 0.455556 0.278125 0.458333 0.276563 0.458333 0.275 0.461111 0.273438 0.461111 0.271875 0.463889 0.270312 0.463889 0.26875 0.466667 0.267188 0.466667 0.265625 0.469444 0.264062 0.469444 0.260938 0.475 0.259375 0.475 0.259375 0.477778 0.25625 0.483333 0.25625 0.486111 0.254687 0.488889 0.254687 0.497222 0.253125 0.5 0.253125 0.516667 0.251563 0.519444 0.251563 0.541667 0.25 0.544444 0.25 0.558333 0.248437 0.561111 0.248437 0.569444 0.246875 0.572222 0.246875 0.577778 0.245312 0.580556 0.245312 0.586111 0.24375 0.588889 0.24375 0.594444 0.242188 0.597222 0.242188 0.6 0.240625 0.602778 0.240625 0.605556 0.239063 0.608333 0.239063 0.613889 0.2375 0.616667 0.2375 0.622222 0.235938 0.625 0.235938 0.627778 0.234375 0.630556 0.234375 0.638889 0.232812 0.641667 0.232812 0.652778 0.23125 0.655556 0.23125 0.663889 0.229687 0.666667 0.229687 0.669444 0.228125 0.672222 0.228125 0.680556 0.226562 0.683333 0.226562 0.686111 0.225 0.688889 0.225 0.694444 0.223438 0.697222 0.223438 0.7 0.220313 0.705556 0.220313 0.711111 0.21875 0.713889 0.21875 0.716667 0.217187 0.719444 0.217187 0.722222 0.214062 0.727778 0.209375 0.727778 0.209375 0.772222 0.214062 0.772222 0.215625 0.775 0.217187 0.775 0.220313 0.780556 0.220313 0.783333 0.221875 0.786111 0.221875 0.791667 0.225 0.797222 0.226562 0.797222 0.229687 0.802778 0.229687 0.811111 0.23125 0.813889 0.23125 0.819444 0.232812 0.822222 0.232812 0.833333 0.23125 0.836111 0.23125 0.85 0.229687 0.852778 0.229687 0.858333 0.228125 0.861111 0.229687 0.863889 0.229687 0.9 0.23125 0.902778 0.229687 0.905556 0.229687 0.911111 0.228125 0.913889 0.228125 0.925 0.226562 0.927778 0.225 0.925 0.225 0.922222 0.223438 0.919444 0.223438 0.916667 0.221875 0.913889 0.220313 0.916667 0.220313 0.927778 0.21875 0.930556 0.21875 0.936111 0.217187 0.938889 0.217187 0.944444 0.214062 0.95 0.209375 0.95 0.209375 0.980556 0.214062 0.980556 0.215625 0.983333 0.214062 0.986111 0.209375 0.986111 0.209375 1 0.234375 1 0.234375 0.994444 0.2375 0.988889 0.242188 0.988889 0.24375 0.986111 0.246875 0.986111 0.25625 0.969444 0.257812 0.969444 0.273438 0.941667 0.273438 0.938889 0.284375 0.919444 0.284375 0.916667 0.289062 0.908333 0.289062 0.905556 0.290625 0.902778 0.292188 0.902778 0.304688 0.880556 0.30625 0.880556 0.309375 0.875 0.310937 0.875 0.3125 0.872222 0.314063 0.872222 0.320312 0.861111 0.321875 0.861111 0.323438 0.858333 0.323438 0.855556 0.328125 0.847222 0.328125 0.838889 0.329688 0.836111 0.329688 0.833333 0.33125 0.830556 0.33125 0.825 0.335938 0.816667 0.335938 0.813889 0.3375 0.811111 0.3375 0.808333 0.339063 0.805556 0.339063 0.8 0.340625 0.797222 0.340625 0.788889 0.342187 0.786111 0.342187 0.775 0.340625 0.772222 0.340625 0.752778 0.339063 0.75 0.339063 0.736111 0.340625 0.733333 0.340625 0.727778 0.342187 0.725 0.342187 0.719444 0.34375 0.716667 0.34375 0.711111 0.348437 0.702778 0.35 0.702778 0.351562 0.7 0.351562 0.694444 0.353125 0.691667 0.353125 0.688889 0.354688 0.686111 0.354688 0.680556 0.35625 0.677778 0.35625 0.672222 0.357812 0.669444 0.357812 0.661111 0.359375 0.658333 0.359375 0.652778 0.360938 0.65 0.360938 0.647222 0.3625 0.644444 0.3625 0.641667 0.364062 0.638889 0.364062 0.630556 0.365625 0.627778 0.365625 0.625 0.367188 0.622222 0.367188 0.619444 0.36875 0.616667 0.36875 0.611111 0.370313 0.608333 0.370313 0.594444 0.371875 0.591667 0.371875 0.563889 0.373437 0.561111 0.373437 0.55 0.375 0.547222 0.375 0.541667 0.376563 0.538889 0.376563 0.536111 0.3875 0.516667 0.3875 0.513889 0.390625 0.508333 0.395312 0.508333 0.395312 0.469444 0.389062 0.469444 0.3875 0.466667 0.3875 0.463889 0.385938 0.461111 0.385938 0.458333 0.38125 0.45 0.38125 0.438889 0.27202
0 0.439063 0.183333 0.439063 0.194444 0.434375 0.202778 0.434375 0.208333 0.432813 0.211111 0.432813 0.219444 0.43125 0.222222 0.43125 0.230556 0.429688 0.233333 0.429688 0.238889 0.43125 0.241667 0.43125 0.247222 0.432813 0.25 0.432813 0.252778 0.434375 0.255556 0.434375 0.258333 0.442187 0.272222 0.442187 0.275 0.446875 0.283333 0.446875 0.286111 0.448438 0.286111 0.453125 0.294444 0.453125 0.3 0.454688 0.302778 0.451562 0.308333 0.45 0.308333 0.446875 0.313889 0.445312 0.313889 0.43125 0.338889 0.43125 0.341667 0.429688 0.344444 0.429688 0.347222 0.417188 0.369444 0.415625 0.369444 0.410937 0.377778 0.409375 0.377778 0.409375 0.380556 0.403125 0.391667 0.401563 0.391667 0.4 0.394444 0.398438 0.394444 0.396875 0.397222 0.39375 0.397222 0.392188 0.4 0.390625 0.4 0.389062 0.402778 0.384375 0.402778 0.382812 0.405556 0.376563 0.405556 0.375 0.402778 0.371875 0.402778 0.370313 0.4 0.36875 0.4 0.367188 0.397222 0.339063 0.397222 0.3375 0.4 0.334375 0.4 0.332812 0.402778 0.328125 0.402778 0.328125 0.438889 0.365625 0.438889 0.367188 0.441667 0.378125 0.441667 0.382812 0.45 0.384375 0.45 0.389062 0.458333 0.389062 0.461111 0.396875 0.475 0.404687 0.475 0.40625 0.472222 0.414062 0.472222 0.415625 0.469444 0.420312 0.469444 0.421875 0.466667 0.425 0.466667 0.426562 0.463889 0.428125 0.463889 0.429688 0.461111 0.43125 0.461111 0.432813 0.458333 0.434375 0.458333 0.434375 0.455556 0.440625 0.444444 0.442187 0.444444 0.44375 0.441667 0.445312 0.441667 0.453125 0.427778 0.454688 0.427778 0.457812 0.422222 0.464063 0.422222 0.467187 0.427778 0.467187 0.436111 0.471875 0.444444 0.471875 0.447222 0.473437 0.45 0.473437 0.461111 0.475 0.463889 0.475 0.469444 0.476562 0.472222 0.476562 0.477778 0.478125 0.480556 0.478125 0.486111 0.479688 0.488889 0.479688 0.5 0.48125 0.502778 0.48125 0.513889 0.482812 0.516667 0.482812 0.519444 0.484375 0.522222 0.484375 0.527778 0.485938 0.530556 0.485938 0.536111 0.4875 0.538889 0.4875 0.544444 0.489062 0.547222 0.489062 0.55 0.490625 0.552778 0.490625 0.555556 0.492188 0.558333 0.492188 0.563889 0.49375 0.566667 0.49375 0.586111 0.492188 0.588889 0.492188 0.594444 0.490625 0.597222 0.490625 0.6 0.489062 0.602778 0.489062 0.605556 0.4875 0.608333 0.4875 0.613889 0.485938 0.616667 0.485938 0.638889 0.484375 0.641667 0.484375 0.658333 0.482812 0.661111 0.482812 0.677778 0.48125 0.680556 0.48125 0.730556 0.482812 0.733333 0.482812 0.736111 0.485938 0.736111 0.4875 0.738889 0.501562 0.738889 0.503125 0.741667 0.509375 0.741667 0.510938 0.744444 0.515625 0.744444 0.517187 0.747222 0.523438 0.747222 0.525 0.75 0.529688 0.75 0.53125 0.752778 0.545313 0.752778 0.55 0.761111 0.55 0.769444 0.560938 0.769444 0.560938 0.761111 0.5625 0.758333 0.5625 0.75 0.564062 0.747222 0.564062 0.744444 0.567187 0.738889 0.567187 0.736111 0.570312 0.730556 0.570312 0.727778 0.573438 0.722222 0.573438 0.719444 0.575 0.716667 0.575 0.713889 0.578125 0.708333 0.578125 0.705556 0.58125 0.7 0.58125 0.697222 0.585938 0.688889 0.585938 0.686111 0.589063 0.680556 0.589063 0.677778 0.590625 0.675 0.590625 0.672222 0.59375 0.666667 0.59375 0.663889 0.596875 0.658333 0.596875 0.655556 0.601562 0.647222 0.601562 0.644444 0.603125 0.641667 0.603125 0.638889 0.60625 0.633333 0.60625 0.630556 0.607813 0.627778 0.607813 0.625 0.609375 0.622222 0.609375 0.619444 0.6125 0.613889 0.6125 0.608333 0.614062 0.605556 0.614062 0.602778 0.6125 0.6 0.6125 0.597222 0.610937 0.594444 0.610937 0.575 0.609375 0.572222 0.609375 0.566667 0.610937 0.563889 0.610937 0.555556 0.609375 0.552778 0.609375 0.525 0.610937 0.522222 0.610937 0.516667 0.6125 0.513889 0.6125 0.511111 0.614062 0.508333 0.614062 0.505556 0.615625 0.502778 0.615625 0.5 0.617188 0.497222 0.617188 0.486111 0.61875 0.483333 0.61875 0.458333 0.617188 0.455556 0.617188 0.433333 0.615625 0.430556 0.615625 0.425 0.614062 0.422222 0.614062 0.419444 0.6125 0.416667 0.6125 0.408333 0.610937 0.405556 0.610937 0.394444 0.609375 0.391667 0.609375 0.386111 0.607813 0.383333 0.607813 0.377778 0.60625 0.375 0.60625 0.369444 0.604688 0.366667 0.604688 0.361111 0.603125 0.358333 0.603125 0.352778 0.601562 0.35 0.601562 0.347222 0.6 0.344444 0.6 0.338889 0.598437 0.336111 0.598437 0.333333 0.596875 0.330556 0.596875 0.327778 0.595312 0.325 0.595312 0.322222 0.59375 0.319444 0.59375 0.316667 0.590625 0.311111 0.590625 0.308333 0.589063 0.305556 0.589063 0.302778 0.579687 0.286111 0.578125 0.286111 0.573438 0.277778 0.571875 0.277778 0.570312 0.275 0.56875 0.275 0.567187 0.272222 0.565625 0.272222 0.564062 0.269444 0.560938 0.269444 0.559375 0.266667 0.551562 0.266667 0.55 0.263889 0.546875 0.263889 0.545313 0.261111 0.540625 0.261111 0.539062 0.258333 0.5375 0.258333 0.534375 0.252778 0.532812 0.252778 0.53125 0.25 0.529688 0.25 0.528125 0.247222 0.525 0.247222 0.523438 0.244444 0.51875 0.244444 0.5125 0.233333 0.5125 0.230556 0.510938 0.227778 0.510938 0.225 0.509375 0.222222 0.509375 0.216667 0.50625 0.211111 0.50625 0.208333 0.503125 0.202778 0.503125 0.2 0.501562 0.197222 0.501562 0.194444 0.5 0.191667 0.5 0.183333 0.897754
28 0.003125 0.405556 0.003125 1 0.16875 1 0.16875 0.994444 0.170312 0.991667 0.170312 0.983333 0.171875 0.980556 0.171875 0.944444 0.173438 0.941667 0.173438 0.933333 0.175 0.930556 0.175 0.925 0.18125 0.913889 0.18125 0.911111 0.185937 0.902778 0.190625 0.902778 0.192188 0.905556 0.19375 0.905556 0.196875 0.911111 0.201562 0.911111 0.204688 0.916667 0.2 0.925 0.203125 0.925 0.204688 0.927778 0.210938 0.927778 0.2125 0.925 0.2125 0.922222 0.210938 0.919444 0.210938 0.916667 0.215625 0.908333 0.215625 0.880556 0.2125 0.875 0.2125 0.872222 0.210938 0.869444 0.207813 0.869444 0.207813 0.872222 0.203125 0.880556 0.2 0.880556 0.196875 0.886111 0.195312 0.886111 0.192188 0.891667 0.190625 0.891667 0.189063 0.894444 0.1875 0.891667 0.184375 0.891667 0.18125 0.886111 0.18125 0.872222 0.182812 0.869444 0.182812 0.861111 0.184375 0.858333 0.182812 0.855556 0.182812 0.847222 0.184375 0.844444 0.185937 0.844444 0.185937 0.841667 0.1875 0.838889 0.1875 0.836111 0.198437 0.816667 0.2 0.816667 0.201562 0.813889 0.2 0.811111 0.2 0.8 0.201562 0.797222 0.201562 0.772222 0.204688 0.766667 0.204688 0.763889 0.20625 0.761111 0.20625 0.755556 0.207813 0.752778 0.207813 0.747222 0.209375 0.744444 0.209375 0.738889 0.210938 0.736111 0.210938 0.733333 0.2125 0.730556 0.2125 0.727778 0.214062 0.725 0.214062 0.722222 0.215625 0.719444 0.215625 0.713889 0.217187 0.711111 0.217187 0.708333 0.21875 0.705556 0.21875 0.702778 0.220313 0.7 0.220313 0.697222 0.221875 0.694444 0.221875 0.691667 0.223438 0.688889 0.223438 0.683333 0.225 0.680556 0.225 0.675 0.226562 0.672222 0.226562 0.666667 0.228125 0.663889 0.228125 0.655556 0.229687 0.652778 0.229687 0.644444 0.23125 0.641667 0.23125 0.636111 0.232812 0.633333 0.232812 0.625 0.234375 0.622222 0.234375 0.619444 0.235938 0.616667 0.235938 0.611111 0.2375 0.608333 0.2375 0.605556 0.239063 0.602778 0.239063 0.6 0.240625 0.597222 0.240625 0.591667 0.242188 0.588889 0.242188 0.586111 0.24375 0.583333 0.24375 0.577778 0.245312 0.575 0.245312 0.566667 0.246875 0.563889 0.246875 0.544444 0.248437 0.541667 0.248437 0.530556 0.25 0.527778 0.25 0.516667 0.251563 0.513889 0.251563 0.511111 0.253125 0.508333 0.257812 0.508333 0.257812 0.466667 0.253125 0.466667 0.251563 0.463889 0.251563 0.461111 0.25 0.458333 0.25 0.455556 0.248437 0.452778 0.248437 0.45 0.242188 0.438889 0.242188 0.436111 0.240625 0.436111 0.2375 0.430556 0.235938 0.430556 0.234375 0.427778 0.232812 0.427778 0.23125 0.425 0.228125 0.425 0.226562 0.422222 0.210938 0.422222 0.209375 0.419444 0.192188 0.419444 0.190625 0.416667 0.1875 0.416667 0.185937 0.413889 0.185937 0.405556 0.0484375 0.405556 0.0484375 0.413889 0.046875 0.416667 0.04375 0.416667 0.0421875 0.419444 0.0375 0.419444 0.034375 0.413889 0.034375 0.405556 0.59946
56 0.840625 0.405556 0.840625 0.413889 0.835938 0.422222 0.828125 0.422222 0.821875 0.433333 0.820312 0.433333 0.81875 0.436111 0.81875 0.438889 0.817187 0.441667 0.815625 0.441667 0.8125 0.447222 0.8125 0.45 0.807813 0.458333 0.807813 0.461111 0.80625 0.463889 0.80625 0.466667 0.803125 0.472222 0.803125 0.475 0.801562 0.477778 0.801562 0.483333 0.8 0.486111 0.8 0.488889 0.798437 0.491667 0.798437 0.494444 0.796875 0.497222 0.796875 0.5 0.79375 0.505556 0.79375 0.508333 0.790625 0.513889 0.790625 0.516667 0.789062 0.519444 0.789062 0.522222 0.7875 0.525 0.7875 0.527778 0.785937 0.530556 0.785937 0.533333 0.784375 0.536111 0.784375 0.538889 0.782812 0.541667 0.782812 0.544444 0.78125 0.547222 0.78125 0.55 0.779688 0.552778 0.779688 0.555556 0.778125 0.558333 0.778125 0.561111 0.776563 0.563889 0.776563 0.569444 0.775 0.572222 0.775 0.575 0.773438 0.577778 0.773438 0.580556 0.771875 0.583333 0.771875 0.586111 0.770312 0.588889 0.770312 0.591667 0.76875 0.594444 0.76875 0.597222 0.767187 0.6 0.767187 0.602778 0.765625 0.605556 0.765625 0.608333 0.764063 0.611111 0.764063 0.613889 0.7625 0.616667 0.7625 0.619444 0.760938 0.622222 0.760938 0.625 0.759375 0.627778 0.759375 0.630556 0.757812 0.633333 0.757812 0.638889 0.75625 0.641667 0.75625 0.644444 0.754687 0.647222 0.754687 0.65 0.753125 0.652778 0.753125 0.655556 0.751562 0.658333 0.751562 0.661111 0.75 0.663889 0.75 0.666667 0.746875 0.672222 0.746875 0.675 0.745313 0.677778 0.745313 0.680556 0.74375 0.683333 0.74375 0.686111 0.740625 0.691667 0.740625 0.694444 0.7375 0.7 0.7375 0.702778 0.735937 0.705556 0.735937 0.708333 0.732813 0.713889 0.732813 0.719444 0.73125 0.722222 0.73125 0.725 0.729688 0.727778 0.729688 0.730556 0.728125 0.733333 0.728125 0.736111 0.726562 0.738889 0.726562 0.741667 0.725 0.744444 0.725 0.747222 0.721875 0.752778 0.721875 0.755556 0.720312 0.758333 0.720312 0.763889 0.71875 0.766667 0.71875 0.769444 0.717188 0.772222 0.717188 0.775 0.715625 0.777778 0.715625 0.780556 0.714063 0.783333 0.714063 0.786111 0.7125 0.788889 0.7125 0.791667 0.707812 0.8 0.707812 0.802778 0.70625 0.805556 0.70625 0.808333 0.704687 0.811111 0.704687 0.813889 0.701563 0.819444 0.701563 0.822222 0.698438 0.827778 0.698438 0.830556 0.696875 0.833333 0.696875 0.836111 0.695312 0.838889 0.695312 0.841667 0.69375 0.844444 0.69375 0.847222 0.692187 0.85 0.692187 0.852778 0.685938 0.863889 0.685938 0.869444 0.68125 0.877778 0.68125 0.880556 0.679688 0.883333 0.679688 0.886111 0.673437 0.897222 0.673437 0.9 0.670313 0.905556 0.665625 0.905556 0.665625 1 0.998438 1 0.998438 0.405556 0.405414
28 0.289062 0.438889 0.289062 0.447222 0.285937 0.452778 0.284375 0.452778 0.282813 0.455556 0.279687 0.455556 0.278125 0.458333 0.276563 0.458333 0.275 0.461111 0.273438 0.461111 0.271875 0.463889 0.270312 0.463889 0.26875 0.466667 0.267188 0.466667 0.265625 0.469444 0.264062 0.469444 0.260938 0.475 0.259375 0.475 0.259375 0.477778 0.25625 0.483333 0.25625 0.486111 0.254687 0.488889 0.254687 0.497222 0.253125 0.5 0.253125 0.516667 0.251563 0.519444 0.251563 0.541667 0.25 0.544444 0.25 0.558333 0.248437 0.561111 0.248437 0.569444 0.246875 0.572222 0.246875 0.577778 0.245312 0.580556 0.245312 0.586111 0.24375 0.588889 0.24375 0.594444 0.242188 0.597222 0.242188 0.6 0.240625 0.602778 0.240625 0.605556 0.239063 0.608333 0.239063 0.613889 0.2375 0.616667 0.2375 0.622222 0.235938 0.625 0.235938 0.627778 0.234375 0.630556 0.234375 0.638889 0.232812 0.641667 0.232812 0.652778 0.23125 0.655556 0.23125 0.663889 0.229687 0.666667 0.229687 0.669444 0.228125 0.672222 0.228125 0.680556 0.226562 0.683333 0.226562 0.686111 0.225 0.688889 0.225 0.694444 0.223438 0.697222 0.223438 0.7 0.220313 0.705556 0.220313 0.711111 0.21875 0.713889 0.21875 0.716667 0.217187 0.719444 0.217187 0.722222 0.214062 0.727778 0.209375 0.727778 0.209375 0.772222 0.214062 0.772222 0.215625 0.775 0.217187 0.775 0.220313 0.780556 0.220313 0.783333 0.221875 0.786111 0.221875 0.791667 0.225 0.797222 0.226562 0.797222 0.229687 0.802778 0.229687 0.811111 0.23125 0.813889 0.23125 0.819444 0.232812 0.822222 0.232812 0.833333 0.23125 0.836111 0.23125 0.85 0.229687 0.852778 0.229687 0.858333 0.228125 0.861111 0.229687 0.863889 0.229687 0.9 0.23125 0.902778 0.229687 0.905556 0.229687 0.911111 0.228125 0.913889 0.228125 0.925 0.226562 0.927778 0.225 0.925 0.225 0.922222 0.223438 0.919444 0.223438 0.916667 0.221875 0.913889 0.220313 0.916667 0.220313 0.927778 0.21875 0.930556 0.21875 0.936111 0.217187 0.938889 0.217187 0.944444 0.214062 0.95 0.209375 0.95 0.209375 0.980556 0.214062 0.980556 0.215625 0.983333 0.214062 0.986111 0.209375 0.986111 0.209375 1 0.234375 1 0.234375 0.994444 0.2375 0.988889 0.242188 0.988889 0.24375 0.986111 0.246875 0.986111 0.25625 0.969444 0.257812 0.969444 0.273438 0.941667 0.273438 0.938889 0.284375 0.919444 0.284375 0.916667 0.289062 0.908333 0.289062 0.905556 0.290625 0.902778 0.292188 0.902778 0.304688 0.880556 0.30625 0.880556 0.309375 0.875 0.310937 0.875 0.3125 0.872222 0.314063 0.872222 0.320312 0.861111 0.321875 0.861111 0.323438 0.858333 0.323438 0.855556 0.328125 0.847222 0.328125 0.838889 0.329688 0.836111 0.329688 0.833333 0.33125 0.830556 0.33125 0.825 0.335938 0.816667 0.335938 0.813889 0.3375 0.811111 0.3375 0.808333 0.339063 0.805556 0.339063 0.8 0.340625 0.797222 0.340625 0.788889 0.342187 0.786111 0.342187 0.775 0.340625 0.772222 0.340625 0.752778 0.339063 0.75 0.339063 0.736111 0.340625 0.733333 0.340625 0.727778 0.342187 0.725 0.342187 0.719444 0.34375 0.716667 0.34375 0.711111 0.348437 0.702778 0.35 0.702778 0.351562 0.7 0.351562 0.694444 0.353125 0.691667 0.353125 0.688889 0.354688 0.686111 0.354688 0.680556 0.35625 0.677778 0.35625 0.672222 0.357812 0.669444 0.357812 0.661111 0.359375 0.658333 0.359375 0.652778 0.360938 0.65 0.360938 0.647222 0.3625 0.644444 0.3625 0.641667 0.364062 0.638889 0.364062 0.630556 0.365625 0.627778 0.365625 0.625 0.367188 0.622222 0.367188 0.619444 0.36875 0.616667 0.36875 0.611111 0.370313 0.608333 0.370313 0.594444 0.371875 0.591667 0.371875 0.563889 0.373437 0.561111 0.373437 0.55 0.375 0.547222 0.375 0.541667 0.376563 0.538889 0.376563 0.536111 0.3875 0.516667 0.3875 0.513889 0.390625 0.508333 0.395312 0.508333 0.395312 0.469444 0.389062 0.469444 0.3875 0.466667 0.3875 0.463889 0.385938 0.461111 0.385938 0.458333 0.38125 0.45 0.38125 0.438889 0.27202
0 0.439063 0.183333 0.439063 0.194444 0.434375 0.202778 0.434375 0.208333 0.432813 0.211111 0.432813 0.219444 0.43125 0.222222 0.43125 0.230556 0.429688 0.233333 0.429688 0.238889 0.43125 0.241667 0.43125 0.247222 0.432813 0.25 0.432813 0.252778 0.434375 0.255556 0.434375 0.258333 0.442187 0.272222 0.442187 0.275 0.446875 0.283333 0.446875 0.286111 0.448438 0.286111 0.453125 0.294444 0.453125 0.3 0.454688 0.302778 0.451562 0.308333 0.45 0.308333 0.446875 0.313889 0.445312 0.313889 0.43125 0.338889 0.43125 0.341667 0.429688 0.344444 0.429688 0.347222 0.417188 0.369444 0.415625 0.369444 0.410937 0.377778 0.409375 0.377778 0.409375 0.380556 0.403125 0.391667 0.401563 0.391667 0.4 0.394444 0.398438 0.394444 0.396875 0.397222 0.39375 0.397222 0.392188 0.4 0.390625 0.4 0.389062 0.402778 0.384375 0.402778 0.382812 0.405556 0.376563 0.405556 0.375 0.402778 0.371875 0.402778 0.370313 0.4 0.36875 0.4 0.367188 0.397222 0.339063 0.397222 0.3375 0.4 0.334375 0.4 0.332812 0.402778 0.328125 0.402778 0.328125 0.438889 0.365625 0.438889 0.367188 0.441667 0.378125 0.441667 0.382812 0.45 0.384375 0.45 0.389062 0.458333 0.389062 0.461111 0.396875 0.475 0.404687 0.475 0.40625 0.472222 0.414062 0.472222 0.415625 0.469444 0.420312 0.469444 0.421875 0.466667 0.425 0.466667 0.426562 0.463889 0.428125 0.463889 0.429688 0.461111 0.43125 0.461111 0.432813 0.458333 0.434375 0.458333 0.434375 0.455556 0.440625 0.444444 0.442187 0.444444 0.44375 0.441667 0.445312 0.441667 0.453125 0.427778 0.454688 0.427778 0.457812 0.422222 0.464063 0.422222 0.467187 0.427778 0.467187 0.436111 0.471875 0.444444 0.471875 0.447222 0.473437 0.45 0.473437 0.461111 0.475 0.463889 0.475 0.469444 0.476562 0.472222 0.476562 0.477778 0.478125 0.480556 0.478125 0.486111 0.479688 0.488889 0.479688 0.5 0.48125 0.502778 0.48125 0.513889 0.482812 0.516667 0.482812 0.519444 0.484375 0.522222 0.484375 0.527778 0.485938 0.530556 0.485938 0.536111 0.4875 0.538889 0.4875 0.544444 0.489062 0.547222 0.489062 0.55 0.490625 0.552778 0.490625 0.555556 0.492188 0.558333 0.492188 0.563889 0.49375 0.566667 0.49375 0.586111 0.492188 0.588889 0.492188 0.594444 0.490625 0.597222 0.490625 0.6 0.489062 0.602778 0.489062 0.605556 0.4875 0.608333 0.4875 0.613889 0.485938 0.616667 0.485938 0.638889 0.484375 0.641667 0.484375 0.658333 0.482812 0.661111 0.482812 0.677778 0.48125 0.680556 0.48125 0.730556 0.482812 0.733333 0.482812 0.736111 0.485938 0.736111 0.4875 0.738889 0.501562 0.738889 0.503125 0.741667 0.509375 0.741667 0.510938 0.744444 0.515625 0.744444 0.517187 0.747222 0.523438 0.747222 0.525 0.75 0.529688 0.75 0.53125 0.752778 0.545313 0.752778 0.55 0.761111 0.55 0.769444 0.560938 0.769444 0.560938 0.761111 0.5625 0.758333 0.5625 0.75 0.564062 0.747222 0.564062 0.744444 0.567187 0.738889 0.567187 0.736111 0.570312 0.730556 0.570312 0.727778 0.573438 0.722222 0.573438 0.719444 0.575 0.716667 0.575 0.713889 0.578125 0.708333 0.578125 0.705556 0.58125 0.7 0.58125 0.697222 0.585938 0.688889 0.585938 0.686111 0.589063 0.680556 0.589063 0.677778 0.590625 0.675 0.590625 0.672222 0.59375 0.666667 0.59375 0.663889 0.596875 0.658333 0.596875 0.655556 0.601562 0.647222 0.601562 0.644444 0.603125 0.641667 0.603125 0.638889 0.60625 0.633333 0.60625 0.630556 0.607813 0.627778 0.607813 0.625 0.609375 0.622222 0.609375 0.619444 0.6125 0.613889 0.6125 0.608333 0.614062 0.605556 0.614062 0.602778 0.6125 0.6 0.6125 0.597222 0.610937 0.594444 0.610937 0.575 0.609375 0.572222 0.609375 0.566667 0.610937 0.563889 0.610937 0.555556 0.609375 0.552778 0.609375 0.525 0.610937 0.522222 0.610937 0.516667 0.6125 0.513889 0.6125 0.511111 0.614062 0.508333 0.614062 0.505556 0.615625 0.502778 0.615625 0.5 0.617188 0.497222 0.617188 0.486111 0.61875 0.483333 0.61875 0.458333 0.617188 0.455556 0.617188 0.433333 0.615625 0.430556 0.615625 0.425 0.614062 0.422222 0.614062 0.419444 0.6125 0.416667 0.6125 0.408333 0.610937 0.405556 0.610937 0.394444 0.609375 0.391667 0.609375 0.386111 0.607813 0.383333 0.607813 0.377778 0.60625 0.375 0.60625 0.369444 0.604688 0.366667 0.604688 0.361111 0.603125 0.358333 0.603125 0.352778 0.601562 0.35 0.601562 0.347222 0.6 0.344444 0.6 0.338889 0.598437 0.336111 0.598437 0.333333 0.596875 0.330556 0.596875 0.327778 0.595312 0.325 0.595312 0.322222 0.59375 0.319444 0.59375 0.316667 0.590625 0.311111 0.590625 0.308333 0.589063 0.305556 0.589063 0.302778 0.579687 0.286111 0.578125 0.286111 0.573438 0.277778 0.571875 0.277778 0.570312 0.275 0.56875 0.275 0.567187 0.272222 0.565625 0.272222 0.564062 0.269444 0.560938 0.269444 0.559375 0.266667 0.551562 0.266667 0.55 0.263889 0.546875 0.263889 0.545313 0.261111 0.540625 0.261111 0.539062 0.258333 0.5375 0.258333 0.534375 0.252778 0.532812 0.252778 0.53125 0.25 0.529688 0.25 0.528125 0.247222 0.525 0.247222 0.523438 0.244444 0.51875 0.244444 0.5125 0.233333 0.5125 0.230556 0.510938 0.227778 0.510938 0.225 0.509375 0.222222 0.509375 0.216667 0.50625 0.211111 0.50625 0.208333 0.503125 0.202778 0.503125 0.2 0.501562 0.197222 0.501562 0.194444 0.5 0.191667 0.5 0.183333 0.897754
28 0.003125 0.405556 0.003125 1 0.16875 1 0.16875 0.994444 0.170312 0.991667 0.170312 0.983333 0.171875 0.980556 0.171875 0.944444 0.173438 0.941667 0.173438 0.933333 0.175 0.930556 0.175 0.925 0.18125 0.913889 0.18125 0.911111 0.185937 0.902778 0.190625 0.902778 0.192188 0.905556 0.19375 0.905556 0.196875 0.911111 0.201562 0.911111 0.204688 0.916667 0.2 0.925 0.203125 0.925 0.204688 0.927778 0.210938 0.927778 0.2125 0.925 0.2125 0.922222 0.210938 0.919444 0.210938 0.916667 0.215625 0.908333 0.215625 0.880556 0.2125 0.875 0.2125 0.872222 0.210938 0.869444 0.207813 0.869444 0.207813 0.872222 0.203125 0.880556 0.2 0.880556 0.196875 0.886111 0.195312 0.886111 0.192188 0.891667 0.190625 0.891667 0.189063 0.894444 0.1875 0.891667 0.184375 0.891667 0.18125 0.886111 0.18125 0.872222 0.182812 0.869444 0.182812 0.861111 0.184375 0.858333 0.182812 0.855556 0.182812 0.847222 0.184375 0.844444 0.185937 0.844444 0.185937 0.841667 0.1875 0.838889 0.1875 0.836111 0.198437 0.816667 0.2 0.816667 0.201562 0.813889 0.2 0.811111 0.2 0.8 0.201562 0.797222 0.201562 0.772222 0.204688 0.766667 0.204688 0.763889 0.20625 0.761111 0.20625 0.755556 0.207813 0.752778 0.207813 0.747222 0.209375 0.744444 0.209375 0.738889 0.210938 0.736111 0.210938 0.733333 0.2125 0.730556 0.2125 0.727778 0.214062 0.725 0.214062 0.722222 0.215625 0.719444 0.215625 0.713889 0.217187 0.711111 0.217187 0.708333 0.21875 0.705556 0.21875 0.702778 0.220313 0.7 0.220313 0.697222 0.221875 0.694444 0.221875 0.691667 0.223438 0.688889 0.223438 0.683333 0.225 0.680556 0.225 0.675 0.226562 0.672222 0.226562 0.666667 0.228125 0.663889 0.228125 0.655556 0.229687 0.652778 0.229687 0.644444 0.23125 0.641667 0.23125 0.636111 0.232812 0.633333 0.232812 0.625 0.234375 0.622222 0.234375 0.619444 0.235938 0.616667 0.235938 0.611111 0.2375 0.608333 0.2375 0.605556 0.239063 0.602778 0.239063 0.6 0.240625 0.597222 0.240625 0.591667 0.242188 0.588889 0.242188 0.586111 0.24375 0.583333 0.24375 0.577778 0.245312 0.575 0.245312 0.566667 0.246875 0.563889 0.246875 0.544444 0.248437 0.541667 0.248437 0.530556 0.25 0.527778 0.25 0.516667 0.251563 0.513889 0.251563 0.511111 0.253125 0.508333 0.257812 0.508333 0.257812 0.466667 0.253125 0.466667 0.251563 0.463889 0.251563 0.461111 0.25 0.458333 0.25 0.455556 0.248437 0.452778 0.248437 0.45 0.242188 0.438889 0.242188 0.436111 0.240625 0.436111 0.2375 0.430556 0.235938 0.430556 0.234375 0.427778 0.232812 0.427778 0.23125 0.425 0.228125 0.425 0.226562 0.422222 0.210938 0.422222 0.209375 0.419444 0.192188 0.419444 0.190625 0.416667 0.1875 0.416667 0.185937 0.413889 0.185937 0.405556 0.0484375 0.405556 0.0484375 0.413889 0.046875 0.416667 0.04375 0.416667 0.0421875 0.419444 0.0375 0.419444 0.034375 0.413889 0.034375 0.405556 0.59946
56 0.840625 0.405556 0.840625 0.413889 0.835938 0.422222 0.828125 0.422222 0.821875 0.433333 0.820312 0.433333 0.81875 0.436111 0.81875 0.438889 0.817187 0.441667 0.815625 0.441667 0.8125 0.447222 0.8125 0.45 0.807813 0.458333 0.807813 0.461111 0.80625 0.463889 0.80625 0.466667 0.803125 0.472222 0.803125 0.475 0.801562 0.477778 0.801562 0.483333 0.8 0.486111 0.8 0.488889 0.798437 0.491667 0.798437 0.494444 0.796875 0.497222 0.796875 0.5 0.79375 0.505556 0.79375 0.508333 0.790625 0.513889 0.790625 0.516667 0.789062 0.519444 0.789062 0.522222 0.7875 0.525 0.7875 0.527778 0.785937 0.530556 0.785937 0.533333 0.784375 0.536111 0.784375 0.538889 0.782812 0.541667 0.782812 0.544444 0.78125 0.547222 0.78125 0.55 0.779688 0.552778 0.779688 0.555556 0.778125 0.558333 0.778125 0.561111 0.776563 0.563889 0.776563 0.569444 0.775 0.572222 0.775 0.575 0.773438 0.577778 0.773438 0.580556 0.771875 0.583333 0.771875 0.586111 0.770312 0.588889 0.770312 0.591667 0.76875 0.594444 0.76875 0.597222 0.767187 0.6 0.767187 0.602778 0.765625 0.605556 0.765625 0.608333 0.764063 0.611111 0.764063 0.613889 0.7625 0.616667 0.7625 0.619444 0.760938 0.622222 0.760938 0.625 0.759375 0.627778 0.759375 0.630556 0.757812 0.633333 0.757812 0.638889 0.75625 0.641667 0.75625 0.644444 0.754687 0.647222 0.754687 0.65 0.753125 0.652778 0.753125 0.655556 0.751562 0.658333 0.751562 0.661111 0.75 0.663889 0.75 0.666667 0.746875 0.672222 0.746875 0.675 0.745313 0.677778 0.745313 0.680556 0.74375 0.683333 0.74375 0.686111 0.740625 0.691667 0.740625 0.694444 0.7375 0.7 0.7375 0.702778 0.735937 0.705556 0.735937 0.708333 0.732813 0.713889 0.732813 0.719444 0.73125 0.722222 0.73125 0.725 0.729688 0.727778 0.729688 0.730556 0.728125 0.733333 0.728125 0.736111 0.726562 0.738889 0.726562 0.741667 0.725 0.744444 0.725 0.747222 0.721875 0.752778 0.721875 0.755556 0.720312 0.758333 0.720312 0.763889 0.71875 0.766667 0.71875 0.769444 0.717188 0.772222 0.717188 0.775 0.715625 0.777778 0.715625 0.780556 0.714063 0.783333 0.714063 0.786111 0.7125 0.788889 0.7125 0.791667 0.707812 0.8 0.707812 0.802778 0.70625 0.805556 0.70625 0.808333 0.704687 0.811111 0.704687 0.813889 0.701563 0.819444 0.701563 0.822222 0.698438 0.827778 0.698438 0.830556 0.696875 0.833333 0.696875 0.836111 0.695312 0.838889 0.695312 0.841667 0.69375 0.844444 0.69375 0.847222 0.692187 0.85 0.692187 0.852778 0.685938 0.863889 0.685938 0.869444 0.68125 0.877778 0.68125 0.880556 0.679688 0.883333 0.679688 0.886111 0.673437 0.897222 0.673437 0.9 0.670313 0.905556 0.665625 0.905556 0.665625 1 0.998438 1 0.998438 0.405556 0.405414
28 0.289062 0.438889 0.289062 0.447222 0.285937 0.452778 0.284375 0.452778 0.282813 0.455556 0.279687 0.455556 0.278125 0.458333 0.276563 0.458333 0.275 0.461111 0.273438 0.461111 0.271875 0.463889 0.270312 0.463889 0.26875 0.466667 0.267188 0.466667 0.265625 0.469444 0.264062 0.469444 0.260938 0.475 0.259375 0.475 0.259375 0.477778 0.25625 0.483333 0.25625 0.486111 0.254687 0.488889 0.254687 0.497222 0.253125 0.5 0.253125 0.516667 0.251563 0.519444 0.251563 0.541667 0.25 0.544444 0.25 0.558333 0.248437 0.561111 0.248437 0.569444 0.246875 0.572222 0.246875 0.577778 0.245312 0.580556 0.245312 0.586111 0.24375 0.588889 0.24375 0.594444 0.242188 0.597222 0.242188 0.6 0.240625 0.602778 0.240625 0.605556 0.239063 0.608333 0.239063 0.613889 0.2375 0.616667 0.2375 0.622222 0.235938 0.625 0.235938 0.627778 0.234375 0.630556 0.234375 0.638889 0.232812 0.641667 0.232812 0.652778 0.23125 0.655556 0.23125 0.663889 0.229687 0.666667 0.229687 0.669444 0.228125 0.672222 0.228125 0.680556 0.226562 0.683333 0.226562 0.686111 0.225 0.688889 0.225 0.694444 0.223438 0.697222 0.223438 0.7 0.220313 0.705556 0.220313 0.711111 0.21875 0.713889 0.21875 0.716667 0.217187 0.719444 0.217187 0.722222 0.214062 0.727778 0.209375 0.727778 0.209375 0.772222 0.214062 0.772222 0.215625 0.775 0.217187 0.775 0.220313 0.780556 0.220313 0.783333 0.221875 0.786111 0.221875 0.791667 0.225 0.797222 0.226562 0.797222 0.229687 0.802778 0.229687 0.811111 0.23125 0.813889 0.23125 0.819444 0.232812 0.822222 0.232812 0.833333 0.23125 0.836111 0.23125 0.85 0.229687 0.852778 0.229687 0.858333 0.228125 0.861111 0.229687 0.863889 0.229687 0.9 0.23125 0.902778 0.229687 0.905556 0.229687 0.911111 0.228125 0.913889 0.228125 0.925 0.226562 0.927778 0.225 0.925 0.225 0.922222 0.223438 0.919444 0.223438 0.916667 0.221875 0.913889 0.220313 0.916667 0.220313 0.927778 0.21875 0.930556 0.21875 0.936111 0.217187 0.938889 0.217187 0.944444 0.214062 0.95 0.209375 0.95 0.209375 0.980556 0.214062 0.980556 0.215625 0.983333 0.214062 0.986111 0.209375 0.986111 0.209375 1 0.234375 1 0.234375 0.994444 0.2375 0.988889 0.242188 0.988889 0.24375 0.986111 0.246875 0.986111 0.25625 0.969444 0.257812 0.969444 0.273438 0.941667 0.273438 0.938889 0.284375 0.919444 0.284375 0.916667 0.289062 0.908333 0.289062 0.905556 0.290625 0.902778 0.292188 0.902778 0.304688 0.880556 0.30625 0.880556 0.309375 0.875 0.310937 0.875 0.3125 0.872222 0.314063 0.872222 0.320312 0.861111 0.321875 0.861111 0.323438 0.858333 0.323438 0.855556 0.328125 0.847222 0.328125 0.838889 0.329688 0.836111 0.329688 0.833333 0.33125 0.830556 0.33125 0.825 0.335938 0.816667 0.335938 0.813889 0.3375 0.811111 0.3375 0.808333 0.339063 0.805556 0.339063 0.8 0.340625 0.797222 0.340625 0.788889 0.342187 0.786111 0.342187 0.775 0.340625 0.772222 0.340625 0.752778 0.339063 0.75 0.339063 0.736111 0.340625 0.733333 0.340625 0.727778 0.342187 0.725 0.342187 0.719444 0.34375 0.716667 0.34375 0.711111 0.348437 0.702778 0.35 0.702778 0.351562 0.7 0.351562 0.694444 0.353125 0.691667 0.353125 0.688889 0.354688 0.686111 0.354688 0.680556 0.35625 0.677778 0.35625 0.672222 0.357812 0.669444 0.357812 0.661111 0.359375 0.658333 0.359375 0.652778 0.360938 0.65 0.360938 0.647222 0.3625 0.644444 0.3625 0.641667 0.364062 0.638889 0.364062 0.630556 0.365625 0.627778 0.365625 0.625 0.367188 0.622222 0.367188 0.619444 0.36875 0.616667 0.36875 0.611111 0.370313 0.608333 0.370313 0.594444 0.371875 0.591667 0.371875 0.563889 0.373437 0.561111 0.373437 0.55 0.375 0.547222 0.375 0.541667 0.376563 0.538889 0.376563 0.536111 0.3875 0.516667 0.3875 0.513889 0.390625 0.508333 0.395312 0.508333 0.395312 0.469444 0.389062 0.469444 0.3875 0.466667 0.3875 0.463889 0.385938 0.461111 0.385938 0.458333 0.38125 0.45 0.38125 0.438889 0.27202
0 0.439063 0.183333 0.439063 0.194444 0.434375 0.202778 0.434375 0.208333 0.432813 0.211111 0.432813 0.219444 0.43125 0.222222 0.43125 0.230556 0.429688 0.233333 0.429688 0.238889 0.43125 0.241667 0.43125 0.247222 0.432813 0.25 0.432813 0.252778 0.434375 0.255556 0.434375 0.258333 0.442187 0.272222 0.442187 0.275 0.446875 0.283333 0.446875 0.286111 0.448438 0.286111 0.453125 0.294444 0.453125 0.3 0.454688 0.302778 0.451562 0.308333 0.45 0.308333 0.446875 0.313889 0.445312 0.313889 0.43125 0.338889 0.43125 0.341667 0.429688 0.344444 0.429688 0.347222 0.417188 0.369444 0.415625 0.369444 0.410937 0.377778 0.409375 0.377778 0.409375 0.380556 0.403125 0.391667 0.401563 0.391667 0.4 0.394444 0.398438 0.394444 0.396875 0.397222 0.39375 0.397222 0.392188 0.4 0.390625 0.4 0.389062 0.402778 0.384375 0.402778 0.382812 0.405556 0.376563 0.405556 0.375 0.402778 0.371875 0.402778 0.370313 0.4 0.36875 0.4 0.367188 0.397222 0.339063 0.397222 0.3375 0.4 0.334375 0.4 0.332812 0.402778 0.328125 0.402778 0.328125 0.438889 0.365625 0.438889 0.367188 0.441667 0.378125 0.441667 0.382812 0.45 0.384375 0.45 0.389062 0.458333 0.389062 0.461111 0.396875 0.475 0.404687 0.475 0.40625 0.472222 0.414062 0.472222 0.415625 0.469444 0.420312 0.469444 0.421875 0.466667 0.425 0.466667 0.426562 0.463889 0.428125 0.463889 0.429688 0.461111 0.43125 0.461111 0.432813 0.458333 0.434375 0.458333 0.434375 0.455556 0.440625 0.444444 0.442187 0.444444 0.44375 0.441667 0.445312 0.441667 0.453125 0.427778 0.454688 0.427778 0.457812 0.422222 0.464063 0.422222 0.467187 0.427778 0.467187 0.436111 0.471875 0.444444 0.471875 0.447222 0.473437 0.45 0.473437 0.461111 0.475 0.463889 0.475 0.469444 0.476562 0.472222 0.476562 0.477778 0.478125 0.480556 0.478125 0.486111 0.479688 0.488889 0.479688 0.5 0.48125 0.502778 0.48125 0.513889 0.482812 0.516667 0.482812 0.519444 0.484375 0.522222 0.484375 0.527778 0.485938 0.530556 0.485938 0.536111 0.4875 0.538889 0.4875 0.544444 0.489062 0.547222 0.489062 0.55 0.490625 0.552778 0.490625 0.555556 0.492188 0.558333 0.492188 0.563889 0.49375 0.566667 0.49375 0.586111 0.492188 0.588889 0.492188 0.594444 0.490625 0.597222 0.490625 0.6 0.489062 0.602778 0.489062 0.605556 0.4875 0.608333 0.4875 0.613889 0.485938 0.616667 0.485938 0.638889 0.484375 0.641667 0.484375 0.658333 0.482812 0.661111 0.482812 0.677778 0.48125 0.680556 0.48125 0.730556 0.482812 0.733333 0.482812 0.736111 0.485938 0.736111 0.4875 0.738889 0.501562 0.738889 0.503125 0.741667 0.509375 0.741667 0.510938 0.744444 0.515625 0.744444 0.517187 0.747222 0.523438 0.747222 0.525 0.75 0.529688 0.75 0.53125 0.752778 0.545313 0.752778 0.55 0.761111 0.55 0.769444 0.560938 0.769444 0.560938 0.761111 0.5625 0.758333 0.5625 0.75 0.564062 0.747222 0.564062 0.744444 0.567187 0.738889 0.567187 0.736111 0.570312 0.730556 0.570312 0.727778 0.573438 0.722222 0.573438 0.719444 0.575 0.716667 0.575 0.713889 0.578125 0.708333 0.578125 0.705556 0.58125 0.7 0.58125 0.697222 0.585938 0.688889 0.585938 0.686111 0.589063 0.680556 0.589063 0.677778 0.590625 0.675 0.590625 0.672222 0.59375 0.666667 0.59375 0.663889 0.596875 0.658333 0.596875 0.655556 0.601562 0.647222 0.601562 0.644444 0.603125 0.641667 0.603125 0.638889 0.60625 0.633333 0.60625 0.630556 0.607813 0.627778 0.607813 0.625 0.609375 0.622222 0.609375 0.619444 0.6125 0.613889 0.6125 0.608333 0.614062 0.605556 0.614062 0.602778 0.6125 0.6 0.6125 0.597222 0.610937 0.594444 0.610937 0.575 0.609375 0.572222 0.609375 0.566667 0.610937 0.563889 0.610937 0.555556 0.609375 0.552778 0.609375 0.525 0.610937 0.522222 0.610937 0.516667 0.6125 0.513889 0.6125 0.511111 0.614062 0.508333 0.614062 0.505556 0.615625 0.502778 0.615625 0.5 0.617188 0.497222 0.617188 0.486111 0.61875 0.483333 0.61875 0.458333 0.617188 0.455556 0.617188 0.433333 0.615625 0.430556 0.615625 0.425 0.614062 0.422222 0.614062 0.419444 0.6125 0.416667 0.6125 0.408333 0.610937 0.405556 0.610937 0.394444 0.609375 0.391667 0.609375 0.386111 0.607813 0.383333 0.607813 0.377778 0.60625 0.375 0.60625 0.369444 0.604688 0.366667 0.604688 0.361111 0.603125 0.358333 0.603125 0.352778 0.601562 0.35 0.601562 0.347222 0.6 0.344444 0.6 0.338889 0.598437 0.336111 0.598437 0.333333 0.596875 0.330556 0.596875 0.327778 0.595312 0.325 0.595312 0.322222 0.59375 0.319444 0.59375 0.316667 0.590625 0.311111 0.590625 0.308333 0.589063 0.305556 0.589063 0.302778 0.579687 0.286111 0.578125 0.286111 0.573438 0.277778 0.571875 0.277778 0.570312 0.275 0.56875 0.275 0.567187 0.272222 0.565625 0.272222 0.564062 0.269444 0.560938 0.269444 0.559375 0.266667 0.551562 0.266667 0.55 0.263889 0.546875 0.263889 0.545313 0.261111 0.540625 0.261111 0.539062 0.258333 0.5375 0.258333 0.534375 0.252778 0.532812 0.252778 0.53125 0.25 0.529688 0.25 0.528125 0.247222 0.525 0.247222 0.523438 0.244444 0.51875 0.244444 0.5125 0.233333 0.5125 0.230556 0.510938 0.227778 0.510938 0.225 0.509375 0.222222 0.509375 0.216667 0.50625 0.211111 0.50625 0.208333 0.503125 0.202778 0.503125 0.2 0.501562 0.197222 0.501562 0.194444 0.5 0.191667 0.5 0.183333 0.897754
28 0.003125 0.405556 0.003125 1 0.16875 1 0.16875 0.994444 0.170312 0.991667 0.170312 0.983333 0.171875 0.980556 0.171875 0.944444 0.173438 0.941667 0.173438 0.933333 0.175 0.930556 0.175 0.925 0.18125 0.913889 0.18125 0.911111 0.185937 0.902778 0.190625 0.902778 0.192188 0.905556 0.19375 0.905556 0.196875 0.911111 0.201562 0.911111 0.204688 0.916667 0.2 0.925 0.203125 0.925 0.204688 0.927778 0.210938 0.927778 0.2125 0.925 0.2125 0.922222 0.210938 0.919444 0.210938 0.916667 0.215625 0.908333 0.215625 0.880556 0.2125 0.875 0.2125 0.872222 0.210938 0.869444 0.207813 0.869444 0.207813 0.872222 0.203125 0.880556 0.2 0.880556 0.196875 0.886111 0.195312 0.886111 0.192188 0.891667 0.190625 0.891667 0.189063 0.894444 0.1875 0.891667 0.184375 0.891667 0.18125 0.886111 0.18125 0.872222 0.182812 0.869444 0.182812 0.861111 0.184375 0.858333 0.182812 0.855556 0.182812 0.847222 0.184375 0.844444 0.185937 0.844444 0.185937 0.841667 0.1875 0.838889 0.1875 0.836111 0.198437 0.816667 0.2 0.816667 0.201562 0.813889 0.2 0.811111 0.2 0.8 0.201562 0.797222 0.201562 0.772222 0.204688 0.766667 0.204688 0.763889 0.20625 0.761111 0.20625 0.755556 0.207813 0.752778 0.207813 0.747222 0.209375 0.744444 0.209375 0.738889 0.210938 0.736111 0.210938 0.733333 0.2125 0.730556 0.2125 0.727778 0.214062 0.725 0.214062 0.722222 0.215625 0.719444 0.215625 0.713889 0.217187 0.711111 0.217187 0.708333 0.21875 0.705556 0.21875 0.702778 0.220313 0.7 0.220313 0.697222 0.221875 0.694444 0.221875 0.691667 0.223438 0.688889 0.223438 0.683333 0.225 0.680556 0.225 0.675 0.226562 0.672222 0.226562 0.666667 0.228125 0.663889 0.228125 0.655556 0.229687 0.652778 0.229687 0.644444 0.23125 0.641667 0.23125 0.636111 0.232812 0.633333 0.232812 0.625 0.234375 0.622222 0.234375 0.619444 0.235938 0.616667 0.235938 0.611111 0.2375 0.608333 0.2375 0.605556 0.239063 0.602778 0.239063 0.6 0.240625 0.597222 0.240625 0.591667 0.242188 0.588889 0.242188 0.586111 0.24375 0.583333 0.24375 0.577778 0.245312 0.575 0.245312 0.566667 0.246875 0.563889 0.246875 0.544444 0.248437 0.541667 0.248437 0.530556 0.25 0.527778 0.25 0.516667 0.251563 0.513889 0.251563 0.511111 0.253125 0.508333 0.257812 0.508333 0.257812 0.466667 0.253125 0.466667 0.251563 0.463889 0.251563 0.461111 0.25 0.458333 0.25 0.455556 0.248437 0.452778 0.248437 0.45 0.242188 0.438889 0.242188 0.436111 0.240625 0.436111 0.2375 0.430556 0.235938 0.430556 0.234375 0.427778 0.232812 0.427778 0.23125 0.425 0.228125 0.425 0.226562 0.422222 0.210938 0.422222 0.209375 0.419444 0.192188 0.419444 0.190625 0.416667 0.1875 0.416667 0.185937 0.413889 0.185937 0.405556 0.0484375 0.405556 0.0484375 0.413889 0.046875 0.416667 0.04375 0.416667 0.0421875 0.419444 0.0375 0.419444 0.034375 0.413889 0.034375 0.405556 0.59946
56 0.840625 0.405556 0.840625 0.413889 0.835938 0.422222 0.828125 0.422222 0.821875 0.433333 0.820312 0.433333 0.81875 0.436111 0.81875 0.438889 0.817187 0.441667 0.815625 0.441667 0.8125 0.447222 0.8125 0.45 0.807813 0.458333 0.807813 0.461111 0.80625 0.463889 0.80625 0.466667 0.803125 0.472222 0.803125 0.475 0.801562 0.477778 0.801562 0.483333 0.8 0.486111 0.8 0.488889 0.798437 0.491667 0.798437 0.494444 0.796875 0.497222 0.796875 0.5 0.79375 0.505556 0.79375 0.508333 0.790625 0.513889 0.790625 0.516667 0.789062 0.519444 0.789062 0.522222 0.7875 0.525 0.7875 0.527778 0.785937 0.530556 0.785937 0.533333 0.784375 0.536111 0.784375 0.538889 0.782812 0.541667 0.782812 0.544444 0.78125 0.547222 0.78125 0.55 0.779688 0.552778 0.779688 0.555556 0.778125 0.558333 0.778125 0.561111 0.776563 0.563889 0.776563 0.569444 0.775 0.572222 0.775 0.575 0.773438 0.577778 0.773438 0.580556 0.771875 0.583333 0.771875 0.586111 0.770312 0.588889 0.770312 0.591667 0.76875 0.594444 0.76875 0.597222 0.767187 0.6 0.767187 0.602778 0.765625 0.605556 0.765625 0.608333 0.764063 0.611111 0.764063 0.613889 0.7625 0.616667 0.7625 0.619444 0.760938 0.622222 0.760938 0.625 0.759375 0.627778 0.759375 0.630556 0.757812 0.633333 0.757812 0.638889 0.75625 0.641667 0.75625 0.644444 0.754687 0.647222 0.754687 0.65 0.753125 0.652778 0.753125 0.655556 0.751562 0.658333 0.751562 0.661111 0.75 0.663889 0.75 0.666667 0.746875 0.672222 0.746875 0.675 0.745313 0.677778 0.745313 0.680556 0.74375 0.683333 0.74375 0.686111 0.740625 0.691667 0.740625 0.694444 0.7375 0.7 0.7375 0.702778 0.735937 0.705556 0.735937 0.708333 0.732813 0.713889 0.732813 0.719444 0.73125 0.722222 0.73125 0.725 0.729688 0.727778 0.729688 0.730556 0.728125 0.733333 0.728125 0.736111 0.726562 0.738889 0.726562 0.741667 0.725 0.744444 0.725 0.747222 0.721875 0.752778 0.721875 0.755556 0.720312 0.758333 0.720312 0.763889 0.71875 0.766667 0.71875 0.769444 0.717188 0.772222 0.717188 0.775 0.715625 0.777778 0.715625 0.780556 0.714063 0.783333 0.714063 0.786111 0.7125 0.788889 0.7125 0.791667 0.707812 0.8 0.707812 0.802778 0.70625 0.805556 0.70625 0.808333 0.704687 0.811111 0.704687 0.813889 0.701563 0.819444 0.701563 0.822222 0.698438 0.827778 0.698438 0.830556 0.696875 0.833333 0.696875 0.836111 0.695312 0.838889 0.695312 0.841667 0.69375 0.844444 0.69375 0.847222 0.692187 0.85 0.692187 0.852778 0.685938 0.863889 0.685938 0.869444 0.68125 0.877778 0.68125 0.880556 0.679688 0.883333 0.679688 0.886111 0.673437 0.897222 0.673437 0.9 0.670313 0.905556 0.665625 0.905556 0.665625 1 0.998438 1 0.998438 0.405556 0.405414
28 0.289062 0.438889 0.289062 0.447222 0.285937 0.452778 0.284375 0.452778 0.282813 0.455556 0.279687 0.455556 0.278125 0.458333 0.276563 0.458333 0.275 0.461111 0.273438 0.461111 0.271875 0.463889 0.270312 0.463889 0.26875 0.466667 0.267188 0.466667 0.265625 0.469444 0.264062 0.469444 0.260938 0.475 0.259375 0.475 0.259375 0.477778 0.25625 0.483333 0.25625 0.486111 0.254687 0.488889 0.254687 0.497222 0.253125 0.5 0.253125 0.516667 0.251563 0.519444 0.251563 0.541667 0.25 0.544444 0.25 0.558333 0.248437 0.561111 0.248437 0.569444 0.246875 0.572222 0.246875 0.577778 0.245312 0.580556 0.245312 0.586111 0.24375 0.588889 0.24375 0.594444 0.242188 0.597222 0.242188 0.6 0.240625 0.602778 0.240625 0.605556 0.239063 0.608333 0.239063 0.613889 0.2375 0.616667 0.2375 0.622222 0.235938 0.625 0.235938 0.627778 0.234375 0.630556 0.234375 0.638889 0.232812 0.641667 0.232812 0.652778 0.23125 0.655556 0.23125 0.663889 0.229687 0.666667 0.229687 0.669444 0.228125 0.672222 0.228125 0.680556 0.226562 0.683333 0.226562 0.686111 0.225 0.688889 0.225 0.694444 0.223438 0.697222 0.223438 0.7 0.220313 0.705556 0.220313 0.711111 0.21875 0.713889 0.21875 0.716667 0.217187 0.719444 0.217187 0.722222 0.214062 0.727778 0.209375 0.727778 0.209375 0.772222 0.214062 0.772222 0.215625 0.775 0.217187 0.775 0.220313 0.780556 0.220313 0.783333 0.221875 0.786111 0.221875 0.791667 0.225 0.797222 0.226562 0.797222 0.229687 0.802778 0.229687 0.811111 0.23125 0.813889 0.23125 0.819444 0.232812 0.822222 0.232812 0.833333 0.23125 0.836111 0.23125 0.85 0.229687 0.852778 0.229687 0.858333 0.228125 0.861111 0.229687 0.863889 0.229687 0.9 0.23125 0.902778 0.229687 0.905556 0.229687 0.911111 0.228125 0.913889 0.228125 0.925 0.226562 0.927778 0.225 0.925 0.225 0.922222 0.223438 0.919444 0.223438 0.916667 0.221875 0.913889 0.220313 0.916667 0.220313 0.927778 0.21875 0.930556 0.21875 0.936111 0.217187 0.938889 0.217187 0.944444 0.214062 0.95 0.209375 0.95 0.209375 0.980556 0.214062 0.980556 0.215625 0.983333 0.214062 0.986111 0.209375 0.986111 0.209375 1 0.234375 1 0.234375 0.994444 0.2375 0.988889 0.242188 0.988889 0.24375 0.986111 0.246875 0.986111 0.25625 0.969444 0.257812 0.969444 0.273438 0.941667 0.273438 0.938889 0.284375 0.919444 0.284375 0.916667 0.289062 0.908333 0.289062 0.905556 0.290625 0.902778 0.292188 0.902778 0.304688 0.880556 0.30625 0.880556 0.309375 0.875 0.310937 0.875 0.3125 0.872222 0.314063 0.872222 0.320312 0.861111 0.321875 0.861111 0.323438 0.858333 0.323438 0.855556 0.328125 0.847222 0.328125 0.838889 0.329688 0.836111 0.329688 0.833333 0.33125 0.830556 0.33125 0.825 0.335938 0.816667 0.335938 0.813889 0.3375 0.811111 0.3375 0.808333 0.339063 0.805556 0.339063 0.8 0.340625 0.797222 0.340625 0.788889 0.342187 0.786111 0.342187 0.775 0.340625 0.772222 0.340625 0.752778 0.339063 0.75 0.339063 0.736111 0.340625 0.733333 0.340625 0.727778 0.342187 0.725 0.342187 0.719444 0.34375 0.716667 0.34375 0.711111 0.348437 0.702778 0.35 0.702778 0.351562 0.7 0.351562 0.694444 0.353125 0.691667 0.353125 0.688889 0.354688 0.686111 0.354688 0.680556 0.35625 0.677778 0.35625 0.672222 0.357812 0.669444 0.357812 0.661111 0.359375 0.658333 0.359375 0.652778 0.360938 0.65 0.360938 0.647222 0.3625 0.644444 0.3625 0.641667 0.364062 0.638889 0.364062 0.630556 0.365625 0.627778 0.365625 0.625 0.367188 0.622222 0.367188 0.619444 0.36875 0.616667 0.36875 0.611111 0.370313 0.608333 0.370313 0.594444 0.371875 0.591667 0.371875 0.563889 0.373437 0.561111 0.373437 0.55 0.375 0.547222 0.375 0.541667 0.376563 0.538889 0.376563 0.536111 0.3875 0.516667 0.3875 0.513889 0.390625 0.508333 0.395312 0.508333 0.395312 0.469444 0.389062 0.469444 0.3875 0.466667 0.3875 0.463889 0.385938 0.461111 0.385938 0.458333 0.38125 0.45 0.38125 0.438889 0.27202
0 0.439063 0.183333 0.439063 0.194444 0.434375 0.202778 0.434375 0.208333 0.432813 0.211111 0.432813 0.219444 0.43125 0.222222 0.43125 0.230556 0.429688 0.233333 0.429688 0.238889 0.43125 0.241667 0.43125 0.247222 0.432813 0.25 0.432813 0.252778 0.434375 0.255556 0.434375 0.258333 0.442187 0.272222 0.442187 0.275 0.446875 0.283333 0.446875 0.286111 0.448438 0.286111 0.453125 0.294444 0.453125 0.3 0.454688 0.302778 0.451562 0.308333 0.45 0.308333 0.446875 0.313889 0.445312 0.313889 0.43125 0.338889 0.43125 0.341667 0.429688 0.344444 0.429688 0.347222 0.417188 0.369444 0.415625 0.369444 0.410937 0.377778 0.409375 0.377778 0.409375 0.380556 0.403125 0.391667 0.401563 0.391667 0.4 0.394444 0.398438 0.394444 0.396875 0.397222 0.39375 0.397222 0.392188 0.4 0.390625 0.4 0.389062 0.402778 0.384375 0.402778 0.382812 0.405556 0.376563 0.405556 0.375 0.402778 0.371875 0.402778 0.370313 0.4 0.36875 0.4 0.367188 0.397222 0.339063 0.397222 0.3375 0.4 0.334375 0.4 0.332812 0.402778 0.328125 0.402778 0.328125 0.438889 0.365625 0.438889 0.367188 0.441667 0.378125 0.441667 0.382812 0.45 0.384375 0.45 0.389062 0.458333 0.389062 0.461111 0.396875 0.475 0.404687 0.475 0.40625 0.472222 0.414062 0.472222 0.415625 0.469444 0.420312 0.469444 0.421875 0.466667 0.425 0.466667 0.426562 0.463889 0.428125 0.463889 0.429688 0.461111 0.43125 0.461111 0.432813 0.458333 0.434375 0.458333 0.434375 0.455556 0.440625 0.444444 0.442187 0.444444 0.44375 0.441667 0.445312 0.441667 0.453125 0.427778 0.454688 0.427778 0.457812 0.422222 0.464063 0.422222 0.467187 0.427778 0.467187 0.436111 0.471875 0.444444 0.471875 0.447222 0.473437 0.45 0.473437 0.461111 0.475 0.463889 0.475 0.469444 0.476562 0.472222 0.476562 0.477778 0.478125 0.480556 0.478125 0.486111 0.479688 0.488889 0.479688 0.5 0.48125 0.502778 0.48125 0.513889 0.482812 0.516667 0.482812 0.519444 0.484375 0.522222 0.484375 0.527778 0.485938 0.530556 0.485938 0.536111 0.4875 0.538889 0.4875 0.544444 0.489062 0.547222 0.489062 0.55 0.490625 0.552778 0.490625 0.555556 0.492188 0.558333 0.492188 0.563889 0.49375 0.566667 0.49375 0.586111 0.492188 0.588889 0.492188 0.594444 0.490625 0.597222 0.490625 0.6 0.489062 0.602778 0.489062 0.605556 0.4875 0.608333 0.4875 0.613889 0.485938 0.616667 0.485938 0.638889 0.484375 0.641667 0.484375 0.658333 0.482812 0.661111 0.482812 0.677778 0.48125 0.680556 0.48125 0.730556 0.482812 0.733333 0.482812 0.736111 0.485938 0.736111 0.4875 0.738889 0.501562 0.738889 0.503125 0.741667 0.509375 0.741667 0.510938 0.744444 0.515625 0.744444 0.517187 0.747222 0.523438 0.747222 0.525 0.75 0.529688 0.75 0.53125 0.752778 0.545313 0.752778 0.55 0.761111 0.55 0.769444 0.560938 0.769444 0.560938 0.761111 0.5625 0.758333 0.5625 0.75 0.564062 0.747222 0.564062 0.744444 0.567187 0.738889 0.567187 0.736111 0.570312 0.730556 0.570312 0.727778 0.573438 0.722222 0.573438 0.719444 0.575 0.716667 0.575 0.713889 0.578125 0.708333 0.578125 0.705556 0.58125 0.7 0.58125 0.697222 0.585938 0.688889 0.585938 0.686111 0.589063 0.680556 0.589063 0.677778 0.590625 0.675 0.590625 0.672222 0.59375 0.666667 0.59375 0.663889 0.596875 0.658333 0.596875 0.655556 0.601562 0.647222 0.601562 0.644444 0.603125 0.641667 0.603125 0.638889 0.60625 0.633333 0.60625 0.630556 0.607813 0.627778 0.607813 0.625 0.609375 0.622222 0.609375 0.619444 0.6125 0.613889 0.6125 0.608333 0.614062 0.605556 0.614062 0.602778 0.6125 0.6 0.6125 0.597222 0.610937 0.594444 0.610937 0.575 0.609375 0.572222 0.609375 0.566667 0.610937 0.563889 0.610937 0.555556 0.609375 0.552778 0.609375 0.525 0.610937 0.522222 0.610937 0.516667 0.6125 0.513889 0.6125 0.511111 0.614062 0.508333 0.614062 0.505556 0.615625 0.502778 0.615625 0.5 0.617188 0.497222 0.617188 0.486111 0.61875 0.483333 0.61875 0.458333 0.617188 0.455556 0.617188 0.433333 0.615625 0.430556 0.615625 0.425 0.614062 0.422222 0.614062 0.419444 0.6125 0.416667 0.6125 0.408333 0.610937 0.405556 0.610937 0.394444 0.609375 0.391667 0.609375 0.386111 0.607813 0.383333 0.607813 0.377778 0.60625 0.375 0.60625 0.369444 0.604688 0.366667 0.604688 0.361111 0.603125 0.358333 0.603125 0.352778 0.601562 0.35 0.601562 0.347222 0.6 0.344444 0.6 0.338889 0.598437 0.336111 0.598437 0.333333 0.596875 0.330556 0.596875 0.327778 0.595312 0.325 0.595312 0.322222 0.59375 0.319444 0.59375 0.316667 0.590625 0.311111 0.590625 0.308333 0.589063 0.305556 0.589063 0.302778 0.579687 0.286111 0.578125 0.286111 0.573438 0.277778 0.571875 0.277778 0.570312 0.275 0.56875 0.275 0.567187 0.272222 0.565625 0.272222 0.564062 0.269444 0.560938 0.269444 0.559375 0.266667 0.551562 0.266667 0.55 0.263889 0.546875 0.263889 0.545313 0.261111 0.540625 0.261111 0.539062 0.258333 0.5375 0.258333 0.534375 0.252778 0.532812 0.252778 0.53125 0.25 0.529688 0.25 0.528125 0.247222 0.525 0.247222 0.523438 0.244444 0.51875 0.244444 0.5125 0.233333 0.5125 0.230556 0.510938 0.227778 0.510938 0.225 0.509375 0.222222 0.509375 0.216667 0.50625 0.211111 0.50625 0.208333 0.503125 0.202778 0.503125 0.2 0.501562 0.197222 0.501562 0.194444 0.5 0.191667 0.5 0.183333 0.897754
28 0.003125 0.405556 0.003125 1 0.16875 1 0.16875 0.994444 0.170312 0.991667 0.170312 0.983333 0.171875 0.980556 0.171875 0.944444 0.173438 0.941667 0.173438 0.933333 0.175 0.930556 0.175 0.925 0.18125 0.913889 0.18125 0.911111 0.185937 0.902778 0.190625 0.902778 0.192188 0.905556 0.19375 0.905556 0.196875 0.911111 0.201562 0.911111 0.204688 0.916667 0.2 0.925 0.203125 0.925 0.204688 0.927778 0.210938 0.927778 0.2125 0.925 0.2125 0.922222 0.210938 0.919444 0.210938 0.916667 0.215625 0.908333 0.215625 0.880556 0.2125 0.875 0.2125 0.872222 0.210938 0.869444 0.207813 0.869444 0.207813 0.872222 0.203125 0.880556 0.2 0.880556 0.196875 0.886111 0.195312 0.886111 0.192188 0.891667 0.190625 0.891667 0.189063 0.894444 0.1875 0.891667 0.184375 0.891667 0.18125 0.886111 0.18125 0.872222 0.182812 0.869444 0.182812 0.861111 0.184375 0.858333 0.182812 0.855556 0.182812 0.847222 0.184375 0.844444 0.185937 0.844444 0.185937 0.841667 0.1875 0.838889 0.1875 0.836111 0.198437 0.816667 0.2 0.816667 0.201562 0.813889 0.2 0.811111 0.2 0.8 0.201562 0.797222 0.201562 0.772222 0.204688 0.766667 0.204688 0.763889 0.20625 0.761111 0.20625 0.755556 0.207813 0.752778 0.207813 0.747222 0.209375 0.744444 0.209375 0.738889 0.210938 0.736111 0.210938 0.733333 0.2125 0.730556 0.2125 0.727778 0.214062 0.725 0.214062 0.722222 0.215625 0.719444 0.215625 0.713889 0.217187 0.711111 0.217187 0.708333 0.21875 0.705556 0.21875 0.702778 0.220313 0.7 0.220313 0.697222 0.221875 0.694444 0.221875 0.691667 0.223438 0.688889 0.223438 0.683333 0.225 0.680556 0.225 0.675 0.226562 0.672222 0.226562 0.666667 0.228125 0.663889 0.228125 0.655556 0.229687 0.652778 0.229687 0.644444 0.23125 0.641667 0.23125 0.636111 0.232812 0.633333 0.232812 0.625 0.234375 0.622222 0.234375 0.619444 0.235938 0.616667 0.235938 0.611111 0.2375 0.608333 0.2375 0.605556 0.239063 0.602778 0.239063 0.6 0.240625 0.597222 0.240625 0.591667 0.242188 0.588889 0.242188 0.586111 0.24375 0.583333 0.24375 0.577778 0.245312 0.575 0.245312 0.566667 0.246875 0.563889 0.246875 0.544444 0.248437 0.541667 0.248437 0.530556 0.25 0.527778 0.25 0.516667 0.251563 0.513889 0.251563 0.511111 0.253125 0.508333 0.257812 0.508333 0.257812 0.466667 0.253125 0.466667 0.251563 0.463889 0.251563 0.461111 0.25 0.458333 0.25 0.455556 0.248437 0.452778 0.248437 0.45 0.242188 0.438889 0.242188 0.436111 0.240625 0.436111 0.2375 0.430556 0.235938 0.430556 0.234375 0.427778 0.232812 0.427778 0.23125 0.425 0.228125 0.425 0.226562 0.422222 0.210938 0.422222 0.209375 0.419444 0.192188 0.419444 0.190625 0.416667 0.1875 0.416667 0.185937 0.413889 0.185937 0.405556 0.0484375 0.405556 0.0484375 0.413889 0.046875 0.416667 0.04375 0.416667 0.0421875 0.419444 0.0375 0.419444 0.034375 0.413889 0.034375 0.405556 0.59946
56 0.840625 0.405556 0.840625 0.413889 0.835938 0.422222 0.828125 0.422222 0.821875 0.433333 0.820312 0.433333 0.81875 0.436111 0.81875 0.438889 0.817187 0.441667 0.815625 0.441667 0.8125 0.447222 0.8125 0.45 0.807813 0.458333 0.807813 0.461111 0.80625 0.463889 0.80625 0.466667 0.803125 0.472222 0.803125 0.475 0.801562 0.477778 0.801562 0.483333 0.8 0.486111 0.8 0.488889 0.798437 0.491667 0.798437 0.494444 0.796875 0.497222 0.796875 0.5 0.79375 0.505556 0.79375 0.508333 0.790625 0.513889 0.790625 0.516667 0.789062 0.519444 0.789062 0.522222 0.7875 0.525 0.7875 0.527778 0.785937 0.530556 0.785937 0.533333 0.784375 0.536111 0.784375 0.538889 0.782812 0.541667 0.782812 0.544444 0.78125 0.547222 0.78125 0.55 0.779688 0.552778 0.779688 0.555556 0.778125 0.558333 0.778125 0.561111 0.776563 0.563889 0.776563 0.569444 0.775 0.572222 0.775 0.575 0.773438 0.577778 0.773438 0.580556 0.771875 0.583333 0.771875 0.586111 0.770312 0.588889 0.770312 0.591667 0.76875 0.594444 0.76875 0.597222 0.767187 0.6 0.767187 0.602778 0.765625 0.605556 0.765625 0.608333 0.764063 0.611111 0.764063 0.613889 0.7625 0.616667 0.7625 0.619444 0.760938 0.622222 0.760938 0.625 0.759375 0.627778 0.759375 0.630556 0.757812 0.633333 0.757812 0.638889 0.75625 0.641667 0.75625 0.644444 0.754687 0.647222 0.754687 0.65 0.753125 0.652778 0.753125 0.655556 0.751562 0.658333 0.751562 0.661111 0.75 0.663889 0.75 0.666667 0.746875 0.672222 0.746875 0.675 0.745313 0.677778 0.745313 0.680556 0.74375 0.683333 0.74375 0.686111 0.740625 0.691667 0.740625 0.694444 0.7375 0.7 0.7375 0.702778 0.735937 0.705556 0.735937 0.708333 0.732813 0.713889 0.732813 0.719444 0.73125 0.722222 0.73125 0.725 0.729688 0.727778 0.729688 0.730556 0.728125 0.733333 0.728125 0.736111 0.726562 0.738889 0.726562 0.741667 0.725 0.744444 0.725 0.747222 0.721875 0.752778 0.721875 0.755556 0.720312 0.758333 0.720312 0.763889 0.71875 0.766667 0.71875 0.769444 0.717188 0.772222 0.717188 0.775 0.715625 0.777778 0.715625 0.780556 0.714063 0.783333 0.714063 0.786111 0.7125 0.788889 0.7125 0.791667 0.707812 0.8 0.707812 0.802778 0.70625 0.805556 0.70625 0.808333 0.704687 0.811111 0.704687 0.813889 0.701563 0.819444 0.701563 0.822222 0.698438 0.827778 0.698438 0.830556 0.696875 0.833333 0.696875 0.836111 0.695312 0.838889 0.695312 0.841667 0.69375 0.844444 0.69375 0.847222 0.692187 0.85 0.692187 0.852778 0.685938 0.863889 0.685938 0.869444 0.68125 0.877778 0.68125 0.880556 0.679688 0.883333 0.679688 0.886111 0.673437 0.897222 0.673437 0.9 0.670313 0.905556 0.665625 0.905556 0.665625 1 0.998438 1 0.998438 0.405556 0.405414
28 0.289062 0.438889 0.289062 0.447222 0.285937 0.452778 0.284375 0.452778 0.282813 0.455556 0.279687 0.455556 0.278125 0.458333 0.276563 0.458333 0.275 0.461111 0.273438 0.461111 0.271875 0.463889 0.270312 0.463889 0.26875 0.466667 0.267188 0.466667 0.265625 0.469444 0.264062 0.469444 0.260938 0.475 0.259375 0.475 0.259375 0.477778 0.25625 0.483333 0.25625 0.486111 0.254687 0.488889 0.254687 0.497222 0.253125 0.5 0.253125 0.516667 0.251563 0.519444 0.251563 0.541667 0.25 0.544444 0.25 0.558333 0.248437 0.561111 0.248437 0.569444 0.246875 0.572222 0.246875 0.577778 0.245312 0.580556 0.245312 0.586111 0.24375 0.588889 0.24375 0.594444 0.242188 0.597222 0.242188 0.6 0.240625 0.602778 0.240625 0.605556 0.239063 0.608333 0.239063 0.613889 0.2375 0.616667 0.2375 0.622222 0.235938 0.625 0.235938 0.627778 0.234375 0.630556 0.234375 0.638889 0.232812 0.641667 0.232812 0.652778 0.23125 0.655556 0.23125 0.663889 0.229687 0.666667 0.229687 0.669444 0.228125 0.672222 0.228125 0.680556 0.226562 0.683333 0.226562 0.686111 0.225 0.688889 0.225 0.694444 0.223438 0.697222 0.223438 0.7 0.220313 0.705556 0.220313 0.711111 0.21875 0.713889 0.21875 0.716667 0.217187 0.719444 0.217187 0.722222 0.214062 0.727778 0.209375 0.727778 0.209375 0.772222 0.214062 0.772222 0.215625 0.775 0.217187 0.775 0.220313 0.780556 0.220313 0.783333 0.221875 0.786111 0.221875 0.791667 0.225 0.797222 0.226562 0.797222 0.229687 0.802778 0.229687 0.811111 0.23125 0.813889 0.23125 0.819444 0.232812 0.822222 0.232812 0.833333 0.23125 0.836111 0.23125 0.85 0.229687 0.852778 0.229687 0.858333 0.228125 0.861111 0.229687 0.863889 0.229687 0.9 0.23125 0.902778 0.229687 0.905556 0.229687 0.911111 0.228125 0.913889 0.228125 0.925 0.226562 0.927778 0.225 0.925 0.225 0.922222 0.223438 0.919444 0.223438 0.916667 0.221875 0.913889 0.220313 0.916667 0.220313 0.927778 0.21875 0.930556 0.21875 0.936111 0.217187 0.938889 0.217187 0.944444 0.214062 0.95 0.209375 0.95 0.209375 0.980556 0.214062 0.980556 0.215625 0.983333 0.214062 0.986111 0.209375 0.986111 0.209375 1 0.234375 1 0.234375 0.994444 0.2375 0.988889 0.242188 0.988889 0.24375 0.986111 0.246875 0.986111 0.25625 0.969444 0.257812 0.969444 0.273438 0.941667 0.273438 0.938889 0.284375 0.919444 0.284375 0.916667 0.289062 0.908333 0.289062 0.905556 0.290625 0.902778 0.292188 0.902778 0.304688 0.880556 0.30625 0.880556 0.309375 0.875 0.310937 0.875 0.3125 0.872222 0.314063 0.872222 0.320312 0.861111 0.321875 0.861111 0.323438 0.858333 0.323438 0.855556 0.328125 0.847222 0.328125 0.838889 0.329688 0.836111 0.329688 0.833333 0.33125 0.830556 0.33125 0.825 0.335938 0.816667 0.335938 0.813889 0.3375 0.811111 0.3375 0.808333 0.339063 0.805556 0.339063 0.8 0.340625 0.797222 0.340625 0.788889 0.342187 0.786111 0.342187 0.775 0.340625 0.772222 0.340625 0.752778 0.339063 0.75 0.339063 0.736111 0.340625 0.733333 0.340625 0.727778 0.342187 0.725 0.342187 0.719444 0.34375 0.716667 0.34375 0.711111 0.348437 0.702778 0.35 0.702778 0.351562 0.7 0.351562 0.694444 0.353125 0.691667 0.353125 0.688889 0.354688 0.686111 0.354688 0.680556 0.35625 0.677778 0.35625 0.672222 0.357812 0.669444 0.357812 0.661111 0.359375 0.658333 0.359375 0.652778 0.360938 0.65 0.360938 0.647222 0.3625 0.644444 0.3625 0.641667 0.364062 0.638889 0.364062 0.630556 0.365625 0.627778 0.365625 0.625 0.367188 0.622222 0.367188 0.619444 0.36875 0.616667 0.36875 0.611111 0.370313 0.608333 0.370313 0.594444 0.371875 0.591667 0.371875 0.563889 0.373437 0.561111 0.373437 0.55 0.375 0.547222 0.375 0.541667 0.376563 0.538889 0.376563 0.536111 0.3875 0.516667 0.3875 0.513889 0.390625 0.508333 0.395312 0.508333 0.395312 0.469444 0.389062 0.469444 0.3875 0.466667 0.3875 0.463889 0.385938 0.461111 0.385938 0.458333 0.38125 0.45 0.38125 0.438889 0.27202
0 0.439063 0.183333 0.439063 0.194444 0.434375 0.202778 0.434375 0.208333 0.432813 0.211111 0.432813 0.219444 0.43125 0.222222 0.43125 0.230556 0.429688 0.233333 0.429688 0.238889 0.43125 0.241667 0.43125 0.247222 0.432813 0.25 0.432813 0.252778 0.434375 0.255556 0.434375 0.258333 0.442187 0.272222 0.442187 0.275 0.446875 0.283333 0.446875 0.286111 0.448438 0.286111 0.453125 0.294444 0.453125 0.3 0.454688 0.302778 0.451562 0.308333 0.45 0.308333 0.446875 0.313889 0.445312 0.313889 0.43125 0.338889 0.43125 0.341667 0.429688 0.344444 0.429688 0.347222 0.417188 0.369444 0.415625 0.369444 0.410937 0.377778 0.409375 0.377778 0.409375 0.380556 0.403125 0.391667 0.401563 0.391667 0.4 0.394444 0.398438 0.394444 0.396875 0.397222 0.39375 0.397222 0.392188 0.4 0.390625 0.4 0.389062 0.402778 0.384375 0.402778 0.382812 0.405556 0.376563 0.405556 0.375 0.402778 0.371875 0.402778 0.370313 0.4 0.36875 0.4 0.367188 0.397222 0.339063 0.397222 0.3375 0.4 0.334375 0.4 0.332812 0.402778 0.328125 0.402778 0.328125 0.438889 0.365625 0.438889 0.367188 0.441667 0.378125 0.441667 0.382812 0.45 0.384375 0.45 0.389062 0.458333 0.389062 0.461111 0.396875 0.475 0.404687 0.475 0.40625 0.472222 0.414062 0.472222 0.415625 0.469444 0.420312 0.469444 0.421875 0.466667 0.425 0.466667 0.426562 0.463889 0.428125 0.463889 0.429688 0.461111 0.43125 0.461111 0.432813 0.458333 0.434375 0.458333 0.434375 0.455556 0.440625 0.444444 0.442187 0.444444 0.44375 0.441667 0.445312 0.441667 0.453125 0.427778 0.454688 0.427778 0.457812 0.422222 0.464063 0.422222 0.467187 0.427778 0.467187 0.436111 0.471875 0.444444 0.471875 0.447222 0.473437 0.45 0.473437 0.461111 0.475 0.463889 0.475 0.469444 0.476562 0.472222 0.476562 0.477778 0.478125 0.480556 0.478125 0.486111 0.479688 0.488889 0.479688 0.5 0.48125 0.502778 0.48125 0.513889 0.482812 0.516667 0.482812 0.519444 0.484375 0.522222 0.484375 0.527778 0.485938 0.530556 0.485938 0.536111 0.4875 0.538889 0.4875 0.544444 0.489062 0.547222 0.489062 0.55 0.490625 0.552778 0.490625 0.555556 0.492188 0.558333 0.492188 0.563889 0.49375 0.566667 0.49375 0.586111 0.492188 0.588889 0.492188 0.594444 0.490625 0.597222 0.490625 0.6 0.489062 0.602778 0.489062 0.605556 0.4875 0.608333 0.4875 0.613889 0.485938 0.616667 0.485938 0.638889 0.484375 0.641667 0.484375 0.658333 0.482812 0.661111 0.482812 0.677778 0.48125 0.680556 0.48125 0.730556 0.482812 0.733333 0.482812 0.736111 0.485938 0.736111 0.4875 0.738889 0.501562 0.738889 0.503125 0.741667 0.509375 0.741667 0.510938 0.744444 0.515625 0.744444 0.517187 0.747222 0.523438 0.747222 0.525 0.75 0.529688 0.75 0.53125 0.752778 0.545313 0.752778 0.55 0.761111 0.55 0.769444 0.560938 0.769444 0.560938 0.761111 0.5625 0.758333 0.5625 0.75 0.564062 0.747222 0.564062 0.744444 0.567187 0.738889 0.567187 0.736111 0.570312 0.730556 0.570312 0.727778 0.573438 0.722222 0.573438 0.719444 0.575 0.716667 0.575 0.713889 0.578125 0.708333 0.578125 0.705556 0.58125 0.7 0.58125 0.697222 0.585938 0.688889 0.585938 0.686111 0.589063 0.680556 0.589063 0.677778 0.590625 0.675 0.590625 0.672222 0.59375 0.666667 0.59375 0.663889 0.596875 0.658333 0.596875 0.655556 0.601562 0.647222 0.601562 0.644444 0.603125 0.641667 0.603125 0.638889 0.60625 0.633333 0.60625 0.630556 0.607813 0.627778 0.607813 0.625 0.609375 0.622222 0.609375 0.619444 0.6125 0.613889 0.6125 0.608333 0.614062 0.605556 0.614062 0.602778 0.6125 0.6 0.6125 0.597222 0.610937 0.594444 0.610937 0.575 0.609375 0.572222 0.609375 0.566667 0.610937 0.563889 0.610937 0.555556 0.609375 0.552778 0.609375 0.525 0.610937 0.522222 0.610937 0.516667 0.6125 0.513889 0.6125 0.511111 0.614062 0.508333 0.614062 0.505556 0.615625 0.502778 0.615625 0.5 0.617188 0.497222 0.617188 0.486111 0.61875 0.483333 0.61875 0.458333 0.617188 0.455556 0.617188 0.433333 0.615625 0.430556 0.615625 0.425 0.614062 0.422222 0.614062 0.419444 0.6125 0.416667 0.6125 0.408333 0.610937 0.405556 0.610937 0.394444 0.609375 0.391667 0.609375 0.386111 0.607813 0.383333 0.607813 0.377778 0.60625 0.375 0.60625 0.369444 0.604688 0.366667 0.604688 0.361111 0.603125 0.358333 0.603125 0.352778 0.601562 0.35 0.601562 0.347222 0.6 0.344444 0.6 0.338889 0.598437 0.336111 0.598437 0.333333 0.596875 0.330556 0.596875 0.327778 0.595312 0.325 0.595312 0.322222 0.59375 0.319444 0.59375 0.316667 0.590625 0.311111 0.590625 0.308333 0.589063 0.305556 0.589063 0.302778 0.579687 0.286111 0.578125 0.286111 0.573438 0.277778 0.571875 0.277778 0.570312 0.275 0.56875 0.275 0.567187 0.272222 0.565625 0.272222 0.564062 0.269444 0.560938 0.269444 0.559375 0.266667 0.551562 0.266667 0.55 0.263889 0.546875 0.263889 0.545313 0.261111 0.540625 0.261111 0.539062 0.258333 0.5375 0.258333 0.534375 0.252778 0.532812 0.252778 0.53125 0.25 0.529688 0.25 0.528125 0.247222 0.525 0.247222 0.523438 0.244444 0.51875 0.244444 0.5125 0.233333 0.5125 0.230556 0.510938 0.227778 0.510938 0.225 0.509375 0.222222 0.509375 0.216667 0.50625 0.211111 0.50625 0.208333 0.503125 0.202778 0.503125 0.2 0.501562 0.197222 0.501562 0.194444 0.5 0.191667 0.5 0.183333 0.897754
28 0.003125 0.405556 0.003125 1 0.16875 1 0.16875 0.994444 0.170312 0.991667 0.170312 0.983333 0.171875 0.980556 0.171875 0.944444 0.173438 0.941667 0.173438 0.933333 0.175 0.930556 0.175 0.925 0.18125 0.913889 0.18125 0.911111 0.185937 0.902778 0.190625 0.902778 0.192188 0.905556 0.19375 0.905556 0.196875 0.911111 0.201562 0.911111 0.204688 0.916667 0.2 0.925 0.203125 0.925 0.204688 0.927778 0.210938 0.927778 0.2125 0.925 0.2125 0.922222 0.210938 0.919444 0.210938 0.916667 0.215625 0.908333 0.215625 0.880556 0.2125 0.875 0.2125 0.872222 0.210938 0.869444 0.207813 0.869444 0.207813 0.872222 0.203125 0.880556 0.2 0.880556 0.196875 0.886111 0.195312 0.886111 0.192188 0.891667 0.190625 0.891667 0.189063 0.894444 0.1875 0.891667 0.184375 0.891667 0.18125 0.886111 0.18125 0.872222 0.182812 0.869444 0.182812 0.861111 0.184375 0.858333 0.182812 0.855556 0.182812 0.847222 0.184375 0.844444 0.185937 0.844444 0.185937 0.841667 0.1875 0.838889 0.1875 0.836111 0.198437 0.816667 0.2 0.816667 0.201562 0.813889 0.2 0.811111 0.2 0.8 0.201562 0.797222 0.201562 0.772222 0.204688 0.766667 0.204688 0.763889 0.20625 0.761111 0.20625 0.755556 0.207813 0.752778 0.207813 0.747222 0.209375 0.744444 0.209375 0.738889 0.210938 0.736111 0.210938 0.733333 0.2125 0.730556 0.2125 0.727778 0.214062 0.725 0.214062 0.722222 0.215625 0.719444 0.215625 0.713889 0.217187 0.711111 0.217187 0.708333 0.21875 0.705556 0.21875 0.702778 0.220313 0.7 0.220313 0.697222 0.221875 0.694444 0.221875 0.691667 0.223438 0.688889 0.223438 0.683333 0.225 0.680556 0.225 0.675 0.226562 0.672222 0.226562 0.666667 0.228125 0.663889 0.228125 0.655556 0.229687 0.652778 0.229687 0.644444 0.23125 0.641667 0.23125 0.636111 0.232812 0.633333 0.232812 0.625 0.234375 0.622222 0.234375 0.619444 0.235938 0.616667 0.235938 0.611111 0.2375 0.608333 0.2375 0.605556 0.239063 0.602778 0.239063 0.6 0.240625 0.597222 0.240625 0.591667 0.242188 0.588889 0.242188 0.586111 0.24375 0.583333 0.24375 0.577778 0.245312 0.575 0.245312 0.566667 0.246875 0.563889 0.246875 0.544444 0.248437 0.541667 0.248437 0.530556 0.25 0.527778 0.25 0.516667 0.251563 0.513889 0.251563 0.511111 0.253125 0.508333 0.257812 0.508333 0.257812 0.466667 0.253125 0.466667 0.251563 0.463889 0.251563 0.461111 0.25 0.458333 0.25 0.455556 0.248437 0.452778 0.248437 0.45 0.242188 0.438889 0.242188 0.436111 0.240625 0.436111 0.2375 0.430556 0.235938 0.430556 0.234375 0.427778 0.232812 0.427778 0.23125 0.425 0.228125 0.425 0.226562 0.422222 0.210938 0.422222 0.209375 0.419444 0.192188 0.419444 0.190625 0.416667 0.1875 0.416667 0.185937 0.413889 0.185937 0.405556 0.0484375 0.405556 0.0484375 0.413889 0.046875 0.416667 0.04375 0.416667 0.0421875 0.419444 0.0375 0.419444 0.034375 0.413889 0.034375 0.405556 0.59946
56 0.840625 0.405556 0.840625 0.413889 0.835938 0.422222 0.828125 0.422222 0.821875 0.433333 0.820312 0.433333 0.81875 0.436111 0.81875 0.438889 0.817187 0.441667 0.815625 0.441667 0.8125 0.447222 0.8125 0.45 0.807813 0.458333 0.807813 0.461111 0.80625 0.463889 0.80625 0.466667 0.803125 0.472222 0.803125 0.475 0.801562 0.477778 0.801562 0.483333 0.8 0.486111 0.8 0.488889 0.798437 0.491667 0.798437 0.494444 0.796875 0.497222 0.796875 0.5 0.79375 0.505556 0.79375 0.508333 0.790625 0.513889 0.790625 0.516667 0.789062 0.519444 0.789062 0.522222 0.7875 0.525 0.7875 0.527778 0.785937 0.530556 0.785937 0.533333 0.784375 0.536111 0.784375 0.538889 0.782812 0.541667 0.782812 0.544444 0.78125 0.547222 0.78125 0.55 0.779688 0.552778 0.779688 0.555556 0.778125 0.558333 0.778125 0.561111 0.776563 0.563889 0.776563 0.569444 0.775 0.572222 0.775 0.575 0.773438 0.577778 0.773438 0.580556 0.771875 0.583333 0.771875 0.586111 0.770312 0.588889 0.770312 0.591667 0.76875 0.594444 0.76875 0.597222 0.767187 0.6 0.767187 0.602778 0.765625 0.605556 0.765625 0.608333 0.764063 0.611111 0.764063 0.613889 0.7625 0.616667 0.7625 0.619444 0.760938 0.622222 0.760938 0.625 0.759375 0.627778 0.759375 0.630556 0.757812 0.633333 0.757812 0.638889 0.75625 0.641667 0.75625 0.644444 0.754687 0.647222 0.754687 0.65 0.753125 0.652778 0.753125 0.655556 0.751562 0.658333 0.751562 0.661111 0.75 0.663889 0.75 0.666667 0.746875 0.672222 0.746875 0.675 0.745313 0.677778 0.745313 0.680556 0.74375 0.683333 0.74375 0.686111 0.740625 0.691667 0.740625 0.694444 0.7375 0.7 0.7375 0.702778 0.735937 0.705556 0.735937 0.708333 0.732813 0.713889 0.732813 0.719444 0.73125 0.722222 0.73125 0.725 0.729688 0.727778 0.729688 0.730556 0.728125 0.733333 0.728125 0.736111 0.726562 0.738889 0.726562 0.741667 0.725 0.744444 0.725 0.747222 0.721875 0.752778 0.721875 0.755556 0.720312 0.758333 0.720312 0.763889 0.71875 0.766667 0.71875 0.769444 0.717188 0.772222 0.717188 0.775 0.715625 0.777778 0.715625 0.780556 0.714063 0.783333 0.714063 0.786111 0.7125 0.788889 0.7125 0.791667 0.707812 0.8 0.707812 0.802778 0.70625 0.805556 0.70625 0.808333 0.704687 0.811111 0.704687 0.813889 0.701563 0.819444 0.701563 0.822222 0.698438 0.827778 0.698438 0.830556 0.696875 0.833333 0.696875 0.836111 0.695312 0.838889 0.695312 0.841667 0.69375 0.844444 0.69375 0.847222 0.692187 0.85 0.692187 0.852778 0.685938 0.863889 0.685938 0.869444 0.68125 0.877778 0.68125 0.880556 0.679688 0.883333 0.679688 0.886111 0.673437 0.897222 0.673437 0.9 0.670313 0.905556 0.665625 0.905556 0.665625 1 0.998438 1 0.998438 0.405556 0.405414
28 0.289062 0.438889 0.289062 0.447222 0.285937 0.452778 0.284375 0.452778 0.282813 0.455556 0.279687 0.455556 0.278125 0.458333 0.276563 0.458333 0.275 0.461111 0.273438 0.461111 0.271875 0.463889 0.270312 0.463889 0.26875 0.466667 0.267188 0.466667 0.265625 0.469444 0.264062 0.469444 0.260938 0.475 0.259375 0.475 0.259375 0.477778 0.25625 0.483333 0.25625 0.486111 0.254687 0.488889 0.254687 0.497222 0.253125 0.5 0.253125 0.516667 0.251563 0.519444 0.251563 0.541667 0.25 0.544444 0.25 0.558333 0.248437 0.561111 0.248437 0.569444 0.246875 0.572222 0.246875 0.577778 0.245312 0.580556 0.245312 0.586111 0.24375 0.588889 0.24375 0.594444 0.242188 0.597222 0.242188 0.6 0.240625 0.602778 0.240625 0.605556 0.239063 0.608333 0.239063 0.613889 0.2375 0.616667 0.2375 0.622222 0.235938 0.625 0.235938 0.627778 0.234375 0.630556 0.234375 0.638889 0.232812 0.641667 0.232812 0.652778 0.23125 0.655556 0.23125 0.663889 0.229687 0.666667 0.229687 0.669444 0.228125 0.672222 0.228125 0.680556 0.226562 0.683333 0.226562 0.686111 0.225 0.688889 0.225 0.694444 0.223438 0.697222 0.223438 0.7 0.220313 0.705556 0.220313 0.711111 0.21875 0.713889 0.21875 0.716667 0.217187 0.719444 0.217187 0.722222 0.214062 0.727778 0.209375 0.727778 0.209375 0.772222 0.214062 0.772222 0.215625 0.775 0.217187 0.775 0.220313 0.780556 0.220313 0.783333 0.221875 0.786111 0.221875 0.791667 0.225 0.797222 0.226562 0.797222 0.229687 0.802778 0.229687 0.811111 0.23125 0.813889 0.23125 0.819444 0.232812 0.822222 0.232812 0.833333 0.23125 0.836111 0.23125 0.85 0.229687 0.852778 0.229687 0.858333 0.228125 0.861111 0.229687 0.863889 0.229687 0.9 0.23125 0.902778 0.229687 0.905556 0.229687 0.911111 0.228125 0.913889 0.228125 0.925 0.226562 0.927778 0.225 0.925 0.225 0.922222 0.223438 0.919444 0.223438 0.916667 0.221875 0.913889 0.220313 0.916667 0.220313 0.927778 0.21875 0.930556 0.21875 0.936111 0.217187 0.938889 0.217187 0.944444 0.214062 0.95 0.209375 0.95 0.209375 0.980556 0.214062 0.980556 0.215625 0.983333 0.214062 0.986111 0.209375 0.986111 0.209375 1 0.234375 1 0.234375 0.994444 0.2375 0.988889 0.242188 0.988889 0.24375 0.986111 0.246875 0.986111 0.25625 0.969444 0.257812 0.969444 0.273438 0.941667 0.273438 0.938889 0.284375 0.919444 0.284375 0.916667 0.289062 0.908333 0.289062 0.905556 0.290625 0.902778 0.292188 0.902778 0.304688 0.880556 0.30625 0.880556 0.309375 0.875 0.310937 0.875 0.3125 0.872222 0.314063 0.872222 0.320312 0.861111 0.321875 0.861111 0.323438 0.858333 0.323438 0.855556 0.328125 0.847222 0.328125 0.838889 0.329688 0.836111 0.329688 0.833333 0.33125 0.830556 0.33125 0.825 0.335938 0.816667 0.335938 0.813889 0.3375 0.811111 0.3375 0.808333 0.339063 0.805556 0.339063 0.8 0.340625 0.797222 0.340625 0.788889 0.342187 0.786111 0.342187 0.775 0.340625 0.772222 0.340625 0.752778 0.339063 0.75 0.339063 0.736111 0.340625 0.733333 0.340625 0.727778 0.342187 0.725 0.342187 0.719444 0.34375 0.716667 0.34375 0.711111 0.348437 0.702778 0.35 0.702778 0.351562 0.7 0.351562 0.694444 0.353125 0.691667 0.353125 0.688889 0.354688 0.686111 0.354688 0.680556 0.35625 0.677778 0.35625 0.672222 0.357812 0.669444 0.357812 0.661111 0.359375 0.658333 0.359375 0.652778 0.360938 0.65 0.360938 0.647222 0.3625 0.644444 0.3625 0.641667 0.364062 0.638889 0.364062 0.630556 0.365625 0.627778 0.365625 0.625 0.367188 0.622222 0.367188 0.619444 0.36875 0.616667 0.36875 0.611111 0.370313 0.608333 0.370313 0.594444 0.371875 0.591667 0.371875 0.563889 0.373437 0.561111 0.373437 0.55 0.375 0.547222 0.375 0.541667 0.376563 0.538889 0.376563 0.536111 0.3875 0.516667 0.3875 0.513889 0.390625 0.508333 0.395312 0.508333 0.395312 0.469444 0.389062 0.469444 0.3875 0.466667 0.3875 0.463889 0.385938 0.461111 0.385938 0.458333 0.38125 0.45 0.38125 0.438889 0.27202
