2 0.340625 0.383333 0.340625 0.425 0.365625 0.425 0.365625 0.413889 0.370313 0.405556 0.376563 0.405556 0.376563 0.383333 0.601054
62 0.1625 0.0388889 0.1625 0.0611111 0.160938 0.0638889 0.160938 0.1 0.159375 0.102778 0.159375 0.15 0.157813 0.152778 0.157813 0.241667 0.15625 0.244444 0.15625 0.305556 0.154687 0.308333 0.154687 0.341667 0.153125 0.344444 0.153125 0.372222 0.151562 0.375 0.146875 0.375 0.146875 0.827778 0.153125 0.827778 0.160938 0.841667 0.1625 0.841667 0.164062 0.844444 0.164062 0.847222 0.171875 0.861111 0.175 0.861111 0.176563 0.863889 0.178125 0.863889 0.182812 0.872222 0.185937 0.872222 0.1875 0.875 0.190625 0.875 0.192188 0.877778 0.195312 0.877778 0.196875 0.880556 0.204688 0.880556 0.20625 0.883333 0.207813 0.883333 0.209375 0.886111 0.215625 0.886111 0.217187 0.888889 0.223438 0.888889 0.225 0.891667 0.248437 0.891667 0.25 0.894444 0.2625 0.894444 0.264062 0.897222 0.270312 0.897222 0.271875 0.9 0.278125 0.9 0.279687 0.902778 0.2875 0.902778 0.289062 0.905556 0.3125 0.905556 0.314063 0.908333 0.323438 0.908333 0.325 0.911111 0.332812 0.911111 0.334375 0.913889 0.35 0.913889 0.351562 0.916667 0.371875 0.916667 0.373437 0.919444 0.392188 0.919444 0.39375 0.922222 0.4125 0.922222 0.414062 0.925 0.425 0.925 0.426562 0.927778 0.467187 0.927778 0.46875 0.925 0.473437 0.925 0.475 0.927778 0.492188 0.927778 0.49375 0.930556 0.50625 0.930556 0.507812 0.933333 0.515625 0.933333 0.517187 0.936111 0.523438 0.936111 0.525 0.938889 0.5375 0.938889 0.539062 0.941667 0.554688 0.941667 0.55625 0.944444 0.564062 0.944444 0.565625 0.947222 0.579687 0.947222 0.58125 0.95 0.595312 0.95 0.596875 0.952778 0.6125 0.952778 0.614062 0.955556 0.625 0.955556 0.626562 0.958333 0.64375 0.958333 0.645312 0.961111 0.66875 0.961111 0.670313 0.963889 0.679688 0.963889 0.68125 0.966667 0.69375 0.966667 0.695312 0.969444 0.701563 0.969444 0.703125 0.972222 0.703125 0.980556 0.840625 0.980556 0.840625 0.969444 0.84375 0.963889 0.845312 0.963889 0.846875 0.961111 0.851562 0.961111 0.853125 0.958333 0.85625 0.958333 0.857813 0.955556 0.859375 0.955556 0.860937 0.952778 0.8625 0.952778 0.864062 0.95 0.865625 0.95 0.867188 0.947222 0.86875 0.947222 0.873438 0.938889 0.876562 0.938889 0.88125 0.930556 0.882812 0.930556 0.885938 0.925 0.885938 0.922222 0.889063 0.916667 0.889063 0.913889 0.890625 0.911111 0.890625 0.836111 0.892187 0.833333 0.892187 0.791667 0.89375 0.788889 0.89375 0.780556 0.895312 0.777778 0.895312 0.763889 0.896875 0.761111 0.896875 0.752778 0.898438 0.75 0.898438 0.725 0.9 0.722222 0.9 0.708333 0.901563 0.705556 0.901563 0.683333 0.9 0.680556 0.9 0.588889 0.901563 0.586111 0.901563 0.530556 0.903125 0.527778 0.903125 0.477778 0.904688 0.475 0.904688 0.447222 0.90625 0.444444 0.90625 0.427778 0.907812 0.425 0.907812 0.347222 0.909375 0.344444 0.909375 0.311111 0.910937 0.308333 0.910937 0.288889 0.9125 0.286111 0.9125 0.269444 0.914062 0.266667 0.914062 0.261111 0.915625 0.258333 0.920313 0.258333 0.920313 0.0888889 0.915625 0.0888889 0.914062 0.0861111 0.910937 0.0861111 0.909375 0.0833333 0.903125 0.0833333 0.901563 0.0805556 0.884375 0.0805556 0.882812 0.0777778 0.86875 0.0777778 0.867188 0.075 0.84375 0.075 0.842188 0.0722222 0.829687 0.0722222 0.828125 0.0694444 0.823438 0.0694444 0.821875 0.0722222 0.820312 0.0722222 0.81875 0.0694444 0.790625 0.0694444 0.789062 0.0666667 0.7875 0.0694444 0.782812 0.0694444 0.78125 0.0666667 0.757812 0.0666667 0.75625 0.0638889 0.73125 0.0638889 0.729688 0.0611111 0.721875 0.0611111 0.720312 0.0638889 0.675 0.0638889 0.673437 0.0611111 0.6625 0.0611111 0.660937 0.0638889 0.657812 0.0638889 0.65625 0.0611111 0.629687 0.0611111 0.628125 0.0583333 0.58125 0.0583333 0.579687 0.0555556 0.495313 0.0555556 0.49375 0.0527778 0.464063 0.0527778 0.4625 0.05 0.453125 0.05 0.451562 0.0472222 0.451562 0.0388889 0.52178
2 0.285937 0.372222 0.285937 0.383333 0.284375 0.386111 0.278125 0.386111 0.278125 0.436111 0.289062 0.436111 0.290625 0.438889 0.290625 0.447222 0.3125 0.447222 0.3125 0.436111 0.314063 0.433333 0.315625 0.433333 0.31875 0.427778 0.325 0.427778 0.326562 0.425 0.328125 0.425 0.329688 0.427778 0.335938 0.427778 0.3375 0.425 0.339063 0.425 0.340625 0.422222 0.345313 0.422222 0.345313 0.391667 0.339063 0.391667 0.3375 0.388889 0.3375 0.386111 0.335938 0.383333 0.335938 0.372222 0.36032
2 0.340625 0.383333 0.340625 0.425 0.365625 0.425 0.365625 0.413889 0.370313 0.405556 0.376563 0.405556 0.376563 0.383333 0.601054
62 0.1625 0.0388889 0.1625 0.0611111 0.160938 0.0638889 0.160938 0.1 0.159375 0.102778 0.159375 0.15 0.157813 0.152778 0.157813 0.241667 0.15625 0.244444 0.15625 0.305556 0.154687 0.308333 0.154687 0.341667 0.153125 0.344444 0.153125 0.372222 0.151562 0.375 0.146875 0.375 0.146875 0.827778 0.153125 0.827778 0.160938 0.841667 0.1625 0.841667 0.164062 0.844444 0.164062 0.847222 0.171875 0.861111 0.175 0.861111 0.176563 0.863889 0.178125 0.863889 0.182812 0.872222 0.185937 0.872222 0.1875 0.875 0.190625 0.875 0.192188 0.877778 0.195312 0.877778 0.196875 0.880556 0.204688 0.880556 0.20625 0.883333 0.207813 0.883333 0.209375 0.886111 0.215625 0.886111 0.217187 0.888889 0.223438 0.888889 0.225 0.891667 0.248437 0.891667 0.25 0.894444 0.2625 0.894444 0.264062 0.897222 0.270312 0.897222 0.271875 0.9 0.278125 0.9 0.279687 0.902778 0.2875 0.902778 0.289062 0.905556 0.3125 0.905556 0.314063 0.908333 0.323438 0.908333 0.325 0.911111 0.332812 0.911111 0.334375 0.913889 0.35 0.913889 0.351562 0.916667 0.371875 0.916667 0.373437 0.919444 0.392188 0.919444 0.39375 0.922222 0.4125 0.922222 0.414062 0.925 0.425 0.925 0.426562 0.927778 0.467187 0.927778 0.46875 0.925 0.473437 0.925 0.475 0.927778 0.492188 0.927778 0.49375 0.930556 0.50625 0.930556 0.507812 0.933333 0.515625 0.933333 0.517187 0.936111 0.523438 0.936111 0.525 0.938889 0.5375 0.938889 0.539062 0.941667 0.554688 0.941667 0.55625 0.944444 0.564062 0.944444 0.565625 0.947222 0.579687 0.947222 0.58125 0.95 0.595312 0.95 0.596875 0.952778 0.6125 0.952778 0.614062 0.955556 0.625 0.955556 0.626562 0.958333 0.64375 0.958333 0.645312 0.961111 0.66875 0.961111 0.670313 0.963889 0.679688 0.963889 0.68125 0.966667 0.69375 0.966667 0.695312 0.969444 0.701563 0.969444 0.703125 0.972222 0.703125 0.980556 0.840625 0.980556 0.840625 0.969444 0.84375 0.963889 0.845312 0.963889 0.846875 0.961111 0.851562 0.961111 0.853125 0.958333 0.85625 0.958333 0.857813 0.955556 0.859375 0.955556 0.860937 0.952778 0.8625 0.952778 0.864062 0.95 0.865625 0.95 0.867188 0.947222 0.86875 0.947222 0.873438 0.938889 0.876562 0.938889 0.88125 0.930556 0.882812 0.930556 0.885938 0.925 0.885938 0.922222 0.889063 0.916667 0.889063 0.913889 0.890625 0.911111 0.890625 0.836111 0.892187 0.833333 0.892187 0.791667 0.89375 0.788889 0.89375 0.780556 0.895312 0.777778 0.895312 0.763889 0.896875 0.761111 0.896875 0.752778 0.898438 0.75 0.898438 0.725 0.9 0.722222 0.9 0.708333 0.901563 0.705556 0.901563 0.683333 0.9 0.680556 0.9 0.588889 0.901563 0.586111 0.901563 0.530556 0.903125 0.527778 0.903125 0.477778 0.904688 0.475 0.904688 0.447222 0.90625 0.444444 0.90625 0.427778 0.907812 0.425 0.907812 0.347222 0.909375 0.344444 0.909375 0.311111 0.910937 0.308333 0.910937 0.288889 0.9125 0.286111 0.9125 0.269444 0.914062 0.266667 0.914062 0.261111 0.915625 0.258333 0.920313 0.258333 0.920313 0.0888889 0.915625 0.0888889 0.914062 0.0861111 0.910937 0.0861111 0.909375 0.0833333 0.903125 0.0833333 0.901563 0.0805556 0.884375 0.0805556 0.882812 0.0777778 0.86875 0.0777778 0.867188 0.075 0.84375 0.075 0.842188 0.0722222 0.829687 0.0722222 0.828125 0.0694444 0.823438 0.0694444 0.821875 0.0722222 0.820312 0.0722222 0.81875 0.0694444 0.790625 0.0694444 0.789062 0.0666667 0.7875 0.0694444 0.782812 0.0694444 0.78125 0.0666667 0.757812 0.0666667 0.75625 0.0638889 0.73125 0.0638889 0.729688 0.0611111 0.721875 0.0611111 0.720312 0.0638889 0.675 0.0638889 0.673437 0.0611111 0.6625 0.0611111 0.660937 0.0638889 0.657812 0.0638889 0.65625 0.0611111 0.629687 0.0611111 0.628125 0.0583333 0.58125 0.0583333 0.579687 0.0555556 0.495313 0.0555556 0.49375 0.0527778 0.464063 0.0527778 0.4625 0.05 0.453125 0.05 0.451562 0.0472222 0.451562 0.0388889 0.52178
2 0.285937 0.372222 0.285937 0.383333 0.284375 0.386111 0.278125 0.386111 0.278125 0.436111 0.289062 0.436111 0.290625 0.438889 0.290625 0.447222 0.3125 0.447222 0.3125 0.436111 0.314063 0.433333 0.315625 0.433333 0.31875 0.427778 0.325 0.427778 0.326562 0.425 0.328125 0.425 0.329688 0.427778 0.335938 0.427778 0.3375 0.425 0.339063 0.425 0.340625 0.422222 0.345313 0.422222 0.345313 0.391667 0.339063 0.391667 0.3375 0.388889 0.3375 0.386111 0.335938 0.383333 0.335938 0.372222 0.36032
2 0.340625 0.383333 0.340625 0.425 0.365625 0.425 0.365625 0.413889 0.370313 0.405556 0.376563 0.405556 0.376563 0.383333 0.601054
62 0.1625 0.0388889 0.1625 0.0611111 0.160938 0.0638889 0.160938 0.1 0.159375 0.102778 0.159375 0.15 0.157813 0.152778 0.157813 0.241667 0.15625 0.244444 0.15625 0.305556 0.154687 0.308333 0.154687 0.341667 0.153125 0.344444 0.153125 0.372222 0.151562 0.375 0.146875 0.375 0.146875 0.827778 0.153125 0.827778 0.160938 0.841667 0.1625 0.841667 0.164062 0.844444 0.164062 0.847222 0.171875 0.861111 0.175 0.861111 0.176563 0.863889 0.178125 0.863889 0.182812 0.872222 0.185937 0.872222 0.1875 0.875 0.190625 0.875 0.192188 0.877778 0.195312 0.877778 0.196875 0.880556 0.204688 0.880556 0.20625 0.883333 0.207813 0.883333 0.209375 0.886111 0.215625 0.886111 0.217187 0.888889 0.223438 0.888889 0.225 0.891667 0.248437 0.891667 0.25 0.894444 0.2625 0.894444 0.264062 0.897222 0.270312 0.897222 0.271875 0.9 0.278125 0.9 0.279687 0.902778 0.2875 0.902778 0.289062 0.905556 0.3125 0.905556 0.314063 0.908333 0.323438 0.908333 0.325 0.911111 0.332812 0.911111 0.334375 0.913889 0.35 0.913889 0.351562 0.916667 0.371875 0.916667 0.373437 0.919444 0.392188 0.919444 0.39375 0.922222 0.4125 0.922222 0.414062 0.925 0.425 0.925 0.426562 0.927778 0.467187 0.927778 0.46875 0.925 0.473437 0.925 0.475 0.927778 0.492188 0.927778 0.49375 0.930556 0.50625 0.930556 0.507812 0.933333 0.515625 0.933333 0.517187 0.936111 0.523438 0.936111 0.525 0.938889 0.5375 0.938889 0.539062 0.941667 0.554688 0.941667 0.55625 0.944444 0.564062 0.944444 0.565625 0.947222 0.579687 0.947222 0.58125 0.95 0.595312 0.95 0.596875 0.952778 0.6125 0.952778 0.614062 0.955556 0.625 0.955556 0.626562 0.958333 0.64375 0.958333 0.645312 0.961111 0.66875 0.961111 0.670313 0.963889 0.679688 0.963889 0.68125 0.966667 0.69375 0.966667 0.695312 0.969444 0.701563 0.969444 0.703125 0.972222 0.703125 0.980556 0.840625 0.980556 0.840625 0.969444 0.84375 0.963889 0.845312 0.963889 0.846875 0.961111 0.851562 0.961111 0.853125 0.958333 0.85625 0.958333 0.857813 0.955556 0.859375 0.955556 0.860937 0.952778 0.8625 0.952778 0.864062 0.95 0.865625 0.95 0.867188 0.947222 0.86875 0.947222 0.873438 0.938889 0.876562 0.938889 0.88125 0.930556 0.882812 0.930556 0.885938 0.925 0.885938 0.922222 0.889063 0.916667 0.889063 0.913889 0.890625 0.911111 0.890625 0.836111 0.892187 0.833333 0.892187 0.791667 0.89375 0.788889 0.89375 0.780556 0.895312 0.777778 0.895312 0.763889 0.896875 0.761111 0.896875 0.752778 0.898438 0.75 0.898438 0.725 0.9 0.722222 0.9 0.708333 0.901563 0.705556 0.901563 0.683333 0.9 0.680556 0.9 0.588889 0.901563 0.586111 0.901563 0.530556 0.903125 0.527778 0.903125 0.477778 0.904688 0.475 0.904688 0.447222 0.90625 0.444444 0.90625 0.427778 0.907812 0.425 0.907812 0.347222 0.909375 0.344444 0.909375 0.311111 0.910937 0.308333 0.910937 0.288889 0.9125 0.286111 0.9125 0.269444 0.914062 0.266667 0.914062 0.261111 0.915625 0.258333 0.920313 0.258333 0.920313 0.0888889 0.915625 0.0888889 0.914062 0.0861111 0.910937 0.0861111 0.909375 0.0833333 0.903125 0.0833333 0.901563 0.0805556 0.884375 0.0805556 0.882812 0.0777778 0.86875 0.0777778 0.867188 0.075 0.84375 0.075 0.842188 0.0722222 0.829687 0.0722222 0.828125 0.0694444 0.823438 0.0694444 0.821875 0.0722222 0.820312 0.0722222 0.81875 0.0694444 0.790625 0.0694444 0.789062 0.0666667 0.7875 0.0694444 0.782812 0.0694444 0.78125 0.0666667 0.757812 0.0666667 0.75625 0.0638889 0.73125 0.0638889 0.729688 0.0611111 0.721875 0.0611111 0.720312 0.0638889 0.675 0.0638889 0.673437 0.0611111 0.6625 0.0611111 0.660937 0.0638889 0.657812 0.0638889 0.65625 0.0611111 0.629687 0.0611111 0.628125 0.0583333 0.58125 0.0583333 0.579687 0.0555556 0.495313 0.0555556 0.49375 0.0527778 0.464063 0.0527778 0.4625 0.05 0.453125 0.05 0.451562 0.0472222 0.451562 0.0388889 0.52178
2 0.285937 0.372222 0.285937 0.383333 0.284375 0.386111 0.278125 0.386111 0.278125 0.436111 0.289062 0.436111 0.290625 0.438889 0.290625 0.447222 0.3125 0.447222 0.3125 0.436111 0.314063 0.433333 0.315625 0.433333 0.31875 0.427778 0.325 0.427778 0.326562 0.425 0.328125 0.425 0.329688 0.427778 0.335938 0.427778 0.3375 0.425 0.339063 0.425 0.340625 0.422222 0.345313 0.422222 0.345313 0.391667 0.339063 0.391667 0.3375 0.388889 0.3375 0.386111 0.335938 0.383333 0.335938 0.372222 0.36032
2 0.340625 0.383333 0.340625 0.425 0.365625 0.425 0.365625 0.413889 0.370313 0.405556 0.376563 0.405556 0.376563 0.383333 0.601054
62 0.1625 0.0388889 0.1625 0.0611111 0.160938 0.0638889 0.160938 0.1 0.159375 0.102778 0.159375 0.15 0.157813 0.152778 0.157813 0.241667 0.15625 0.244444 0.15625 0.305556 0.154687 0.308333 0.154687 0.341667 0.153125 0.344444 0.153125 0.372222 0.151562 0.375 0.146875 0.375 0.146875 0.827778 0.153125 0.827778 0.160938 0.841667 0.1625 0.841667 0.164062 0.844444 0.164062 0.847222 0.171875 0.861111 0.175 0.861111 0.176563 0.863889 0.178125 0.863889 0.182812 0.872222 0.185937 0.872222 0.1875 0.875 0.190625 0.875 0.192188 0.877778 0.195312 0.877778 0.196875 0.880556 0.204688 0.880556 0.20625 0.883333 0.207813 0.883333 0.209375 0.886111 0.215625 0.886111 0.217187 0.888889 0.223438 0.888889 0.225 0.891667 0.248437 0.891667 0.25 0.894444 0.2625 0.894444 0.264062 0.897222 0.270312 0.897222 0.271875 0.9 0.278125 0.9 0.279687 0.902778 0.2875 0.902778 0.289062 0.905556 0.3125 0.905556 0.314063 0.908333 0.323438 0.908333 0.325 0.911111 0.332812 0.911111 0.334375 0.913889 0.35 0.913889 0.351562 0.916667 0.371875 0.916667 0.373437 0.919444 0.392188 0.919444 0.39375 0.922222 0.4125 0.922222 0.414062 0.925 0.425 0.925 0.426562 0.927778 0.467187 0.927778 0.46875 0.925 0.473437 0.925 0.475 0.927778 0.492188 0.927778 0.49375 0.930556 0.50625 0.930556 0.507812 0.933333 0.515625 0.933333 0.517187 0.936111 0.523438 0.936111 0.525 0.938889 0.5375 0.938889 0.539062 0.941667 0.554688 0.941667 0.55625 0.944444 0.564062 0.944444 0.565625 0.947222 0.579687 0.947222 0.58125 0.95 0.595312 0.95 0.596875 0.952778 0.6125 0.952778 0.614062 0.955556 0.625 0.955556 0.626562 0.958333 0.64375 0.958333 0.645312 0.961111 0.66875 0.961111 0.670313 0.963889 0.679688 0.963889 0.68125 0.966667 0.69375 0.966667 0.695312 0.969444 0.701563 0.969444 0.703125 0.972222 0.703125 0.980556 0.840625 0.980556 0.840625 0.969444 0.84375 0.963889 0.845312 0.963889 0.846875 0.961111 0.851562 0.961111 0.853125 0.958333 0.85625 0.958333 0.857813 0.955556 0.859375 0.955556 0.860937 0.952778 0.8625 0.952778 0.864062 0.95 0.865625 0.95 0.867188 0.947222 0.86875 0.947222 0.873438 0.938889 0.876562 0.938889 0.88125 0.930556 0.882812 0.930556 0.885938 0.925 0.885938 0.922222 0.889063 0.916667 0.889063 0.913889 0.890625 0.911111 0.890625 0.836111 0.892187 0.833333 0.892187 0.791667 0.89375 0.788889 0.89375 0.780556 0.895312 0.777778 0.895312 0.763889 0.896875 0.761111 0.896875 0.752778 0.898438 0.75 0.898438 0.725 0.9 0.722222 0.9 0.708333 0.901563 0.705556 0.901563 0.683333 0.9 0.680556 0.9 0.588889 0.901563 0.586111 0.901563 0.530556 0.903125 0.527778 0.903125 0.477778 0.904688 0.475 0.904688 0.447222 0.90625 0.444444 0.90625 0.427778 0.907812 0.425 0.907812 0.347222 0.909375 0.344444 0.909375 0.311111 0.910937 0.308333 0.910937 0.288889 0.9125 0.286111 0.9125 0.269444 0.914062 0.266667 0.914062 0.261111 0.915625 0.258333 0.920313 0.258333 0.920313 0.0888889 0.915625 0.0888889 0.914062 0.0861111 0.910937 0.0861111 0.909375 0.0833333 0.903125 0.0833333 0.901563 0.0805556 0.884375 0.0805556 0.882812 0.0777778 0.86875 0.0777778 0.867188 0.075 0.84375 0.075 0.842188 0.0722222 0.829687 0.0722222 0.828125 0.0694444 0.823438 0.0694444 0.821875 0.0722222 0.820312 0.0722222 0.81875 0.0694444 0.790625 0.0694444 0.789062 0.0666667 0.7875 0.0694444 0.782812 0.0694444 0.78125 0.0666667 0.757812 0.0666667 0.75625 0.0638889 0.73125 0.0638889 0.729688 0.0611111 0.721875 0.0611111 0.720312 0.0638889 0.675 0.0638889 0.673437 0.0611111 0.6625 0.0611111 0.660937 0.0638889 0.657812 0.0638889 0.65625 0.0611111 0.629687 0.0611111 0.628125 0.0583333 0.58125 0.0583333 0.579687 0.0555556 0.495313 0.0555556 0.49375 0.0527778 0.464063 0.0527778 0.4625 0.05 0.453125 0.05 0.451562 0.0472222 0.451562 0.0388889 0.52178
2 0.285937 0.372222 0.285937 0.383333 0.284375 0.386111 0.278125 0.386111 0.278125 0.436111 0.289062 0.436111 0.290625 0.438889 0.290625 0.447222 0.3125 0.447222 0.3125 0.436111 0.314063 0.433333 0.315625 0.433333 0.31875 0.427778 0.325 0.427778 0.326562 0.425 0.328125 0.425 0.329688 0.427778 0.335938 0.427778 0.3375 0.425 0.339063 0.425 0.340625 0.422222 0.345313 0.422222 0.345313 0.391667 0.339063 0.391667 0.3375 0.388889 0.3375 0.386111 0.335938 0.383333 0.335938 0.372222 0.36032
2 0.340625 0.383333 0.340625 0.425 0.365625 0.425 0.365625 0.413889 0.370313 0.405556 0.376563 0.405556 0.376563 0.383333 0.601054
62 0.1625 0.0388889 0.1625 0.0611111 0.160938 0.0638889 0.160938 0.1 0.159375 0.102778 0.159375 0.15 0.157813 0.152778 0.157813 0.241667 0.15625 0.244444 0.15625 0.305556 0.154687 0.308333 0.154687 0.341667 0.153125 0.344444 0.153125 0.372222 0.151562 0.375 0.146875 0.375 0.146875 0.827778 0.153125 0.827778 0.160938 0.841667 0.1625 0.841667 0.164062 0.844444 0.164062 0.847222 0.171875 0.861111 0.175 0.861111 0.176563 0.863889 0.178125 0.863889 0.182812 0.872222 0.185937 0.872222 0.1875 0.875 0.190625 0.875 0.192188 0.877778 0.195312 0.877778 0.196875 0.880556 0.204688 0.880556 0.20625 0.883333 0.207813 0.883333 0.209375 0.886111 0.215625 0.886111 0.217187 0.888889 0.223438 0.888889 0.225 0.891667 0.248437 0.891667 0.25 0.894444 0.2625 0.894444 0.264062 0.897222 0.270312 0.897222 0.271875 0.9 0.278125 0.9 0.279687 0.902778 0.2875 0.902778 0.289062 0.905556 0.3125 0.905556 0.314063 0.908333 0.323438 0.908333 0.325 0.911111 0.332812 0.911111 0.334375 0.913889 0.35 0.913889 0.351562 0.916667 0.371875 0.916667 0.373437 0.919444 0.392188 0.919444 0.39375 0.922222 0.4125 0.922222 0.414062 0.925 0.425 0.925 0.426562 0.927778 0.467187 0.927778 0.46875 0.925 0.473437 0.925 0.475 0.927778 0.492188 0.927778 0.49375 0.930556 0.50625 0.930556 0.507812 0.933333 0.515625 0.933333 0.517187 0.936111 0.523438 0.936111 0.525 0.938889 0.5375 0.938889 0.539062 0.941667 0.554688 0.941667 0.55625 0.944444 0.564062 0.944444 0.565625 0.947222 0.579687 0.947222 0.58125 0.95 0.595312 0.95 0.596875 0.952778 0.6125 0.952778 0.614062 0.955556 0.625 0.955556 0.626562 0.958333 0.64375 0.958333 0.645312 0.961111 0.66875 0.961111 0.670313 0.963889 0.679688 0.963889 0.68125 0.966667 0.69375 0.966667 0.695312 0.969444 0.701563 0.969444 0.703125 0.972222 0.703125 0.980556 0.840625 0.980556 0.840625 0.969444 0.84375 0.963889 0.845312 0.963889 0.846875 0.961111 0.851562 0.961111 0.853125 0.958333 0.85625 0.958333 0.857813 0.955556 0.859375 0.955556 0.860937 0.952778 0.8625 0.952778 0.864062 0.95 0.865625 0.95 0.867188 0.947222 0.86875 0.947222 0.873438 0.938889 0.876562 0.938889 0.88125 0.930556 0.882812 0.930556 0.885938 0.925 0.885938 0.922222 0.889063 0.916667 0.889063 0.913889 0.890625 0.911111 0.890625 0.836111 0.892187 0.833333 0.892187 0.791667 0.89375 0.788889 0.89375 0.780556 0.895312 0.777778 0.895312 0.763889 0.896875 0.761111 0.896875 0.752778 0.898438 0.75 0.898438 0.725 0.9 0.722222 0.9 0.708333 0.901563 0.705556 0.901563 0.683333 0.9 0.680556 0.9 0.588889 0.901563 0.586111 0.901563 0.530556 0.903125 0.527778 0.903125 0.477778 0.904688 0.475 0.904688 0.447222 0.90625 0.444444 0.90625 0.427778 0.907812 0.425 0.907812 0.347222 0.909375 0.344444 0.909375 0.311111 0.910937 0.308333 0.910937 0.288889 0.9125 0.286111 0.9125 0.269444 0.914062 0.266667 0.914062 0.261111 0.915625 0.258333 0.920313 0.258333 0.920313 0.0888889 0.915625 0.0888889 0.914062 0.0861111 0.910937 0.0861111 0.909375 0.0833333 0.903125 0.0833333 0.901563 0.0805556 0.884375 0.0805556 0.882812 0.0777778 0.86875 0.0777778 0.867188 0.075 0.84375 0.075 0.842188 0.0722222 0.829687 0.0722222 0.828125 0.0694444 0.823438 0.0694444 0.821875 0.0722222 0.820312 0.0722222 0.81875 0.0694444 0.790625 0.0694444 0.789062 0.0666667 0.7875 0.0694444 0.782812 0.0694444 0.78125 0.0666667 0.757812 0.0666667 0.75625 0.0638889 0.73125 0.0638889 0.729688 0.0611111 0.721875 0.0611111 0.720312 0.0638889 0.675 0.0638889 0.673437 0.0611111 0.6625 0.0611111 0.660937 0.0638889 0.657812 0.0638889 0.65625 0.0611111 0.629687 0.0611111 0.628125 0.0583333 0.58125 0.0583333 0.579687 0.0555556 0.495313 0.0555556 0.49375 0.0527778 0.464063 0.0527778 0.4625 0.05 0.453125 0.05 0.451562 0.0472222 0.451562 0.0388889 0.52178
2 0.285937 0.372222 0.285937 0.383333 0.284375 0.386111 0.278125 0.386111 0.278125 0.436111 0.289062 0.436111 0.290625 0.438889 0.290625 0.447222 0.3125 0.447222 0.3125 0.436111 0.314063 0.433333 0.315625 0.433333 0.31875 0.427778 0.325 0.427778 0.326562 0.425 0.328125 0.425 0.329688 0.427778 0.335938 0.427778 0.3375 0.425 0.339063 0.425 0.340625 0.422222 0.345313 0.422222 0.345313 0.391667 0.339063 0.391667 0.3375 0.388889 0.3375 0.386111 0.335938 0.383333 0.335938 0.372222 0.36032
2 0.340625 0.383333 0.340625 0.425 0.365625 0.425 0.365625 0.413889 0.370313 0.405556 0.376563 0.405556 0.376563 0.383333 0.601054
62 0.1625 0.0388889 0.1625 0.0611111 0.160938 0.0638889 0.160938 0.1 0.159375 0.102778 0.159375 0.15 0.157813 0.152778 0.157813 0.241667 0.15625 0.244444 0.15625 0.305556 0.154687 0.308333 0.154687 0.341667 0.153125 0.344444 0.153125 0.372222 0.151562 0.375 0.146875 0.375 0.146875 0.827778 0.153125 0.827778 0.160938 0.841667 0.1625 0.841667 0.164062 0.844444 0.164062 0.847222 0.171875 0.861111 0.175 0.861111 0.176563 0.863889 0.178125 0.863889 0.182812 0.872222 0.185937 0.872222 0.1875 0.875 0.190625 0.875 0.192188 0.877778 0.195312 0.877778 0.196875 0.880556 0.204688 0.880556 0.20625 0.883333 0.207813 0.883333 0.209375 0.886111 0.215625 0.886111 0.217187 0.888889 0.223438 0.888889 0.225 0.891667 0.248437 0.891667 0.25 0.894444 0.2625 0.894444 0.264062 0.897222 0.270312 0.897222 0.271875 0.9 0.278125 0.9 0.279687 0.902778 0.2875 0.902778 0.289062 0.905556 0.3125 0.905556 0.314063 0.908333 0.323438 0.908333 0.325 0.911111 0.332812 0.911111 0.334375 0.913889 0.35 0.913889 0.351562 0.916667 0.371875 0.916667 0.373437 0.919444 0.392188 0.919444 0.39375 0.922222 0.4125 0.922222 0.414062 0.925 0.425 0.925 0.426562 0.927778 0.467187 0.927778 0.46875 0.925 0.473437 0.925 0.475 0.927778 0.492188 0.927778 0.49375 0.930556 0.50625 0.930556 0.507812 0.933333 0.515625 0.933333 0.517187 0.936111 0.523438 0.936111 0.525 0.938889 0.5375 0.938889 0.539062 0.941667 0.554688 0.941667 0.55625 0.944444 0.564062 0.944444 0.565625 0.947222 0.579687 0.947222 0.58125 0.95 0.595312 0.95 0.596875 0.952778 0.6125 0.952778 0.614062 0.955556 0.625 0.955556 0.626562 0.958333 0.64375 0.958333 0.645312 0.961111 0.66875 0.961111 0.670313 0.963889 0.679688 0.963889 0.68125 0.966667 0.69375 0.966667 0.695312 0.969444 0.701563 0.969444 0.703125 0.972222 0.703125 0.980556 0.840625 0.980556 0.840625 0.969444 0.84375 0.963889 0.845312 0.963889 0.846875 0.961111 0.851562 0.961111 0.853125 0.958333 0.85625 0.958333 0.857813 0.955556 0.859375 0.955556 0.860937 0.952778 0.8625 0.952778 0.864062 0.95 0.865625 0.95 0.867188 0.947222 0.86875 0.947222 0.873438 0.938889 0.876562 0.938889 0.88125 0.930556 0.882812 0.930556 0.885938 0.925 0.885938 0.922222 0.889063 0.916667 0.889063 0.913889 0.890625 0.911111 0.890625 0.836111 0.892187 0.833333 0.892187 0.791667 0.89375 0.788889 0.89375 0.780556 0.895312 0.777778 0.895312 0.763889 0.896875 0.761111 0.896875 0.752778 0.898438 0.75 0.898438 0.725 0.9 0.722222 0.9 0.708333 0.901563 0.705556 0.901563 0.683333 0.9 0.680556 0.9 0.588889 0.901563 0.586111 0.901563 0.530556 0.903125 0.527778 0.903125 0.477778 0.904688 0.475 0.904688 0.447222 0.90625 0.444444 0.90625 0.427778 0.907812 0.425 0.907812 0.347222 0.909375 0.344444 0.909375 0.311111 0.910937 0.308333 0.910937 0.288889 0.9125 0.286111 0.9125 0.269444 0.914062 0.266667 0.914062 0.261111 0.915625 0.258333 0.920313 0.258333 0.920313 0.0888889 0.915625 0.0888889 0.914062 0.0861111 0.910937 0.0861111 0.909375 0.0833333 0.903125 0.0833333 0.901563 0.0805556 0.884375 0.0805556 0.882812 0.0777778 0.86875 0.0777778 0.867188 0.075 0.84375 0.075 0.842188 0.0722222 0.829687 0.0722222 0.828125 0.0694444 0.823438 0.0694444 0.821875 0.0722222 0.820312 0.0722222 0.81875 0.0694444 0.790625 0.0694444 0.789062 0.0666667 0.7875 0.0694444 0.782812 0.0694444 0.78125 0.0666667 0.757812 0.0666667 0.75625 0.0638889 0.73125 0.0638889 0.729688 0.0611111 0.721875 0.0611111 0.720312 0.0638889 0.675 0.0638889 0.673437 0.0611111 0.6625 0.0611111 0.660937 0.0638889 0.657812 0.0638889 0.65625 0.0611111 0.629687 0.0611111 0.628125 0.0583333 0.58125 0.0583333 0.579687 0.0555556 0.495313 0.0555556 0.49375 0.0527778 0.464063 0.0527778 0.4625 0.05 0.453125 0.05 0.451562 0.0472222 0.451562 0.0388889 0.52178
2 0.285937 0.372222 0.285937 0.383333 0.284375 0.386111 0.278125 0.386111 0.278125 0.436111 0.289062 0.436111 0.290625 0.438889 0.290625 0.447222 0.3125 0.447222 0.3125 0.436111 0.314063 0.433333 0.315625 0.433333 0.31875 0.427778 0.325 0.427778 0.326562 0.425 0.328125 0.425 0.329688 0.427778 0.335938 0.427778 0.3375 0.425 0.339063 0.425 0.340625 0.422222 0.345313 0.422222 0.345313 0.391667 0.339063 0.391667 0.3375 0.388889 0.3375 0.386111 0.335938 0.383333 0.335938 0.372222 0.36032
2 0.340625 0.383333 0.340625 0.425 0.365625 0.425 0.365625 0.413889 0.370313 0.405556 0.376563 0.405556 0.376563 0.383333 0.601054
62 0.1625 0.0388889 0.1625 0.0611111 0.160938 0.0638889 0.160938 0.1 0.159375 0.102778 0.159375 0.15 0.157813 0.152778 0.157813 0.241667 0.15625 0.244444 0.15625 0.305556 0.154687 0.308333 0.154687 0.341667 0.153125 0.344444 0.153125 0.372222 0.151562 0.375 0.146875 0.375 0.146875 0.827778 0.153125 0.827778 0.160938 0.841667 0.1625 0.841667 0.164062 0.844444 0.164062 0.847222 0.171875 0.861111 0.175 0.861111 0.176563 0.863889 0.178125 0.863889 0.182812 0.872222 0.185937 0.872222 0.1875 0.875 0.190625 0.875 0.192188 0.877778 0.195312 0.877778 0.196875 0.880556 0.204688 0.880556 0.20625 0.883333 0.207813 0.883333 0.209375 0.886111 0.215625 0.886111 0.217187 0.888889 0.223438 0.888889 0.225 0.891667 0.248437 0.891667 0.25 0.894444 0.2625 0.894444 0.264062 0.897222 0.270312 0.897222 0.271875 0.9 0.278125 0.9 0.279687 0.902778 0.2875 0.902778 0.289062 0.905556 0.3125 0.905556 0.314063 0.908333 0.323438 0.908333 0.325 0.911111 0.332812 0.911111 0.334375 0.913889 0.35 0.913889 0.351562 0.916667 0.371875 0.916667 0.373437 0.919444 0.392188 0.919444 0.39375 0.922222 0.4125 0.922222 0.414062 0.925 0.425 0.925 0.426562 0.927778 0.467187 0.927778 0.46875 0.925 0.473437 0.925 0.475 0.927778 0.492188 0.927778 0.49375 0.930556 0.50625 0.930556 0.507812 0.933333 0.515625 0.933333 0.517187 0.936111 0.523438 0.936111 0.525 0.938889 0.5375 0.938889 0.539062 0.941667 0.554688 0.941667 0.55625 0.944444 0.564062 0.944444 0.565625 0.947222 0.579687 0.947222 0.58125 0.95 0.595312 0.95 0.596875 0.952778 0.6125 0.952778 0.614062 0.955556 0.625 0.955556 0.626562 0.958333 0.64375 0.958333 0.645312 0.961111 0.66875 0.961111 0.670313 0.963889 0.679688 0.963889 0.68125 0.966667 0.69375 0.966667 0.695312 0.969444 0.701563 0.969444 0.703125 0.972222 0.703125 0.980556 0.840625 0.980556 0.840625 0.969444 0.84375 0.963889 0.845312 0.963889 0.846875 0.961111 0.851562 0.961111 0.853125 0.958333 0.85625 0.958333 0.857813 0.955556 0.859375 0.955556 0.860937 0.952778 0.8625 0.952778 0.864062 0.95 0.865625 0.95 0.867188 0.947222 0.86875 0.947222 0.873438 0.938889 0.876562 0.938889 0.88125 0.930556 0.882812 0.930556 0.885938 0.925 0.885938 0.922222 0.889063 0.916667 0.889063 0.913889 0.890625 0.911111 0.890625 0.836111 0.892187 0.833333 0.892187 0.791667 0.89375 0.788889 0.89375 0.780556 0.895312 0.777778 0.895312 0.763889 0.896875 0.761111 0.896875 0.752778 0.898438 0.75 0.898438 0.725 0.9 0.722222 0.9 0.708333 0.901563 0.705556 0.901563 0.683333 0.9 0.680556 0.9 0.588889 0.901563 0.586111 0.901563 0.530556 0.903125 0.527778 0.903125 0.477778 0.904688 0.475 0.904688 0.447222 0.90625 0.444444 0.90625 0.427778 0.907812 0.425 0.907812 0.347222 0.909375 0.344444 0.909375 0.311111 0.910937 0.308333 0.910937 0.288889 0.9125 0.286111 0.9125 0.269444 0.914062 0.266667 0.914062 0.261111 0.915625 0.258333 0.920313 0.258333 0.920313 0.0888889 0.915625 0.0888889 0.914062 0.0861111 0.910937 0.0861111 0.909375 0.0833333 0.903125 0.0833333 0.901563 0.0805556 0.884375 0.0805556 0.882812 0.0777778 0.86875 0.0777778 0.867188 0.075 0.84375 0.075 0.842188 0.0722222 0.829687 0.0722222 0.828125 0.0694444 0.823438 0.0694444 0.821875 0.0722222 0.820312 0.0722222 0.81875 0.0694444 0.790625 0.0694444 0.789062 0.0666667 0.7875 0.0694444 0.782812 0.0694444 0.78125 0.0666667 0.757812 0.0666667 0.75625 0.0638889 0.73125 0.0638889 0.729688 0.0611111 0.721875 0.0611111 0.720312 0.0638889 0.675 0.0638889 0.673437 0.0611111 0.6625 0.0611111 0.660937 0.0638889 0.657812 0.0638889 0.65625 0.0611111 0.629687 0.0611111 0.628125 0.0583333 0.58125 0.0583333 0.579687 0.0555556 0.495313 0.0555556 0.49375 0.0527778 0.464063 0.0527778 0.4625 0.05 0.453125 0.05 0.451562 0.0472222 0.451562 0.0388889 0.52178
2 0.285937 0.372222 0.285937 0.383333 0.284375 0.386111 0.278125 0.386111 0.278125 0.436111 0.289062 0.436111 0.290625 0.438889 0.290625 0.447222 0.3125 0.447222 0.3125 0.436111 0.314063 0.433333 0.315625 0.433333 0.31875 0.427778 0.325 0.427778 0.326562 0.425 0.328125 0.425 0.329688 0.427778 0.335938 0.427778 0.3375 0.425 0.339063 0.425 0.340625 0.422222 0.345313 0.422222 0.345313 0.391667 0.339063 0.391667 0.3375 0.388889 0.3375 0.386111 0.335938 0.383333 0.335938 0.372222 0.36032
