67 0.103125 0.00555556 0.103125 0.919444 0.109375 0.919444 0.115625 0.930556 0.117188 0.930556 0.123438 0.941667 0.125 0.941667 0.126563 0.944444 0.128125 0.944444 0.132812 0.952778 0.134375 0.952778 0.135937 0.955556 0.1375 0.955556 0.140625 0.961111 0.142188 0.961111 0.14375 0.963889 0.145313 0.963889 0.146875 0.966667 0.148438 0.966667 0.151562 0.972222 0.151562 0.980556 0.378125 0.980556 0.378125 0.969444 0.379687 0.966667 0.38125 0.966667 0.382812 0.963889 0.392188 0.963889 0.39375 0.961111 0.404687 0.961111 0.40625 0.958333 0.41875 0.958333 0.420312 0.955556 0.465625 0.955556 0.467187 0.952778 0.489062 0.952778 0.490625 0.95 0.503125 0.95 0.504687 0.952778 0.509375 0.952778 0.510938 0.955556 0.529688 0.955556 0.53125 0.952778 0.542188 0.952778 0.54375 0.95 0.546875 0.95 0.548437 0.952778 0.571875 0.952778 0.573438 0.95 0.585938 0.95 0.5875 0.952778 0.589063 0.952778 0.590625 0.95 0.607813 0.95 0.609375 0.947222 0.610937 0.95 0.678125 0.95 0.679688 0.947222 0.704687 0.947222 0.70625 0.944444 0.709375 0.944444 0.710938 0.947222 0.720312 0.947222 0.721875 0.944444 0.723437 0.947222 0.73125 0.947222 0.732813 0.944444 0.754687 0.944444 0.75625 0.941667 0.778125 0.941667 0.779688 0.938889 0.790625 0.938889 0.792188 0.936111 0.801562 0.936111 0.803125 0.938889 0.8125 0.938889 0.814062 0.936111 0.81875 0.936111 0.820312 0.933333 0.823438 0.933333 0.825 0.936111 0.828125 0.936111 0.829687 0.933333 0.851562 0.933333 0.853125 0.930556 0.867188 0.930556 0.86875 0.927778 0.875 0.927778 0.876562 0.925 0.878125 0.925 0.88125 0.919444 0.882812 0.919444 0.884375 0.916667 0.885938 0.916667 0.8875 0.913889 0.889063 0.913889 0.89375 0.905556 0.895312 0.905556 0.901563 0.894444 0.903125 0.894444 0.914062 0.875 0.914062 0.872222 0.915625 0.869444 0.915625 0.863889 0.917188 0.861111 0.917188 0.838889 0.91875 0.836111 0.91875 0.813889 0.920313 0.811111 0.920313 0.758333 0.921875 0.755556 0.921875 0.691667 0.923437 0.688889 0.923437 0.619444 0.925 0.616667 0.925 0.588889 0.926562 0.586111 0.926562 0.544444 0.928125 0.541667 0.928125 0.469444 0.929688 0.466667 0.929688 0.430556 0.93125 0.427778 0.93125 0.397222 0.932813 0.394444 0.932813 0.363889 0.934375 0.361111 0.934375 0.272222 0.935938 0.269444 0.935938 0.227778 0.9375 0.225 0.9375 0.197222 0.939062 0.194444 0.939062 0.191667 0.9375 0.188889 0.9375 0.180556 0.939062 0.177778 0.939062 0.172222 0.940625 0.169444 0.945312 0.169444 0.945312 0.00555556 0.578185
62 0.103125 0.00555556 0.103125 0.919444 0.109375 0.919444 0.115625 0.930556 0.117188 0.930556 0.123438 0.941667 0.125 0.941667 0.126563 0.944444 0.128125 0.944444 0.132812 0.952778 0.134375 0.952778 0.135937 0.955556 0.1375 0.955556 0.140625 0.961111 0.142188 0.961111 0.14375 0.963889 0.145313 0.963889 0.146875 0.966667 0.148438 0.966667 0.151562 0.972222 0.151562 0.980556 0.378125 0.980556 0.378125 0.969444 0.379687 0.966667 0.38125 0.966667 0.382812 0.963889 0.392188 0.963889 0.39375 0.961111 0.404687 0.961111 0.40625 0.958333 0.41875 0.958333 0.420312 0.955556 0.465625 0.955556 0.467187 0.952778 0.489062 0.952778 0.490625 0.95 0.503125 0.95 0.504687 0.952778 0.509375 0.952778 0.510938 0.955556 0.529688 0.955556 0.53125 0.952778 0.542188 0.952778 0.54375 0.95 0.546875 0.95 0.548437 0.952778 0.571875 0.952778 0.573438 0.95 0.585938 0.95 0.5875 0.952778 0.589063 0.952778 0.590625 0.95 0.607813 0.95 0.609375 0.947222 0.610937 0.95 0.678125 0.95 0.679688 0.947222 0.704687 0.947222 0.70625 0.944444 0.709375 0.944444 0.710938 0.947222 0.720312 0.947222 0.721875 0.944444 0.723437 0.947222 0.73125 0.947222 0.732813 0.944444 0.754687 0.944444 0.75625 0.941667 0.778125 0.941667 0.779688 0.938889 0.790625 0.938889 0.792188 0.936111 0.801562 0.936111 0.803125 0.938889 0.8125 0.938889 0.814062 0.936111 0.81875 0.936111 0.820312 0.933333 0.823438 0.933333 0.825 0.936111 0.828125 0.936111 0.829687 0.933333 0.851562 0.933333 0.853125 0.930556 0.867188 0.930556 0.86875 0.927778 0.875 0.927778 0.876562 0.925 0.878125 0.925 0.88125 0.919444 0.882812 0.919444 0.884375 0.916667 0.885938 0.916667 0.8875 0.913889 0.889063 0.913889 0.89375 0.905556 0.895312 0.905556 0.901563 0.894444 0.903125 0.894444 0.914062 0.875 0.914062 0.872222 0.915625 0.869444 0.915625 0.863889 0.917188 0.861111 0.917188 0.838889 0.91875 0.836111 0.91875 0.813889 0.920313 0.811111 0.920313 0.758333 0.921875 0.755556 0.921875 0.691667 0.923437 0.688889 0.923437 0.619444 0.925 0.616667 0.925 0.588889 0.926562 0.586111 0.926562 0.544444 0.928125 0.541667 0.928125 0.469444 0.929688 0.466667 0.929688 0.430556 0.93125 0.427778 0.93125 0.397222 0.932813 0.394444 0.932813 0.363889 0.934375 0.361111 0.934375 0.272222 0.935938 0.269444 0.935938 0.227778 0.9375 0.225 0.9375 0.197222 0.939062 0.194444 0.939062 0.191667 0.9375 0.188889 0.9375 0.180556 0.939062 0.177778 0.939062 0.172222 0.940625 0.169444 0.945312 0.169444 0.945312 0.00555556 0.264299
67 0.103125 0.00555556 0.103125 0.919444 0.109375 0.919444 0.115625 0.930556 0.117188 0.930556 0.123438 0.941667 0.125 0.941667 0.126563 0.944444 0.128125 0.944444 0.132812 0.952778 0.134375 0.952778 0.135937 0.955556 0.1375 0.955556 0.140625 0.961111 0.142188 0.961111 0.14375 0.963889 0.145313 0.963889 0.146875 0.966667 0.148438 0.966667 0.151562 0.972222 0.151562 0.980556 0.378125 0.980556 0.378125 0.969444 0.379687 0.966667 0.38125 0.966667 0.382812 0.963889 0.392188 0.963889 0.39375 0.961111 0.404687 0.961111 0.40625 0.958333 0.41875 0.958333 0.420312 0.955556 0.465625 0.955556 0.467187 0.952778 0.489062 0.952778 0.490625 0.95 0.503125 0.95 0.504687 0.952778 0.509375 0.952778 0.510938 0.955556 0.529688 0.955556 0.53125 0.952778 0.542188 0.952778 0.54375 0.95 0.546875 0.95 0.548437 0.952778 0.571875 0.952778 0.573438 0.95 0.585938 0.95 0.5875 0.952778 0.589063 0.952778 0.590625 0.95 0.607813 0.95 0.609375 0.947222 0.610937 0.95 0.678125 0.95 0.679688 0.947222 0.704687 0.947222 0.70625 0.944444 0.709375 0.944444 0.710938 0.947222 0.720312 0.947222 0.721875 0.944444 0.723437 0.947222 0.73125 0.947222 0.732813 0.944444 0.754687 0.944444 0.75625 0.941667 0.778125 0.941667 0.779688 0.938889 0.790625 0.938889 0.792188 0.936111 0.801562 0.936111 0.803125 0.938889 0.8125 0.938889 0.814062 0.936111 0.81875 0.936111 0.820312 0.933333 0.823438 0.933333 0.825 0.936111 0.828125 0.936111 0.829687 0.933333 0.851562 0.933333 0.853125 0.930556 0.867188 0.930556 0.86875 0.927778 0.875 0.927778 0.876562 0.925 0.878125 0.925 0.88125 0.919444 0.882812 0.919444 0.884375 0.916667 0.885938 0.916667 0.8875 0.913889 0.889063 0.913889 0.89375 0.905556 0.895312 0.905556 0.901563 0.894444 0.903125 0.894444 0.914062 0.875 0.914062 0.872222 0.915625 0.869444 0.915625 0.863889 0.917188 0.861111 0.917188 0.838889 0.91875 0.836111 0.91875 0.813889 0.920313 0.811111 0.920313 0.758333 0.921875 0.755556 0.921875 0.691667 0.923437 0.688889 0.923437 0.619444 0.925 0.616667 0.925 0.588889 0.926562 0.586111 0.926562 0.544444 0.928125 0.541667 0.928125 0.469444 0.929688 0.466667 0.929688 0.430556 0.93125 0.427778 0.93125 0.397222 0.932813 0.394444 0.932813 0.363889 0.934375 0.361111 0.934375 0.272222 0.935938 0.269444 0.935938 0.227778 0.9375 0.225 0.9375 0.197222 0.939062 0.194444 0.939062 0.191667 0.9375 0.188889 0.9375 0.180556 0.939062 0.177778 0.939062 0.172222 0.940625 0.169444 0.945312 0.169444 0.945312 0.00555556 0.578185
62 0.103125 0.00555556 0.103125 0.919444 0.109375 0.919444 0.115625 0.930556 0.117188 0.930556 0.123438 0.941667 0.125 0.941667 0.126563 0.944444 0.128125 0.944444 0.132812 0.952778 0.134375 0.952778 0.135937 0.955556 0.1375 0.955556 0.140625 0.961111 0.142188 0.961111 0.14375 0.963889 0.145313 0.963889 0.146875 0.966667 0.148438 0.966667 0.151562 0.972222 0.151562 0.980556 0.378125 0.980556 0.378125 0.969444 0.379687 0.966667 0.38125 0.966667 0.382812 0.963889 0.392188 0.963889 0.39375 0.961111 0.404687 0.961111 0.40625 0.958333 0.41875 0.958333 0.420312 0.955556 0.465625 0.955556 0.467187 0.952778 0.489062 0.952778 0.490625 0.95 0.503125 0.95 0.504687 0.952778 0.509375 0.952778 0.510938 0.955556 0.529688 0.955556 0.53125 0.952778 0.542188 0.952778 0.54375 0.95 0.546875 0.95 0.548437 0.952778 0.571875 0.952778 0.573438 0.95 0.585938 0.95 0.5875 0.952778 0.589063 0.952778 0.590625 0.95 0.607813 0.95 0.609375 0.947222 0.610937 0.95 0.678125 0.95 0.679688 0.947222 0.704687 0.947222 0.70625 0.944444 0.709375 0.944444 0.710938 0.947222 0.720312 0.947222 0.721875 0.944444 0.723437 0.947222 0.73125 0.947222 0.732813 0.944444 0.754687 0.944444 0.75625 0.941667 0.778125 0.941667 0.779688 0.938889 0.790625 0.938889 0.792188 0.936111 0.801562 0.936111 0.803125 0.938889 0.8125 0.938889 0.814062 0.936111 0.81875 0.936111 0.820312 0.933333 0.823438 0.933333 0.825 0.936111 0.828125 0.936111 0.829687 0.933333 0.851562 0.933333 0.853125 0.930556 0.867188 0.930556 0.86875 0.927778 0.875 0.927778 0.876562 0.925 0.878125 0.925 0.88125 0.919444 0.882812 0.919444 0.884375 0.916667 0.885938 0.916667 0.8875 0.913889 0.889063 0.913889 0.89375 0.905556 0.895312 0.905556 0.901563 0.894444 0.903125 0.894444 0.914062 0.875 0.914062 0.872222 0.915625 0.869444 0.915625 0.863889 0.917188 0.861111 0.917188 0.838889 0.91875 0.836111 0.91875 0.813889 0.920313 0.811111 0.920313 0.758333 0.921875 0.755556 0.921875 0.691667 0.923437 0.688889 0.923437 0.619444 0.925 0.616667 0.925 0.588889 0.926562 0.586111 0.926562 0.544444 0.928125 0.541667 0.928125 0.469444 0.929688 0.466667 0.929688 0.430556 0.93125 0.427778 0.93125 0.397222 0.932813 0.394444 0.932813 0.363889 0.934375 0.361111 0.934375 0.272222 0.935938 0.269444 0.935938 0.227778 0.9375 0.225 0.9375 0.197222 0.939062 0.194444 0.939062 0.191667 0.9375 0.188889 0.9375 0.180556 0.939062 0.177778 0.939062 0.172222 0.940625 0.169444 0.945312 0.169444 0.945312 0.00555556 0.264299
67 0.103125 0.00555556 0.103125 0.919444 0.109375 0.919444 0.115625 0.930556 0.117188 0.930556 0.123438 0.941667 0.125 0.941667 0.126563 0.944444 0.128125 0.944444 0.132812 0.952778 0.134375 0.952778 0.135937 0.955556 0.1375 0.955556 0.140625 0.961111 0.142188 0.961111 0.14375 0.963889 0.145313 0.963889 0.146875 0.966667 0.148438 0.966667 0.151562 0.972222 0.151562 0.980556 0.378125 0.980556 0.378125 0.969444 0.379687 0.966667 0.38125 0.966667 0.382812 0.963889 0.392188 0.963889 0.39375 0.961111 0.404687 0.961111 0.40625 0.958333 0.41875 0.958333 0.420312 0.955556 0.465625 0.955556 0.467187 0.952778 0.489062 0.952778 0.490625 0.95 0.503125 0.95 0.504687 0.952778 0.509375 0.952778 0.510938 0.955556 0.529688 0.955556 0.53125 0.952778 0.542188 0.952778 0.54375 0.95 0.546875 0.95 0.548437 0.952778 0.571875 0.952778 0.573438 0.95 0.585938 0.95 0.5875 0.952778 0.589063 0.952778 0.590625 0.95 0.607813 0.95 0.609375 0.947222 0.610937 0.95 0.678125 0.95 0.679688 0.947222 0.704687 0.947222 0.70625 0.944444 0.709375 0.944444 0.710938 0.947222 0.720312 0.947222 0.721875 0.944444 0.723437 0.947222 0.73125 0.947222 0.732813 0.944444 0.754687 0.944444 0.75625 0.941667 0.778125 0.941667 0.779688 0.938889 0.790625 0.938889 0.792188 0.936111 0.801562 0.936111 0.803125 0.938889 0.8125 0.938889 0.814062 0.936111 0.81875 0.936111 0.820312 0.933333 0.823438 0.933333 0.825 0.936111 0.828125 0.936111 0.829687 0.933333 0.851562 0.933333 0.853125 0.930556 0.867188 0.930556 0.86875 0.927778 0.875 0.927778 0.876562 0.925 0.878125 0.925 0.88125 0.919444 0.882812 0.919444 0.884375 0.916667 0.885938 0.916667 0.8875 0.913889 0.889063 0.913889 0.89375 0.905556 0.895312 0.905556 0.901563 0.894444 0.903125 0.894444 0.914062 0.875 0.914062 0.872222 0.915625 0.869444 0.915625 0.863889 0.917188 0.861111 0.917188 0.838889 0.91875 0.836111 0.91875 0.813889 0.920313 0.811111 0.920313 0.758333 0.921875 0.755556 0.921875 0.691667 0.923437 0.688889 0.923437 0.619444 0.925 0.616667 0.925 0.588889 0.926562 0.586111 0.926562 0.544444 0.928125 0.541667 0.928125 0.469444 0.929688 0.466667 0.929688 0.430556 0.93125 0.427778 0.93125 0.397222 0.932813 0.394444 0.932813 0.363889 0.934375 0.361111 0.934375 0.272222 0.935938 0.269444 0.935938 0.227778 0.9375 0.225 0.9375 0.197222 0.939062 0.194444 0.939062 0.191667 0.9375 0.188889 0.9375 0.180556 0.939062 0.177778 0.939062 0.172222 0.940625 0.169444 0.945312 0.169444 0.945312 0.00555556 0.578185
62 0.103125 0.00555556 0.103125 0.919444 0.109375 0.919444 0.115625 0.930556 0.117188 0.930556 0.123438 0.941667 0.125 0.941667 0.126563 0.944444 0.128125 0.944444 0.132812 0.952778 0.134375 0.952778 0.135937 0.955556 0.1375 0.955556 0.140625 0.961111 0.142188 0.961111 0.14375 0.963889 0.145313 0.963889 0.146875 0.966667 0.148438 0.966667 0.151562 0.972222 0.151562 0.980556 0.378125 0.980556 0.378125 0.969444 0.379687 0.966667 0.38125 0.966667 0.382812 0.963889 0.392188 0.963889 0.39375 0.961111 0.404687 0.961111 0.40625 0.958333 0.41875 0.958333 0.420312 0.955556 0.465625 0.955556 0.467187 0.952778 0.489062 0.952778 0.490625 0.95 0.503125 0.95 0.504687 0.952778 0.509375 0.952778 0.510938 0.955556 0.529688 0.955556 0.53125 0.952778 0.542188 0.952778 0.54375 0.95 0.546875 0.95 0.548437 0.952778 0.571875 0.952778 0.573438 0.95 0.585938 0.95 0.5875 0.952778 0.589063 0.952778 0.590625 0.95 0.607813 0.95 0.609375 0.947222 0.610937 0.95 0.678125 0.95 0.679688 0.947222 0.704687 0.947222 0.70625 0.944444 0.709375 0.944444 0.710938 0.947222 0.720312 0.947222 0.721875 0.944444 0.723437 0.947222 0.73125 0.947222 0.732813 0.944444 0.754687 0.944444 0.75625 0.941667 0.778125 0.941667 0.779688 0.938889 0.790625 0.938889 0.792188 0.936111 0.801562 0.936111 0.803125 0.938889 0.8125 0.938889 0.814062 0.936111 0.81875 0.936111 0.820312 0.933333 0.823438 0.933333 0.825 0.936111 0.828125 0.936111 0.829687 0.933333 0.851562 0.933333 0.853125 0.930556 0.867188 0.930556 0.86875 0.927778 0.875 0.927778 0.876562 0.925 0.878125 0.925 0.88125 0.919444 0.882812 0.919444 0.884375 0.916667 0.885938 0.916667 0.8875 0.913889 0.889063 0.913889 0.89375 0.905556 0.895312 0.905556 0.901563 0.894444 0.903125 0.894444 0.914062 0.875 0.914062 0.872222 0.915625 0.869444 0.915625 0.863889 0.917188 0.861111 0.917188 0.838889 0.91875 0.836111 0.91875 0.813889 0.920313 0.811111 0.920313 0.758333 0.921875 0.755556 0.921875 0.691667 0.923437 0.688889 0.923437 0.619444 0.925 0.616667 0.925 0.588889 0.926562 0.586111 0.926562 0.544444 0.928125 0.541667 0.928125 0.469444 0.929688 0.466667 0.929688 0.430556 0.93125 0.427778 0.93125 0.397222 0.932813 0.394444 0.932813 0.363889 0.934375 0.361111 0.934375 0.272222 0.935938 0.269444 0.935938 0.227778 0.9375 0.225 0.9375 0.197222 0.939062 0.194444 0.939062 0.191667 0.9375 0.188889 0.9375 0.180556 0.939062 0.177778 0.939062 0.172222 0.940625 0.169444 0.945312 0.169444 0.945312 0.00555556 0.264299
67 0.103125 0.00555556 0.103125 0.919444 0.109375 0.919444 0.115625 0.930556 0.117188 0.930556 0.123438 0.941667 0.125 0.941667 0.126563 0.944444 0.128125 0.944444 0.132812 0.952778 0.134375 0.952778 0.135937 0.955556 0.1375 0.955556 0.140625 0.961111 0.142188 0.961111 0.14375 0.963889 0.145313 0.963889 0.146875 0.966667 0.148438 0.966667 0.151562 0.972222 0.151562 0.980556 0.378125 0.980556 0.378125 0.969444 0.379687 0.966667 0.38125 0.966667 0.382812 0.963889 0.392188 0.963889 0.39375 0.961111 0.404687 0.961111 0.40625 0.958333 0.41875 0.958333 0.420312 0.955556 0.465625 0.955556 0.467187 0.952778 0.489062 0.952778 0.490625 0.95 0.503125 0.95 0.504687 0.952778 0.509375 0.952778 0.510938 0.955556 0.529688 0.955556 0.53125 0.952778 0.542188 0.952778 0.54375 0.95 0.546875 0.95 0.548437 0.952778 0.571875 0.952778 0.573438 0.95 0.585938 0.95 0.5875 0.952778 0.589063 0.952778 0.590625 0.95 0.607813 0.95 0.609375 0.947222 0.610937 0.95 0.678125 0.95 0.679688 0.947222 0.704687 0.947222 0.70625 0.944444 0.709375 0.944444 0.710938 0.947222 0.720312 0.947222 0.721875 0.944444 0.723437 0.947222 0.73125 0.947222 0.732813 0.944444 0.754687 0.944444 0.75625 0.941667 0.778125 0.941667 0.779688 0.938889 0.790625 0.938889 0.792188 0.936111 0.801562 0.936111 0.803125 0.938889 0.8125 0.938889 0.814062 0.936111 0.81875 0.936111 0.820312 0.933333 0.823438 0.933333 0.825 0.936111 0.828125 0.936111 0.829687 0.933333 0.851562 0.933333 0.853125 0.930556 0.867188 0.930556 0.86875 0.927778 0.875 0.927778 0.876562 0.925 0.878125 0.925 0.88125 0.919444 0.882812 0.919444 0.884375 0.916667 0.885938 0.916667 0.8875 0.913889 0.889063 0.913889 0.89375 0.905556 0.895312 0.905556 0.901563 0.894444 0.903125 0.894444 0.914062 0.875 0.914062 0.872222 0.915625 0.869444 0.915625 0.863889 0.917188 0.861111 0.917188 0.838889 0.91875 0.836111 0.91875 0.813889 0.920313 0.811111 0.920313 0.758333 0.921875 0.755556 0.921875 0.691667 0.923437 0.688889 0.923437 0.619444 0.925 0.616667 0.925 0.588889 0.926562 0.586111 0.926562 0.544444 0.928125 0.541667 0.928125 0.469444 0.929688 0.466667 0.929688 0.430556 0.93125 0.427778 0.93125 0.397222 0.932813 0.394444 0.932813 0.363889 0.934375 0.361111 0.934375 0.272222 0.935938 0.269444 0.935938 0.227778 0.9375 0.225 0.9375 0.197222 0.939062 0.194444 0.939062 0.191667 0.9375 0.188889 0.9375 0.180556 0.939062 0.177778 0.939062 0.172222 0.940625 0.169444 0.945312 0.169444 0.945312 0.00555556 0.578185
62 0.103125 0.00555556 0.103125 0.919444 0.109375 0.919444 0.115625 0.930556 0.117188 0.930556 0.123438 0.941667 0.125 0.941667 0.126563 0.944444 0.128125 0.944444 0.132812 0.952778 0.134375 0.952778 0.135937 0.955556 0.1375 0.955556 0.140625 0.961111 0.142188 0.961111 0.14375 0.963889 0.145313 0.963889 0.146875 0.966667 0.148438 0.966667 0.151562 0.972222 0.151562 0.980556 0.378125 0.980556 0.378125 0.969444 0.379687 0.966667 0.38125 0.966667 0.382812 0.963889 0.392188 0.963889 0.39375 0.961111 0.404687 0.961111 0.40625 0.958333 0.41875 0.958333 0.420312 0.955556 0.465625 0.955556 0.467187 0.952778 0.489062 0.952778 0.490625 0.95 0.503125 0.95 0.504687 0.952778 0.509375 0.952778 0.510938 0.955556 0.529688 0.955556 0.53125 0.952778 0.542188 0.952778 0.54375 0.95 0.546875 0.95 0.548437 0.952778 0.571875 0.952778 0.573438 0.95 0.585938 0.95 0.5875 0.952778 0.589063 0.952778 0.590625 0.95 0.607813 0.95 0.609375 0.947222 0.610937 0.95 0.678125 0.95 0.679688 0.947222 0.704687 0.947222 0.70625 0.944444 0.709375 0.944444 0.710938 0.947222 0.720312 0.947222 0.721875 0.944444 0.723437 0.947222 0.73125 0.947222 0.732813 0.944444 0.754687 0.944444 0.75625 0.941667 0.778125 0.941667 0.779688 0.938889 0.790625 0.938889 0.792188 0.936111 0.801562 0.936111 0.803125 0.938889 0.8125 0.938889 0.814062 0.936111 0.81875 0.936111 0.820312 0.933333 0.823438 0.933333 0.825 0.936111 0.828125 0.936111 0.829687 0.933333 0.851562 0.933333 0.853125 0.930556 0.867188 0.930556 0.86875 0.927778 0.875 0.927778 0.876562 0.925 0.878125 0.925 0.88125 0.919444 0.882812 0.919444 0.884375 0.916667 0.885938 0.916667 0.8875 0.913889 0.889063 0.913889 0.89375 0.905556 0.895312 0.905556 0.901563 0.894444 0.903125 0.894444 0.914062 0.875 0.914062 0.872222 0.915625 0.869444 0.915625 0.863889 0.917188 0.861111 0.917188 0.838889 0.91875 0.836111 0.91875 0.813889 0.920313 0.811111 0.920313 0.758333 0.921875 0.755556 0.921875 0.691667 0.923437 0.688889 0.923437 0.619444 0.925 0.616667 0.925 0.588889 0.926562 0.586111 0.926562 0.544444 0.928125 0.541667 0.928125 0.469444 0.929688 0.466667 0.929688 0.430556 0.93125 0.427778 0.93125 0.397222 0.932813 0.394444 0.932813 0.363889 0.934375 0.361111 0.934375 0.272222 0.935938 0.269444 0.935938 0.227778 0.9375 0.225 0.9375 0.197222 0.939062 0.194444 0.939062 0.191667 0.9375 0.188889 0.9375 0.180556 0.939062 0.177778 0.939062 0.172222 0.940625 0.169444 0.945312 0.169444 0.945312 0.00555556 0.264299
67 0.103125 0.00555556 0.103125 0.919444 0.109375 0.919444 0.115625 0.930556 0.117188 0.930556 0.123438 0.941667 0.125 0.941667 0.126563 0.944444 0.128125 0.944444 0.132812 0.952778 0.134375 0.952778 0.135937 0.955556 0.1375 0.955556 0.140625 0.961111 0.142188 0.961111 0.14375 0.963889 0.145313 0.963889 0.146875 0.966667 0.148438 0.966667 0.151562 0.972222 0.151562 0.980556 0.378125 0.980556 0.378125 0.969444 0.379687 0.966667 0.38125 0.966667 0.382812 0.963889 0.392188 0.963889 0.39375 0.961111 0.404687 0.961111 0.40625 0.958333 0.41875 0.958333 0.420312 0.955556 0.465625 0.955556 0.467187 0.952778 0.489062 0.952778 0.490625 0.95 0.503125 0.95 0.504687 0.952778 0.509375 0.952778 0.510938 0.955556 0.529688 0.955556 0.53125 0.952778 0.542188 0.952778 0.54375 0.95 0.546875 0.95 0.548437 0.952778 0.571875 0.952778 0.573438 0.95 0.585938 0.95 0.5875 0.952778 0.589063 0.952778 0.590625 0.95 0.607813 0.95 0.609375 0.947222 0.610937 0.95 0.678125 0.95 0.679688 0.947222 0.704687 0.947222 0.70625 0.944444 0.709375 0.944444 0.710938 0.947222 0.720312 0.947222 0.721875 0.944444 0.723437 0.947222 0.73125 0.947222 0.732813 0.944444 0.754687 0.944444 0.75625 0.941667 0.778125 0.941667 0.779688 0.938889 0.790625 0.938889 0.792188 0.936111 0.801562 0.936111 0.803125 0.938889 0.8125 0.938889 0.814062 0.936111 0.81875 0.936111 0.820312 0.933333 0.823438 0.933333 0.825 0.936111 0.828125 0.936111 0.829687 0.933333 0.851562 0.933333 0.853125 0.930556 0.867188 0.930556 0.86875 0.927778 0.875 0.927778 0.876562 0.925 0.878125 0.925 0.88125 0.919444 0.882812 0.919444 0.884375 0.916667 0.885938 0.916667 0.8875 0.913889 0.889063 0.913889 0.89375 0.905556 0.895312 0.905556 0.901563 0.894444 0.903125 0.894444 0.914062 0.875 0.914062 0.872222 0.915625 0.869444 0.915625 0.863889 0.917188 0.861111 0.917188 0.838889 0.91875 0.836111 0.91875 0.813889 0.920313 0.811111 0.920313 0.758333 0.921875 0.755556 0.921875 0.691667 0.923437 0.688889 0.923437 0.619444 0.925 0.616667 0.925 0.588889 0.926562 0.586111 0.926562 0.544444 0.928125 0.541667 0.928125 0.469444 0.929688 0.466667 0.929688 0.430556 0.93125 0.427778 0.93125 0.397222 0.932813 0.394444 0.932813 0.363889 0.934375 0.361111 0.934375 0.272222 0.935938 0.269444 0.935938 0.227778 0.9375 0.225 0.9375 0.197222 0.939062 0.194444 0.939062 0.191667 0.9375 0.188889 0.9375 0.180556 0.939062 0.177778 0.939062 0.172222 0.940625 0.169444 0.945312 0.169444 0.945312 0.00555556 0.578185
62 0.103125 0.00555556 0.103125 0.919444 0.109375 0.919444 0.115625 0.930556 0.117188 0.930556 0.123438 0.941667 0.125 0.941667 0.126563 0.944444 0.128125 0.944444 0.132812 0.952778 0.134375 0.952778 0.135937 0.955556 0.1375 0.955556 0.140625 0.961111 0.142188 0.961111 0.14375 0.963889 0.145313 0.963889 0.146875 0.966667 0.148438 0.966667 0.151562 0.972222 0.151562 0.980556 0.378125 0.980556 0.378125 0.969444 0.379687 0.966667 0.38125 0.966667 0.382812 0.963889 0.392188 0.963889 0.39375 0.961111 0.404687 0.961111 0.40625 0.958333 0.41875 0.958333 0.420312 0.955556 0.465625 0.955556 0.467187 0.952778 0.489062 0.952778 0.490625 0.95 0.503125 0.95 0.504687 0.952778 0.509375 0.952778 0.510938 0.955556 0.529688 0.955556 0.53125 0.952778 0.542188 0.952778 0.54375 0.95 0.546875 0.95 0.548437 0.952778 0.571875 0.952778 0.573438 0.95 0.585938 0.95 0.5875 0.952778 0.589063 0.952778 0.590625 0.95 0.607813 0.95 0.609375 0.947222 0.610937 0.95 0.678125 0.95 0.679688 0.947222 0.704687 0.947222 0.70625 0.944444 0.709375 0.944444 0.710938 0.947222 0.720312 0.947222 0.721875 0.944444 0.723437 0.947222 0.73125 0.947222 0.732813 0.944444 0.754687 0.944444 0.75625 0.941667 0.778125 0.941667 0.779688 0.938889 0.790625 0.938889 0.792188 0.936111 0.801562 0.936111 0.803125 0.938889 0.8125 0.938889 0.814062 0.936111 0.81875 0.936111 0.820312 0.933333 0.823438 0.933333 0.825 0.936111 0.828125 0.936111 0.829687 0.933333 0.851562 0.933333 0.853125 0.930556 0.867188 0.930556 0.86875 0.927778 0.875 0.927778 0.876562 0.925 0.878125 0.925 0.88125 0.919444 0.882812 0.919444 0.884375 0.916667 0.885938 0.916667 0.8875 0.913889 0.889063 0.913889 0.89375 0.905556 0.895312 0.905556 0.901563 0.894444 0.903125 0.894444 0.914062 0.875 0.914062 0.872222 0.915625 0.869444 0.915625 0.863889 0.917188 0.861111 0.917188 0.838889 0.91875 0.836111 0.91875 0.813889 0.920313 0.811111 0.920313 0.758333 0.921875 0.755556 0.921875 0.691667 0.923437 0.688889 0.923437 0.619444 0.925 0.616667 0.925 0.588889 0.926562 0.586111 0.926562 0.544444 0.928125 0.541667 0.928125 0.469444 0.929688 0.466667 0.929688 0.430556 0.93125 0.427778 0.93125 0.397222 0.932813 0.394444 0.932813 0.363889 0.934375 0.361111 0.934375 0.272222 0.935938 0.269444 0.935938 0.227778 0.9375 0.225 0.9375 0.197222 0.939062 0.194444 0.939062 0.191667 0.9375 0.188889 0.9375 0.180556 0.939062 0.177778 0.939062 0.172222 0.940625 0.169444 0.945312 0.169444 0.945312 0.00555556 0.264299
67 0.103125 0.00555556 0.103125 0.919444 0.109375 0.919444 0.115625 0.930556 0.117188 0.930556 0.123438 0.941667 0.125 0.941667 0.126563 0.944444 0.128125 0.944444 0.132812 0.952778 0.134375 0.952778 0.135937 0.955556 0.1375 0.955556 0.140625 0.961111 0.142188 0.961111 0.14375 0.963889 0.145313 0.963889 0.146875 0.966667 0.148438 0.966667 0.151562 0.972222 0.151562 0.980556 0.378125 0.980556 0.378125 0.969444 0.379687 0.966667 0.38125 0.966667 0.382812 0.963889 0.392188 0.963889 0.39375 0.961111 0.404687 0.961111 0.40625 0.958333 0.41875 0.958333 0.420312 0.955556 0.465625 0.955556 0.467187 0.952778 0.489062 0.952778 0.490625 0.95 0.503125 0.95 0.504687 0.952778 0.509375 0.952778 0.510938 0.955556 0.529688 0.955556 0.53125 0.952778 0.542188 0.952778 0.54375 0.95 0.546875 0.95 0.548437 0.952778 0.571875 0.952778 0.573438 0.95 0.585938 0.95 0.5875 0.952778 0.589063 0.952778 0.590625 0.95 0.607813 0.95 0.609375 0.947222 0.610937 0.95 0.678125 0.95 0.679688 0.947222 0.704687 0.947222 0.70625 0.944444 0.709375 0.944444 0.710938 0.947222 0.720312 0.947222 0.721875 0.944444 0.723437 0.947222 0.73125 0.947222 0.732813 0.944444 0.754687 0.944444 0.75625 0.941667 0.778125 0.941667 0.779688 0.938889 0.790625 0.938889 0.792188 0.936111 0.801562 0.936111 0.803125 0.938889 0.8125 0.938889 0.814062 0.936111 0.81875 0.936111 0.820312 0.933333 0.823438 0.933333 0.825 0.936111 0.828125 0.936111 0.829687 0.933333 0.851562 0.933333 0.853125 0.930556 0.867188 0.930556 0.86875 0.927778 0.875 0.927778 0.876562 0.925 0.878125 0.925 0.88125 0.919444 0.882812 0.919444 0.884375 0.916667 0.885938 0.916667 0.8875 0.913889 0.889063 0.913889 0.89375 0.905556 0.895312 0.905556 0.901563 0.894444 0.903125 0.894444 0.914062 0.875 0.914062 0.872222 0.915625 0.869444 0.915625 0.863889 0.917188 0.861111 0.917188 0.838889 0.91875 0.836111 0.91875 0.813889 0.920313 0.811111 0.920313 0.758333 0.921875 0.755556 0.921875 0.691667 0.923437 0.688889 0.923437 0.619444 0.925 0.616667 0.925 0.588889 0.926562 0.586111 0.926562 0.544444 0.928125 0.541667 0.928125 0.469444 0.929688 0.466667 0.929688 0.430556 0.93125 0.427778 0.93125 0.397222 0.932813 0.394444 0.932813 0.363889 0.934375 0.361111 0.934375 0.272222 0.935938 0.269444 0.935938 0.227778 0.9375 0.225 0.9375 0.197222 0.939062 0.194444 0.939062 0.191667 0.9375 0.188889 0.9375 0.180556 0.939062 0.177778 0.939062 0.172222 0.940625 0.169444 0.945312 0.169444 0.945312 0.00555556 0.578185
62 0.103125 0.00555556 0.103125 0.919444 0.109375 0.919444 0.115625 0.930556 0.117188 0.930556 0.123438 0.941667 0.125 0.941667 0.126563 0.944444 0.128125 0.944444 0.132812 0.952778 0.134375 0.952778 0.135937 0.955556 0.1375 0.955556 0.140625 0.961111 0.142188 0.961111 0.14375 0.963889 0.145313 0.963889 0.146875 0.966667 0.148438 0.966667 0.151562 0.972222 0.151562 0.980556 0.378125 0.980556 0.378125 0.969444 0.379687 0.966667 0.38125 0.966667 0.382812 0.963889 0.392188 0.963889 0.39375 0.961111 0.404687 0.961111 0.40625 0.958333 0.41875 0.958333 0.420312 0.955556 0.465625 0.955556 0.467187 0.952778 0.489062 0.952778 0.490625 0.95 0.503125 0.95 0.504687 0.952778 0.509375 0.952778 0.510938 0.955556 0.529688 0.955556 0.53125 0.952778 0.542188 0.952778 0.54375 0.95 0.546875 0.95 0.548437 0.952778 0.571875 0.952778 0.573438 0.95 0.585938 0.95 0.5875 0.952778 0.589063 0.952778 0.590625 0.95 0.607813 0.95 0.609375 0.947222 0.610937 0.95 0.678125 0.95 0.679688 0.947222 0.704687 0.947222 0.70625 0.944444 0.709375 0.944444 0.710938 0.947222 0.720312 0.947222 0.721875 0.944444 0.723437 0.947222 0.73125 0.947222 0.732813 0.944444 0.754687 0.944444 0.75625 0.941667 0.778125 0.941667 0.779688 0.938889 0.790625 0.938889 0.792188 0.936111 0.801562 0.936111 0.803125 0.938889 0.8125 0.938889 0.814062 0.936111 0.81875 0.936111 0.820312 0.933333 0.823438 0.933333 0.825 0.936111 0.828125 0.936111 0.829687 0.933333 0.851562 0.933333 0.853125 0.930556 0.867188 0.930556 0.86875 0.927778 0.875 0.927778 0.876562 0.925 0.878125 0.925 0.88125 0.919444 0.882812 0.919444 0.884375 0.916667 0.885938 0.916667 0.8875 0.913889 0.889063 0.913889 0.89375 0.905556 0.895312 0.905556 0.901563 0.894444 0.903125 0.894444 0.914062 0.875 0.914062 0.872222 0.915625 0.869444 0.915625 0.863889 0.917188 0.861111 0.917188 0.838889 0.91875 0.836111 0.91875 0.813889 0.920313 0.811111 0.920313 0.758333 0.921875 0.755556 0.921875 0.691667 0.923437 0.688889 0.923437 0.619444 0.925 0.616667 0.925 0.588889 0.926562 0.586111 0.926562 0.544444 0.928125 0.541667 0.928125 0.469444 0.929688 0.466667 0.929688 0.430556 0.93125 0.427778 0.93125 0.397222 0.932813 0.394444 0.932813 0.363889 0.934375 0.361111 0.934375 0.272222 0.935938 0.269444 0.935938 0.227778 0.9375 0.225 0.9375 0.197222 0.939062 0.194444 0.939062 0.191667 0.9375 0.188889 0.9375 0.180556 0.939062 0.177778 0.939062 0.172222 0.940625 0.169444 0.945312 0.169444 0.945312 0.00555556 0.264299
67 0.103125 0.00555556 0.103125 0.919444 0.109375 0.919444 0.115625 0.930556 0.117188 0.930556 0.123438 0.941667 0.125 0.941667 0.126563 0.944444 0.128125 0.944444 0.132812 0.952778 0.134375 0.952778 0.135937 0.955556 0.1375 0.955556 0.140625 0.961111 0.142188 0.961111 0.14375 0.963889 0.145313 0.963889 0.146875 0.966667 0.148438 0.966667 0.151562 0.972222 0.151562 0.980556 0.378125 0.980556 0.378125 0.969444 0.379687 0.966667 0.38125 0.966667 0.382812 0.963889 0.392188 0.963889 0.39375 0.961111 0.404687 0.961111 0.40625 0.958333 0.41875 0.958333 0.420312 0.955556 0.465625 0.955556 0.467187 0.952778 0.489062 0.952778 0.490625 0.95 0.503125 0.95 0.504687 0.952778 0.509375 0.952778 0.510938 0.955556 0.529688 0.955556 0.53125 0.952778 0.542188 0.952778 0.54375 0.95 0.546875 0.95 0.548437 0.952778 0.571875 0.952778 0.573438 0.95 0.585938 0.95 0.5875 0.952778 0.589063 0.952778 0.590625 0.95 0.607813 0.95 0.609375 0.947222 0.610937 0.95 0.678125 0.95 0.679688 0.947222 0.704687 0.947222 0.70625 0.944444 0.709375 0.944444 0.710938 0.947222 0.720312 0.947222 0.721875 0.944444 0.723437 0.947222 0.73125 0.947222 0.732813 0.944444 0.754687 0.944444 0.75625 0.941667 0.778125 0.941667 0.779688 0.938889 0.790625 0.938889 0.792188 0.936111 0.801562 0.936111 0.803125 0.938889 0.8125 0.938889 0.814062 0.936111 0.81875 0.936111 0.820312 0.933333 0.823438 0.933333 0.825 0.936111 0.828125 0.936111 0.829687 0.933333 0.851562 0.933333 0.853125 0.930556 0.867188 0.930556 0.86875 0.927778 0.875 0.927778 0.876562 0.925 0.878125 0.925 0.88125 0.919444 0.882812 0.919444 0.884375 0.916667 0.885938 0.916667 0.8875 0.913889 0.889063 0.913889 0.89375 0.905556 0.895312 0.905556 0.901563 0.894444 0.903125 0.894444 0.914062 0.875 0.914062 0.872222 0.915625 0.869444 0.915625 0.863889 0.917188 0.861111 0.917188 0.838889 0.91875 0.836111 0.91875 0.813889 0.920313 0.811111 0.920313 0.758333 0.921875 0.755556 0.921875 0.691667 0.923437 0.688889 0.923437 0.619444 0.925 0.616667 0.925 0.588889 0.926562 0.586111 0.926562 0.544444 0.928125 0.541667 0.928125 0.469444 0.929688 0.466667 0.929688 0.430556 0.93125 0.427778 0.93125 0.397222 0.932813 0.394444 0.932813 0.363889 0.934375 0.361111 0.934375 0.272222 0.935938 0.269444 0.935938 0.227778 0.9375 0.225 0.9375 0.197222 0.939062 0.194444 0.939062 0.191667 0.9375 0.188889 0.9375 0.180556 0.939062 0.177778 0.939062 0.172222 0.940625 0.169444 0.945312 0.169444 0.945312 0.00555556 0.578185
62 0.103125 0.00555556 0.103125 0.919444 0.109375 0.919444 0.115625 0.930556 0.117188 0.930556 0.123438 0.941667 0.125 0.941667 0.126563 0.944444 0.128125 0.944444 0.132812 0.952778 0.134375 0.952778 0.135937 0.955556 0.1375 0.955556 0.140625 0.961111 0.142188 0.961111 0.14375 0.963889 0.145313 0.963889 0.146875 0.966667 0.148438 0.966667 0.151562 0.972222 0.151562 0.980556 0.378125 0.980556 0.378125 0.969444 0.379687 0.966667 0.38125 0.966667 0.382812 0.963889 0.392188 0.963889 0.39375 0.961111 0.404687 0.961111 0.40625 0.958333 0.41875 0.958333 0.420312 0.955556 0.465625 0.955556 0.467187 0.952778 0.489062 0.952778 0.490625 0.95 0.503125 0.95 0.504687 0.952778 0.509375 0.952778 0.510938 0.955556 0.529688 0.955556 0.53125 0.952778 0.542188 0.952778 0.54375 0.95 0.546875 0.95 0.548437 0.952778 0.571875 0.952778 0.573438 0.95 0.585938 0.95 0.5875 0.952778 0.589063 0.952778 0.590625 0.95 0.607813 0.95 0.609375 0.947222 0.610937 0.95 0.678125 0.95 0.679688 0.947222 0.704687 0.947222 0.70625 0.944444 0.709375 0.944444 0.710938 0.947222 0.720312 0.947222 0.721875 0.944444 0.723437 0.947222 0.73125 0.947222 0.732813 0.944444 0.754687 0.944444 0.75625 0.941667 0.778125 0.941667 0.779688 0.938889 0.790625 0.938889 0.792188 0.936111 0.801562 0.936111 0.803125 0.938889 0.8125 0.938889 0.814062 0.936111 0.81875 0.936111 0.820312 0.933333 0.823438 0.933333 0.825 0.936111 0.828125 0.936111 0.829687 0.933333 0.851562 0.933333 0.853125 0.930556 0.867188 0.930556 0.86875 0.927778 0.875 0.927778 0.876562 0.925 0.878125 0.925 0.88125 0.919444 0.882812 0.919444 0.884375 0.916667 0.885938 0.916667 0.8875 0.913889 0.889063 0.913889 0.89375 0.905556 0.895312 0.905556 0.901563 0.894444 0.903125 0.894444 0.914062 0.875 0.914062 0.872222 0.915625 0.869444 0.915625 0.863889 0.917188 0.861111 0.917188 0.838889 0.91875 0.836111 0.91875 0.813889 0.920313 0.811111 0.920313 0.758333 0.921875 0.755556 0.921875 0.691667 0.923437 0.688889 0.923437 0.619444 0.925 0.616667 0.925 0.588889 0.926562 0.586111 0.926562 0.544444 0.928125 0.541667 0.928125 0.469444 0.929688 0.466667 0.929688 0.430556 0.93125 0.427778 0.93125 0.397222 0.932813 0.394444 0.932813 0.363889 0.934375 0.361111 0.934375 0.272222 0.935938 0.269444 0.935938 0.227778 0.9375 0.225 0.9375 0.197222 0.939062 0.194444 0.939062 0.191667 0.9375 0.188889 0.9375 0.180556 0.939062 0.177778 0.939062 0.172222 0.940625 0.169444 0.945312 0.169444 0.945312 0.00555556 0.264299
