2 0.501562 0.383333 0.501562 0.394444 0.5 0.397222 0.498437 0.397222 0.496875 0.4 0.495313 0.4 0.49375 0.402778 0.4875 0.402778 0.485938 0.405556 0.478125 0.405556 0.476562 0.408333 0.475 0.408333 0.471875 0.413889 0.465625 0.413889 0.465625 0.480556 0.470313 0.480556 0.473437 0.486111 0.475 0.486111 0.476562 0.488889 0.48125 0.488889 0.482812 0.486111 0.484375 0.486111 0.4875 0.480556 0.489062 0.480556 0.492188 0.475 0.49375 0.475 0.495313 0.472222 0.501562 0.472222 0.503125 0.475 0.510938 0.475 0.5125 0.477778 0.521875 0.477778 0.526563 0.486111 0.526563 0.488889 0.528125 0.491667 0.528125 0.502778 0.54375 0.502778 0.54375 0.491667 0.545313 0.488889 0.545313 0.486111 0.551562 0.475 0.567187 0.475 0.570312 0.480556 0.570312 0.483333 0.573438 0.488889 0.575 0.488889 0.576563 0.491667 0.578125 0.491667 0.584375 0.480556 0.584375 0.469444 0.585938 0.466667 0.585938 0.422222 0.584375 0.419444 0.584375 0.416667 0.579687 0.408333 0.579687 0.405556 0.578125 0.402778 0.578125 0.4 0.575 0.394444 0.575 0.383333 0.724861
62 0.164062 0.0277778 0.164062 0.0361111 0.1625 0.0388889 0.1625 0.0416667 0.160938 0.0444444 0.160938 0.0527778 0.159375 0.0555556 0.159375 0.102778 0.157813 0.105556 0.157813 0.147222 0.15625 0.15 0.15625 0.227778 0.154687 0.230556 0.154687 0.305556 0.153125 0.308333 0.153125 0.336111 0.151562 0.338889 0.151562 0.363889 0.15 0.366667 0.15 0.388889 0.148438 0.391667 0.148438 0.394444 0.15 0.397222 0.15 0.458333 0.148438 0.461111 0.15 0.463889 0.15 0.475 0.148438 0.477778 0.148438 0.538889 0.146875 0.541667 0.146875 0.575 0.145313 0.577778 0.140625 0.577778 0.140625 0.825 0.145313 0.825 0.148438 0.830556 0.148438 0.833333 0.15 0.836111 0.151562 0.836111 0.153125 0.838889 0.153125 0.841667 0.159375 0.852778 0.160938 0.852778 0.1625 0.855556 0.164062 0.855556 0.16875 0.863889 0.170312 0.863889 0.171875 0.866667 0.173438 0.866667 0.175 0.869444 0.176563 0.869444 0.184375 0.883333 0.189063 0.883333 0.190625 0.886111 0.19375 0.886111 0.195312 0.888889 0.2 0.888889 0.201562 0.891667 0.20625 0.891667 0.207813 0.894444 0.214062 0.894444 0.215625 0.897222 0.229687 0.897222 0.23125 0.9 0.245312 0.9 0.246875 0.902778 0.264062 0.902778 0.265625 0.905556 0.28125 0.905556 0.282813 0.908333 0.304688 0.908333 0.30625 0.911111 0.31875 0.911111 0.320312 0.913889 0.335938 0.913889 0.3375 0.916667 0.35625 0.916667 0.357812 0.919444 0.367188 0.919444 0.36875 0.922222 0.375 0.922222 0.376563 0.925 0.38125 0.925 0.382812 0.927778 0.3875 0.927778 0.389062 0.930556 0.392188 0.930556 0.39375 0.933333 0.396875 0.933333 0.398438 0.936111 0.409375 0.936111 0.410937 0.938889 0.417188 0.938889 0.41875 0.941667 0.425 0.941667 0.426562 0.944444 0.428125 0.944444 0.429688 0.941667 0.434375 0.941667 0.435937 0.938889 0.442187 0.938889 0.44375 0.936111 0.451562 0.936111 0.453125 0.933333 0.460938 0.933333 0.4625 0.930556 0.485938 0.930556 0.4875 0.933333 0.501562 0.933333 0.503125 0.936111 0.515625 0.936111 0.517187 0.938889 0.523438 0.938889 0.525 0.941667 0.5375 0.941667 0.539062 0.944444 0.554688 0.944444 0.55625 0.947222 0.56875 0.947222 0.570312 0.95 0.585938 0.95 0.5875 0.952778 0.598437 0.952778 0.6 0.955556 0.615625 0.955556 0.617188 0.958333 0.626562 0.958333 0.628125 0.961111 0.640625 0.961111 0.642187 0.963889 0.665625 0.963889 0.667188 0.966667 0.673437 0.966667 0.675 0.969444 0.678125 0.969444 0.679688 0.972222 0.679688 0.980556 0.845312 0.980556 0.845312 0.969444 0.846875 0.966667 0.848437 0.966667 0.85 0.963889 0.851562 0.963889 0.853125 0.961111 0.85625 0.961111 0.857813 0.958333 0.859375 0.958333 0.860937 0.955556 0.8625 0.955556 0.864062 0.952778 0.865625 0.952778 0.86875 0.947222 0.870313 0.947222 0.871875 0.944444 0.873438 0.944444 0.876562 0.938889 0.878125 0.938889 0.882812 0.930556 0.884375 0.930556 0.8875 0.925 0.8875 0.922222 0.890625 0.916667 0.890625 0.908333 0.892187 0.905556 0.892187 0.838889 0.89375 0.836111 0.89375 0.791667 0.895312 0.788889 0.895312 0.777778 0.896875 0.775 0.896875 0.761111 0.898438 0.758333 0.898438 0.75 0.9 0.747222 0.9 0.722222 0.901563 0.719444 0.901563 0.702778 0.903125 0.7 0.903125 0.691667 0.901563 0.688889 0.901563 0.666667 0.9 0.663889 0.9 0.65 0.901563 0.647222 0.901563 0.55 0.903125 0.547222 0.903125 0.511111 0.904688 0.508333 0.904688 0.469444 0.90625 0.466667 0.90625 0.441667 0.907812 0.438889 0.907812 0.377778 0.909375 0.375 0.909375 0.338889 0.910937 0.336111 0.910937 0.308333 0.9125 0.305556 0.9125 0.286111 0.914062 0.283333 0.914062 0.266667 0.915625 0.263889 0.915625 0.247222 0.917188 0.244444 0.917188 0.230556 0.915625 0.227778 0.915625 0.225 0.917188 0.222222 0.917188 0.152778 0.91875 0.15 0.91875 0.133333 0.920313 0.130556 0.920313 0.125 0.921875 0.122222 0.926562 0.122222 0.926562 0.102778 0.921875 0.102778 0.917188 0.0944444 0.917188 0.0916667 0.915625 0.0888889 0.914062 0.0888889 0.9125 0.0861111 0.910937 0.0861111 0.909375 0.0833333 0.90625 0.0833333 0.904688 0.0805556 0.892187 0.0805556 0.890625 0.0777778 0.878125 0.0777778 0.876562 0.075 0.857813 0.075 0.85625 0.0722222 0.842188 0.0722222 0.840625 0.0694444 0.815625 0.0694444 0.814062 0.0666667 0.8125 0.0694444 0.807813 0.0694444 0.80625 0.0666667 0.779688 0.0666667 0.778125 0.0638889 0.75625 0.0638889 0.754687 0.0611111 0.74375 0.0611111 0.742188 0.0583333 0.729688 0.0583333 0.728125 0.0555556 0.725 0.0555556 0.723437 0.0583333 0.65625 0.0583333 0.654688 0.0555556 0.628125 0.0555556 0.626562 0.0527778 0.579687 0.0527778 0.578125 0.05 0.515625 0.05 0.514063 0.0472222 0.467187 0.0472222 0.465625 0.0444444 0.454688 0.0444444 0.453125 0.0416667 0.43125 0.0416667 0.429688 0.0388889 0.404687 0.0388889 0.403125 0.0361111 0.403125 0.0277778 0.336932
67 0.164062 0.0277778 0.164062 0.0361111 0.1625 0.0388889 0.1625 0.0416667 0.160938 0.0444444 0.160938 0.0527778 0.159375 0.0555556 0.159375 0.102778 0.157813 0.105556 0.157813 0.147222 0.15625 0.15 0.15625 0.227778 0.154687 0.230556 0.154687 0.305556 0.153125 0.308333 0.153125 0.336111 0.151562 0.338889 0.151562 0.363889 0.15 0.366667 0.15 0.388889 0.148438 0.391667 0.148438 0.394444 0.15 0.397222 0.15 0.458333 0.148438 0.461111 0.15 0.463889 0.15 0.475 0.148438 0.477778 0.148438 0.538889 0.146875 0.541667 0.146875 0.575 0.145313 0.577778 0.140625 0.577778 0.140625 0.825 0.145313 0.825 0.148438 0.830556 0.148438 0.833333 0.15 0.836111 0.151562 0.836111 0.153125 0.838889 0.153125 0.841667 0.159375 0.852778 0.160938 0.852778 0.1625 0.855556 0.164062 0.855556 0.16875 0.863889 0.170312 0.863889 0.171875 0.866667 0.173438 0.866667 0.175 0.869444 0.176563 0.869444 0.184375 0.883333 0.189063 0.883333 0.190625 0.886111 0.19375 0.886111 0.195312 0.888889 0.2 0.888889 0.201562 0.891667 0.20625 0.891667 0.207813 0.894444 0.214062 0.894444 0.215625 0.897222 0.229687 0.897222 0.23125 0.9 0.245312 0.9 0.246875 0.902778 0.264062 0.902778 0.265625 0.905556 0.28125 0.905556 0.282813 0.908333 0.304688 0.908333 0.30625 0.911111 0.31875 0.911111 0.320312 0.913889 0.335938 0.913889 0.3375 0.916667 0.35625 0.916667 0.357812 0.919444 0.367188 0.919444 0.36875 0.922222 0.375 0.922222 0.376563 0.925 0.38125 0.925 0.382812 0.927778 0.3875 0.927778 0.389062 0.930556 0.392188 0.930556 0.39375 0.933333 0.396875 0.933333 0.398438 0.936111 0.409375 0.936111 0.410937 0.938889 0.417188 0.938889 0.41875 0.941667 0.425 0.941667 0.426562 0.944444 0.428125 0.944444 0.429688 0.941667 0.434375 0.941667 0.435937 0.938889 0.442187 0.938889 0.44375 0.936111 0.451562 0.936111 0.453125 0.933333 0.460938 0.933333 0.4625 0.930556 0.485938 0.930556 0.4875 0.933333 0.501562 0.933333 0.503125 0.936111 0.515625 0.936111 0.517187 0.938889 0.523438 0.938889 0.525 0.941667 0.5375 0.941667 0.539062 0.944444 0.554688 0.944444 0.55625 0.947222 0.56875 0.947222 0.570312 0.95 0.585938 0.95 0.5875 0.952778 0.598437 0.952778 0.6 0.955556 0.615625 0.955556 0.617188 0.958333 0.626562 0.958333 0.628125 0.961111 0.640625 0.961111 0.642187 0.963889 0.665625 0.963889 0.667188 0.966667 0.673437 0.966667 0.675 0.969444 0.678125 0.969444 0.679688 0.972222 0.679688 0.980556 0.845312 0.980556 0.845312 0.969444 0.846875 0.966667 0.848437 0.966667 0.85 0.963889 0.851562 0.963889 0.853125 0.961111 0.85625 0.961111 0.857813 0.958333 0.859375 0.958333 0.860937 0.955556 0.8625 0.955556 0.864062 0.952778 0.865625 0.952778 0.86875 0.947222 0.870313 0.947222 0.871875 0.944444 0.873438 0.944444 0.876562 0.938889 0.878125 0.938889 0.882812 0.930556 0.884375 0.930556 0.8875 0.925 0.8875 0.922222 0.890625 0.916667 0.890625 0.908333 0.892187 0.905556 0.892187 0.838889 0.89375 0.836111 0.89375 0.791667 0.895312 0.788889 0.895312 0.777778 0.896875 0.775 0.896875 0.761111 0.898438 0.758333 0.898438 0.75 0.9 0.747222 0.9 0.722222 0.901563 0.719444 0.901563 0.702778 0.903125 0.7 0.903125 0.691667 0.901563 0.688889 0.901563 0.666667 0.9 0.663889 0.9 0.65 0.901563 0.647222 0.901563 0.55 0.903125 0.547222 0.903125 0.511111 0.904688 0.508333 0.904688 0.469444 0.90625 0.466667 0.90625 0.441667 0.907812 0.438889 0.907812 0.377778 0.909375 0.375 0.909375 0.338889 0.910937 0.336111 0.910937 0.308333 0.9125 0.305556 0.9125 0.286111 0.914062 0.283333 0.914062 0.266667 0.915625 0.263889 0.915625 0.247222 0.917188 0.244444 0.917188 0.230556 0.915625 0.227778 0.915625 0.225 0.917188 0.222222 0.917188 0.152778 0.91875 0.15 0.91875 0.133333 0.920313 0.130556 0.920313 0.125 0.921875 0.122222 0.926562 0.122222 0.926562 0.102778 0.921875 0.102778 0.917188 0.0944444 0.917188 0.0916667 0.915625 0.0888889 0.914062 0.0888889 0.9125 0.0861111 0.910937 0.0861111 0.909375 0.0833333 0.90625 0.0833333 0.904688 0.0805556 0.892187 0.0805556 0.890625 0.0777778 0.878125 0.0777778 0.876562 0.075 0.857813 0.075 0.85625 0.0722222 0.842188 0.0722222 0.840625 0.0694444 0.815625 0.0694444 0.814062 0.0666667 0.8125 0.0694444 0.807813 0.0694444 0.80625 0.0666667 0.779688 0.0666667 0.778125 0.0638889 0.75625 0.0638889 0.754687 0.0611111 0.74375 0.0611111 0.742188 0.0583333 0.729688 0.0583333 0.728125 0.0555556 0.725 0.0555556 0.723437 0.0583333 0.65625 0.0583333 0.654688 0.0555556 0.628125 0.0555556 0.626562 0.0527778 0.579687 0.0527778 0.578125 0.05 0.515625 0.05 0.514063 0.0472222 0.467187 0.0472222 0.465625 0.0444444 0.454688 0.0444444 0.453125 0.0416667 0.43125 0.0416667 0.429688 0.0388889 0.404687 0.0388889 0.403125 0.0361111 0.403125 0.0277778 0.314624
2 0.501562 0.383333 0.501562 0.394444 0.5 0.397222 0.498437 0.397222 0.496875 0.4 0.495313 0.4 0.49375 0.402778 0.4875 0.402778 0.485938 0.405556 0.478125 0.405556 0.476562 0.408333 0.475 0.408333 0.471875 0.413889 0.465625 0.413889 0.465625 0.480556 0.470313 0.480556 0.473437 0.486111 0.475 0.486111 0.476562 0.488889 0.48125 0.488889 0.482812 0.486111 0.484375 0.486111 0.4875 0.480556 0.489062 0.480556 0.492188 0.475 0.49375 0.475 0.495313 0.472222 0.501562 0.472222 0.503125 0.475 0.510938 0.475 0.5125 0.477778 0.521875 0.477778 0.526563 0.486111 0.526563 0.488889 0.528125 0.491667 0.528125 0.502778 0.54375 0.502778 0.54375 0.491667 0.545313 0.488889 0.545313 0.486111 0.551562 0.475 0.567187 0.475 0.570312 0.480556 0.570312 0.483333 0.573438 0.488889 0.575 0.488889 0.576563 0.491667 0.578125 0.491667 0.584375 0.480556 0.584375 0.469444 0.585938 0.466667 0.585938 0.422222 0.584375 0.419444 0.584375 0.416667 0.579687 0.408333 0.579687 0.405556 0.578125 0.402778 0.578125 0.4 0.575 0.394444 0.575 0.383333 0.724861
62 0.164062 0.0277778 0.164062 0.0361111 0.1625 0.0388889 0.1625 0.0416667 0.160938 0.0444444 0.160938 0.0527778 0.159375 0.0555556 0.159375 0.102778 0.157813 0.105556 0.157813 0.147222 0.15625 0.15 0.15625 0.227778 0.154687 0.230556 0.154687 0.305556 0.153125 0.308333 0.153125 0.336111 0.151562 0.338889 0.151562 0.363889 0.15 0.366667 0.15 0.388889 0.148438 0.391667 0.148438 0.394444 0.15 0.397222 0.15 0.458333 0.148438 0.461111 0.15 0.463889 0.15 0.475 0.148438 0.477778 0.148438 0.538889 0.146875 0.541667 0.146875 0.575 0.145313 0.577778 0.140625 0.577778 0.140625 0.825 0.145313 0.825 0.148438 0.830556 0.148438 0.833333 0.15 0.836111 0.151562 0.836111 0.153125 0.838889 0.153125 0.841667 0.159375 0.852778 0.160938 0.852778 0.1625 0.855556 0.164062 0.855556 0.16875 0.863889 0.170312 0.863889 0.171875 0.866667 0.173438 0.866667 0.175 0.869444 0.176563 0.869444 0.184375 0.883333 0.189063 0.883333 0.190625 0.886111 0.19375 0.886111 0.195312 0.888889 0.2 0.888889 0.201562 0.891667 0.20625 0.891667 0.207813 0.894444 0.214062 0.894444 0.215625 0.897222 0.229687 0.897222 0.23125 0.9 0.245312 0.9 0.246875 0.902778 0.264062 0.902778 0.265625 0.905556 0.28125 0.905556 0.282813 0.908333 0.304688 0.908333 0.30625 0.911111 0.31875 0.911111 0.320312 0.913889 0.335938 0.913889 0.3375 0.916667 0.35625 0.916667 0.357812 0.919444 0.367188 0.919444 0.36875 0.922222 0.375 0.922222 0.376563 0.925 0.38125 0.925 0.382812 0.927778 0.3875 0.927778 0.389062 0.930556 0.392188 0.930556 0.39375 0.933333 0.396875 0.933333 0.398438 0.936111 0.409375 0.936111 0.410937 0.938889 0.417188 0.938889 0.41875 0.941667 0.425 0.941667 0.426562 0.944444 0.428125 0.944444 0.429688 0.941667 0.434375 0.941667 0.435937 0.938889 0.442187 0.938889 0.44375 0.936111 0.451562 0.936111 0.453125 0.933333 0.460938 0.933333 0.4625 0.930556 0.485938 0.930556 0.4875 0.933333 0.501562 0.933333 0.503125 0.936111 0.515625 0.936111 0.517187 0.938889 0.523438 0.938889 0.525 0.941667 0.5375 0.941667 0.539062 0.944444 0.554688 0.944444 0.55625 0.947222 0.56875 0.947222 0.570312 0.95 0.585938 0.95 0.5875 0.952778 0.598437 0.952778 0.6 0.955556 0.615625 0.955556 0.617188 0.958333 0.626562 0.958333 0.628125 0.961111 0.640625 0.961111 0.642187 0.963889 0.665625 0.963889 0.667188 0.966667 0.673437 0.966667 0.675 0.969444 0.678125 0.969444 0.679688 0.972222 0.679688 0.980556 0.845312 0.980556 0.845312 0.969444 0.846875 0.966667 0.848437 0.966667 0.85 0.963889 0.851562 0.963889 0.853125 0.961111 0.85625 0.961111 0.857813 0.958333 0.859375 0.958333 0.860937 0.955556 0.8625 0.955556 0.864062 0.952778 0.865625 0.952778 0.86875 0.947222 0.870313 0.947222 0.871875 0.944444 0.873438 0.944444 0.876562 0.938889 0.878125 0.938889 0.882812 0.930556 0.884375 0.930556 0.8875 0.925 0.8875 0.922222 0.890625 0.916667 0.890625 0.908333 0.892187 0.905556 0.892187 0.838889 0.89375 0.836111 0.89375 0.791667 0.895312 0.788889 0.895312 0.777778 0.896875 0.775 0.896875 0.761111 0.898438 0.758333 0.898438 0.75 0.9 0.747222 0.9 0.722222 0.901563 0.719444 0.901563 0.702778 0.903125 0.7 0.903125 0.691667 0.901563 0.688889 0.901563 0.666667 0.9 0.663889 0.9 0.65 0.901563 0.647222 0.901563 0.55 0.903125 0.547222 0.903125 0.511111 0.904688 0.508333 0.904688 0.469444 0.90625 0.466667 0.90625 0.441667 0.907812 0.438889 0.907812 0.377778 0.909375 0.375 0.909375 0.338889 0.910937 0.336111 0.910937 0.308333 0.9125 0.305556 0.9125 0.286111 0.914062 0.283333 0.914062 0.266667 0.915625 0.263889 0.915625 0.247222 0.917188 0.244444 0.917188 0.230556 0.915625 0.227778 0.915625 0.225 0.917188 0.222222 0.917188 0.152778 0.91875 0.15 0.91875 0.133333 0.920313 0.130556 0.920313 0.125 0.921875 0.122222 0.926562 0.122222 0.926562 0.102778 0.921875 0.102778 0.917188 0.0944444 0.917188 0.0916667 0.915625 0.0888889 0.914062 0.0888889 0.9125 0.0861111 0.910937 0.0861111 0.909375 0.0833333 0.90625 0.0833333 0.904688 0.0805556 0.892187 0.0805556 0.890625 0.0777778 0.878125 0.0777778 0.876562 0.075 0.857813 0.075 0.85625 0.0722222 0.842188 0.0722222 0.840625 0.0694444 0.815625 0.0694444 0.814062 0.0666667 0.8125 0.0694444 0.807813 0.0694444 0.80625 0.0666667 0.779688 0.0666667 0.778125 0.0638889 0.75625 0.0638889 0.754687 0.0611111 0.74375 0.0611111 0.742188 0.0583333 0.729688 0.0583333 0.728125 0.0555556 0.725 0.0555556 0.723437 0.0583333 0.65625 0.0583333 0.654688 0.0555556 0.628125 0.0555556 0.626562 0.0527778 0.579687 0.0527778 0.578125 0.05 0.515625 0.05 0.514063 0.0472222 0.467187 0.0472222 0.465625 0.0444444 0.454688 0.0444444 0.453125 0.0416667 0.43125 0.0416667 0.429688 0.0388889 0.404687 0.0388889 0.403125 0.0361111 0.403125 0.0277778 0.336932
67 0.164062 0.0277778 0.164062 0.0361111 0.1625 0.0388889 0.1625 0.0416667 0.160938 0.0444444 0.160938 0.0527778 0.159375 0.0555556 0.159375 0.102778 0.157813 0.105556 0.157813 0.147222 0.15625 0.15 0.15625 0.227778 0.154687 0.230556 0.154687 0.305556 0.153125 0.308333 0.153125 0.336111 0.151562 0.338889 0.151562 0.363889 0.15 0.366667 0.15 0.388889 0.148438 0.391667 0.148438 0.394444 0.15 0.397222 0.15 0.458333 0.148438 0.461111 0.15 0.463889 0.15 0.475 0.148438 0.477778 0.148438 0.538889 0.146875 0.541667 0.146875 0.575 0.145313 0.577778 0.140625 0.577778 0.140625 0.825 0.145313 0.825 0.148438 0.830556 0.148438 0.833333 0.15 0.836111 0.151562 0.836111 0.153125 0.838889 0.153125 0.841667 0.159375 0.852778 0.160938 0.852778 0.1625 0.855556 0.164062 0.855556 0.16875 0.863889 0.170312 0.863889 0.171875 0.866667 0.173438 0.866667 0.175 0.869444 0.176563 0.869444 0.184375 0.883333 0.189063 0.883333 0.190625 0.886111 0.19375 0.886111 0.195312 0.888889 0.2 0.888889 0.201562 0.891667 0.20625 0.891667 0.207813 0.894444 0.214062 0.894444 0.215625 0.897222 0.229687 0.897222 0.23125 0.9 0.245312 0.9 0.246875 0.902778 0.264062 0.902778 0.265625 0.905556 0.28125 0.905556 0.282813 0.908333 0.304688 0.908333 0.30625 0.911111 0.31875 0.911111 0.320312 0.913889 0.335938 0.913889 0.3375 0.916667 0.35625 0.916667 0.357812 0.919444 0.367188 0.919444 0.36875 0.922222 0.375 0.922222 0.376563 0.925 0.38125 0.925 0.382812 0.927778 0.3875 0.927778 0.389062 0.930556 0.392188 0.930556 0.39375 0.933333 0.396875 0.933333 0.398438 0.936111 0.409375 0.936111 0.410937 0.938889 0.417188 0.938889 0.41875 0.941667 0.425 0.941667 0.426562 0.944444 0.428125 0.944444 0.429688 0.941667 0.434375 0.941667 0.435937 0.938889 0.442187 0.938889 0.44375 0.936111 0.451562 0.936111 0.453125 0.933333 0.460938 0.933333 0.4625 0.930556 0.485938 0.930556 0.4875 0.933333 0.501562 0.933333 0.503125 0.936111 0.515625 0.936111 0.517187 0.938889 0.523438 0.938889 0.525 0.941667 0.5375 0.941667 0.539062 0.944444 0.554688 0.944444 0.55625 0.947222 0.56875 0.947222 0.570312 0.95 0.585938 0.95 0.5875 0.952778 0.598437 0.952778 0.6 0.955556 0.615625 0.955556 0.617188 0.958333 0.626562 0.958333 0.628125 0.961111 0.640625 0.961111 0.642187 0.963889 0.665625 0.963889 0.667188 0.966667 0.673437 0.966667 0.675 0.969444 0.678125 0.969444 0.679688 0.972222 0.679688 0.980556 0.845312 0.980556 0.845312 0.969444 0.846875 0.966667 0.848437 0.966667 0.85 0.963889 0.851562 0.963889 0.853125 0.961111 0.85625 0.961111 0.857813 0.958333 0.859375 0.958333 0.860937 0.955556 0.8625 0.955556 0.864062 0.952778 0.865625 0.952778 0.86875 0.947222 0.870313 0.947222 0.871875 0.944444 0.873438 0.944444 0.876562 0.938889 0.878125 0.938889 0.882812 0.930556 0.884375 0.930556 0.8875 0.925 0.8875 0.922222 0.890625 0.916667 0.890625 0.908333 0.892187 0.905556 0.892187 0.838889 0.89375 0.836111 0.89375 0.791667 0.895312 0.788889 0.895312 0.777778 0.896875 0.775 0.896875 0.761111 0.898438 0.758333 0.898438 0.75 0.9 0.747222 0.9 0.722222 0.901563 0.719444 0.901563 0.702778 0.903125 0.7 0.903125 0.691667 0.901563 0.688889 0.901563 0.666667 0.9 0.663889 0.9 0.65 0.901563 0.647222 0.901563 0.55 0.903125 0.547222 0.903125 0.511111 0.904688 0.508333 0.904688 0.469444 0.90625 0.466667 0.90625 0.441667 0.907812 0.438889 0.907812 0.377778 0.909375 0.375 0.909375 0.338889 0.910937 0.336111 0.910937 0.308333 0.9125 0.305556 0.9125 0.286111 0.914062 0.283333 0.914062 0.266667 0.915625 0.263889 0.915625 0.247222 0.917188 0.244444 0.917188 0.230556 0.915625 0.227778 0.915625 0.225 0.917188 0.222222 0.917188 0.152778 0.91875 0.15 0.91875 0.133333 0.920313 0.130556 0.920313 0.125 0.921875 0.122222 0.926562 0.122222 0.926562 0.102778 0.921875 0.102778 0.917188 0.0944444 0.917188 0.0916667 0.915625 0.0888889 0.914062 0.0888889 0.9125 0.0861111 0.910937 0.0861111 0.909375 0.0833333 0.90625 0.0833333 0.904688 0.0805556 0.892187 0.0805556 0.890625 0.0777778 0.878125 0.0777778 0.876562 0.075 0.857813 0.075 0.85625 0.0722222 0.842188 0.0722222 0.840625 0.0694444 0.815625 0.0694444 0.814062 0.0666667 0.8125 0.0694444 0.807813 0.0694444 0.80625 0.0666667 0.779688 0.0666667 0.778125 0.0638889 0.75625 0.0638889 0.754687 0.0611111 0.74375 0.0611111 0.742188 0.0583333 0.729688 0.0583333 0.728125 0.0555556 0.725 0.0555556 0.723437 0.0583333 0.65625 0.0583333 0.654688 0.0555556 0.628125 0.0555556 0.626562 0.0527778 0.579687 0.0527778 0.578125 0.05 0.515625 0.05 0.514063 0.0472222 0.467187 0.0472222 0.465625 0.0444444 0.454688 0.0444444 0.453125 0.0416667 0.43125 0.0416667 0.429688 0.0388889 0.404687 0.0388889 0.403125 0.0361111 0.403125 0.0277778 0.314624
2 0.501562 0.383333 0.501562 0.394444 0.5 0.397222 0.498437 0.397222 0.496875 0.4 0.495313 0.4 0.49375 0.402778 0.4875 0.402778 0.485938 0.405556 0.478125 0.405556 0.476562 0.408333 0.475 0.408333 0.471875 0.413889 0.465625 0.413889 0.465625 0.480556 0.470313 0.480556 0.473437 0.486111 0.475 0.486111 0.476562 0.488889 0.48125 0.488889 0.482812 0.486111 0.484375 0.486111 0.4875 0.480556 0.489062 0.480556 0.492188 0.475 0.49375 0.475 0.495313 0.472222 0.501562 0.472222 0.503125 0.475 0.510938 0.475 0.5125 0.477778 0.521875 0.477778 0.526563 0.486111 0.526563 0.488889 0.528125 0.491667 0.528125 0.502778 0.54375 0.502778 0.54375 0.491667 0.545313 0.488889 0.545313 0.486111 0.551562 0.475 0.567187 0.475 0.570312 0.480556 0.570312 0.483333 0.573438 0.488889 0.575 0.488889 0.576563 0.491667 0.578125 0.491667 0.584375 0.480556 0.584375 0.469444 0.585938 0.466667 0.585938 0.422222 0.584375 0.419444 0.584375 0.416667 0.579687 0.408333 0.579687 0.405556 0.578125 0.402778 0.578125 0.4 0.575 0.394444 0.575 0.383333 0.724861
62 0.164062 0.0277778 0.164062 0.0361111 0.1625 0.0388889 0.1625 0.0416667 0.160938 0.0444444 0.160938 0.0527778 0.159375 0.0555556 0.159375 0.102778 0.157813 0.105556 0.157813 0.147222 0.15625 0.15 0.15625 0.227778 0.154687 0.230556 0.154687 0.305556 0.153125 0.308333 0.153125 0.336111 0.151562 0.338889 0.151562 0.363889 0.15 0.366667 0.15 0.388889 0.148438 0.391667 0.148438 0.394444 0.15 0.397222 0.15 0.458333 0.148438 0.461111 0.15 0.463889 0.15 0.475 0.148438 0.477778 0.148438 0.538889 0.146875 0.541667 0.146875 0.575 0.145313 0.577778 0.140625 0.577778 0.140625 0.825 0.145313 0.825 0.148438 0.830556 0.148438 0.833333 0.15 0.836111 0.151562 0.836111 0.153125 0.838889 0.153125 0.841667 0.159375 0.852778 0.160938 0.852778 0.1625 0.855556 0.164062 0.855556 0.16875 0.863889 0.170312 0.863889 0.171875 0.866667 0.173438 0.866667 0.175 0.869444 0.176563 0.869444 0.184375 0.883333 0.189063 0.883333 0.190625 0.886111 0.19375 0.886111 0.195312 0.888889 0.2 0.888889 0.201562 0.891667 0.20625 0.891667 0.207813 0.894444 0.214062 0.894444 0.215625 0.897222 0.229687 0.897222 0.23125 0.9 0.245312 0.9 0.246875 0.902778 0.264062 0.902778 0.265625 0.905556 0.28125 0.905556 0.282813 0.908333 0.304688 0.908333 0.30625 0.911111 0.31875 0.911111 0.320312 0.913889 0.335938 0.913889 0.3375 0.916667 0.35625 0.916667 0.357812 0.919444 0.367188 0.919444 0.36875 0.922222 0.375 0.922222 0.376563 0.925 0.38125 0.925 0.382812 0.927778 0.3875 0.927778 0.389062 0.930556 0.392188 0.930556 0.39375 0.933333 0.396875 0.933333 0.398438 0.936111 0.409375 0.936111 0.410937 0.938889 0.417188 0.938889 0.41875 0.941667 0.425 0.941667 0.426562 0.944444 0.428125 0.944444 0.429688 0.941667 0.434375 0.941667 0.435937 0.938889 0.442187 0.938889 0.44375 0.936111 0.451562 0.936111 0.453125 0.933333 0.460938 0.933333 0.4625 0.930556 0.485938 0.930556 0.4875 0.933333 0.501562 0.933333 0.503125 0.936111 0.515625 0.936111 0.517187 0.938889 0.523438 0.938889 0.525 0.941667 0.5375 0.941667 0.539062 0.944444 0.554688 0.944444 0.55625 0.947222 0.56875 0.947222 0.570312 0.95 0.585938 0.95 0.5875 0.952778 0.598437 0.952778 0.6 0.955556 0.615625 0.955556 0.617188 0.958333 0.626562 0.958333 0.628125 0.961111 0.640625 0.961111 0.642187 0.963889 0.665625 0.963889 0.667188 0.966667 0.673437 0.966667 0.675 0.969444 0.678125 0.969444 0.679688 0.972222 0.679688 0.980556 0.845312 0.980556 0.845312 0.969444 0.846875 0.966667 0.848437 0.966667 0.85 0.963889 0.851562 0.963889 0.853125 0.961111 0.85625 0.961111 0.857813 0.958333 0.859375 0.958333 0.860937 0.955556 0.8625 0.955556 0.864062 0.952778 0.865625 0.952778 0.86875 0.947222 0.870313 0.947222 0.871875 0.944444 0.873438 0.944444 0.876562 0.938889 0.878125 0.938889 0.882812 0.930556 0.884375 0.930556 0.8875 0.925 0.8875 0.922222 0.890625 0.916667 0.890625 0.908333 0.892187 0.905556 0.892187 0.838889 0.89375 0.836111 0.89375 0.791667 0.895312 0.788889 0.895312 0.777778 0.896875 0.775 0.896875 0.761111 0.898438 0.758333 0.898438 0.75 0.9 0.747222 0.9 0.722222 0.901563 0.719444 0.901563 0.702778 0.903125 0.7 0.903125 0.691667 0.901563 0.688889 0.901563 0.666667 0.9 0.663889 0.9 0.65 0.901563 0.647222 0.901563 0.55 0.903125 0.547222 0.903125 0.511111 0.904688 0.508333 0.904688 0.469444 0.90625 0.466667 0.90625 0.441667 0.907812 0.438889 0.907812 0.377778 0.909375 0.375 0.909375 0.338889 0.910937 0.336111 0.910937 0.308333 0.9125 0.305556 0.9125 0.286111 0.914062 0.283333 0.914062 0.266667 0.915625 0.263889 0.915625 0.247222 0.917188 0.244444 0.917188 0.230556 0.915625 0.227778 0.915625 0.225 0.917188 0.222222 0.917188 0.152778 0.91875 0.15 0.91875 0.133333 0.920313 0.130556 0.920313 0.125 0.921875 0.122222 0.926562 0.122222 0.926562 0.102778 0.921875 0.102778 0.917188 0.0944444 0.917188 0.0916667 0.915625 0.0888889 0.914062 0.0888889 0.9125 0.0861111 0.910937 0.0861111 0.909375 0.0833333 0.90625 0.0833333 0.904688 0.0805556 0.892187 0.0805556 0.890625 0.0777778 0.878125 0.0777778 0.876562 0.075 0.857813 0.075 0.85625 0.0722222 0.842188 0.0722222 0.840625 0.0694444 0.815625 0.0694444 0.814062 0.0666667 0.8125 0.0694444 0.807813 0.0694444 0.80625 0.0666667 0.779688 0.0666667 0.778125 0.0638889 0.75625 0.0638889 0.754687 0.0611111 0.74375 0.0611111 0.742188 0.0583333 0.729688 0.0583333 0.728125 0.0555556 0.725 0.0555556 0.723437 0.0583333 0.65625 0.0583333 0.654688 0.0555556 0.628125 0.0555556 0.626562 0.0527778 0.579687 0.0527778 0.578125 0.05 0.515625 0.05 0.514063 0.0472222 0.467187 0.0472222 0.465625 0.0444444 0.454688 0.0444444 0.453125 0.0416667 0.43125 0.0416667 0.429688 0.0388889 0.404687 0.0388889 0.403125 0.0361111 0.403125 0.0277778 0.336932
67 0.164062 0.0277778 0.164062 0.0361111 0.1625 0.0388889 0.1625 0.0416667 0.160938 0.0444444 0.160938 0.0527778 0.159375 0.0555556 0.159375 0.102778 0.157813 0.105556 0.157813 0.147222 0.15625 0.15 0.15625 0.227778 0.154687 0.230556 0.154687 0.305556 0.153125 0.308333 0.153125 0.336111 0.151562 0.338889 0.151562 0.363889 0.15 0.366667 0.15 0.388889 0.148438 0.391667 0.148438 0.394444 0.15 0.397222 0.15 0.458333 0.148438 0.461111 0.15 0.463889 0.15 0.475 0.148438 0.477778 0.148438 0.538889 0.146875 0.541667 0.146875 0.575 0.145313 0.577778 0.140625 0.577778 0.140625 0.825 0.145313 0.825 0.148438 0.830556 0.148438 0.833333 0.15 0.836111 0.151562 0.836111 0.153125 0.838889 0.153125 0.841667 0.159375 0.852778 0.160938 0.852778 0.1625 0.855556 0.164062 0.855556 0.16875 0.863889 0.170312 0.863889 0.171875 0.866667 0.173438 0.866667 0.175 0.869444 0.176563 0.869444 0.184375 0.883333 0.189063 0.883333 0.190625 0.886111 0.19375 0.886111 0.195312 0.888889 0.2 0.888889 0.201562 0.891667 0.20625 0.891667 0.207813 0.894444 0.214062 0.894444 0.215625 0.897222 0.229687 0.897222 0.23125 0.9 0.245312 0.9 0.246875 0.902778 0.264062 0.902778 0.265625 0.905556 0.28125 0.905556 0.282813 0.908333 0.304688 0.908333 0.30625 0.911111 0.31875 0.911111 0.320312 0.913889 0.335938 0.913889 0.3375 0.916667 0.35625 0.916667 0.357812 0.919444 0.367188 0.919444 0.36875 0.922222 0.375 0.922222 0.376563 0.925 0.38125 0.925 0.382812 0.927778 0.3875 0.927778 0.389062 0.930556 0.392188 0.930556 0.39375 0.933333 0.396875 0.933333 0.398438 0.936111 0.409375 0.936111 0.410937 0.938889 0.417188 0.938889 0.41875 0.941667 0.425 0.941667 0.426562 0.944444 0.428125 0.944444 0.429688 0.941667 0.434375 0.941667 0.435937 0.938889 0.442187 0.938889 0.44375 0.936111 0.451562 0.936111 0.453125 0.933333 0.460938 0.933333 0.4625 0.930556 0.485938 0.930556 0.4875 0.933333 0.501562 0.933333 0.503125 0.936111 0.515625 0.936111 0.517187 0.938889 0.523438 0.938889 0.525 0.941667 0.5375 0.941667 0.539062 0.944444 0.554688 0.944444 0.55625 0.947222 0.56875 0.947222 0.570312 0.95 0.585938 0.95 0.5875 0.952778 0.598437 0.952778 0.6 0.955556 0.615625 0.955556 0.617188 0.958333 0.626562 0.958333 0.628125 0.961111 0.640625 0.961111 0.642187 0.963889 0.665625 0.963889 0.667188 0.966667 0.673437 0.966667 0.675 0.969444 0.678125 0.969444 0.679688 0.972222 0.679688 0.980556 0.845312 0.980556 0.845312 0.969444 0.846875 0.966667 0.848437 0.966667 0.85 0.963889 0.851562 0.963889 0.853125 0.961111 0.85625 0.961111 0.857813 0.958333 0.859375 0.958333 0.860937 0.955556 0.8625 0.955556 0.864062 0.952778 0.865625 0.952778 0.86875 0.947222 0.870313 0.947222 0.871875 0.944444 0.873438 0.944444 0.876562 0.938889 0.878125 0.938889 0.882812 0.930556 0.884375 0.930556 0.8875 0.925 0.8875 0.922222 0.890625 0.916667 0.890625 0.908333 0.892187 0.905556 0.892187 0.838889 0.89375 0.836111 0.89375 0.791667 0.895312 0.788889 0.895312 0.777778 0.896875 0.775 0.896875 0.761111 0.898438 0.758333 0.898438 0.75 0.9 0.747222 0.9 0.722222 0.901563 0.719444 0.901563 0.702778 0.903125 0.7 0.903125 0.691667 0.901563 0.688889 0.901563 0.666667 0.9 0.663889 0.9 0.65 0.901563 0.647222 0.901563 0.55 0.903125 0.547222 0.903125 0.511111 0.904688 0.508333 0.904688 0.469444 0.90625 0.466667 0.90625 0.441667 0.907812 0.438889 0.907812 0.377778 0.909375 0.375 0.909375 0.338889 0.910937 0.336111 0.910937 0.308333 0.9125 0.305556 0.9125 0.286111 0.914062 0.283333 0.914062 0.266667 0.915625 0.263889 0.915625 0.247222 0.917188 0.244444 0.917188 0.230556 0.915625 0.227778 0.915625 0.225 0.917188 0.222222 0.917188 0.152778 0.91875 0.15 0.91875 0.133333 0.920313 0.130556 0.920313 0.125 0.921875 0.122222 0.926562 0.122222 0.926562 0.102778 0.921875 0.102778 0.917188 0.0944444 0.917188 0.0916667 0.915625 0.0888889 0.914062 0.0888889 0.9125 0.0861111 0.910937 0.0861111 0.909375 0.0833333 0.90625 0.0833333 0.904688 0.0805556 0.892187 0.0805556 0.890625 0.0777778 0.878125 0.0777778 0.876562 0.075 0.857813 0.075 0.85625 0.0722222 0.842188 0.0722222 0.840625 0.0694444 0.815625 0.0694444 0.814062 0.0666667 0.8125 0.0694444 0.807813 0.0694444 0.80625 0.0666667 0.779688 0.0666667 0.778125 0.0638889 0.75625 0.0638889 0.754687 0.0611111 0.74375 0.0611111 0.742188 0.0583333 0.729688 0.0583333 0.728125 0.0555556 0.725 0.0555556 0.723437 0.0583333 0.65625 0.0583333 0.654688 0.0555556 0.628125 0.0555556 0.626562 0.0527778 0.579687 0.0527778 0.578125 0.05 0.515625 0.05 0.514063 0.0472222 0.467187 0.0472222 0.465625 0.0444444 0.454688 0.0444444 0.453125 0.0416667 0.43125 0.0416667 0.429688 0.0388889 0.404687 0.0388889 0.403125 0.0361111 0.403125 0.0277778 0.314624
2 0.501562 0.383333 0.501562 0.394444 0.5 0.397222 0.498437 0.397222 0.496875 0.4 0.495313 0.4 0.49375 0.402778 0.4875 0.402778 0.485938 0.405556 0.478125 0.405556 0.476562 0.408333 0.475 0.408333 0.471875 0.413889 0.465625 0.413889 0.465625 0.480556 0.470313 0.480556 0.473437 0.486111 0.475 0.486111 0.476562 0.488889 0.48125 0.488889 0.482812 0.486111 0.484375 0.486111 0.4875 0.480556 0.489062 0.480556 0.492188 0.475 0.49375 0.475 0.495313 0.472222 0.501562 0.472222 0.503125 0.475 0.510938 0.475 0.5125 0.477778 0.521875 0.477778 0.526563 0.486111 0.526563 0.488889 0.528125 0.491667 0.528125 0.502778 0.54375 0.502778 0.54375 0.491667 0.545313 0.488889 0.545313 0.486111 0.551562 0.475 0.567187 0.475 0.570312 0.480556 0.570312 0.483333 0.573438 0.488889 0.575 0.488889 0.576563 0.491667 0.578125 0.491667 0.584375 0.480556 0.584375 0.469444 0.585938 0.466667 0.585938 0.422222 0.584375 0.419444 0.584375 0.416667 0.579687 0.408333 0.579687 0.405556 0.578125 0.402778 0.578125 0.4 0.575 0.394444 0.575 0.383333 0.724861
62 0.164062 0.0277778 0.164062 0.0361111 0.1625 0.0388889 0.1625 0.0416667 0.160938 0.0444444 0.160938 0.0527778 0.159375 0.0555556 0.159375 0.102778 0.157813 0.105556 0.157813 0.147222 0.15625 0.15 0.15625 0.227778 0.154687 0.230556 0.154687 0.305556 0.153125 0.308333 0.153125 0.336111 0.151562 0.338889 0.151562 0.363889 0.15 0.366667 0.15 0.388889 0.148438 0.391667 0.148438 0.394444 0.15 0.397222 0.15 0.458333 0.148438 0.461111 0.15 0.463889 0.15 0.475 0.148438 0.477778 0.148438 0.538889 0.146875 0.541667 0.146875 0.575 0.145313 0.577778 0.140625 0.577778 0.140625 0.825 0.145313 0.825 0.148438 0.830556 0.148438 0.833333 0.15 0.836111 0.151562 0.836111 0.153125 0.838889 0.153125 0.841667 0.159375 0.852778 0.160938 0.852778 0.1625 0.855556 0.164062 0.855556 0.16875 0.863889 0.170312 0.863889 0.171875 0.866667 0.173438 0.866667 0.175 0.869444 0.176563 0.869444 0.184375 0.883333 0.189063 0.883333 0.190625 0.886111 0.19375 0.886111 0.195312 0.888889 0.2 0.888889 0.201562 0.891667 0.20625 0.891667 0.207813 0.894444 0.214062 0.894444 0.215625 0.897222 0.229687 0.897222 0.23125 0.9 0.245312 0.9 0.246875 0.902778 0.264062 0.902778 0.265625 0.905556 0.28125 0.905556 0.282813 0.908333 0.304688 0.908333 0.30625 0.911111 0.31875 0.911111 0.320312 0.913889 0.335938 0.913889 0.3375 0.916667 0.35625 0.916667 0.357812 0.919444 0.367188 0.919444 0.36875 0.922222 0.375 0.922222 0.376563 0.925 0.38125 0.925 0.382812 0.927778 0.3875 0.927778 0.389062 0.930556 0.392188 0.930556 0.39375 0.933333 0.396875 0.933333 0.398438 0.936111 0.409375 0.936111 0.410937 0.938889 0.417188 0.938889 0.41875 0.941667 0.425 0.941667 0.426562 0.944444 0.428125 0.944444 0.429688 0.941667 0.434375 0.941667 0.435937 0.938889 0.442187 0.938889 0.44375 0.936111 0.451562 0.936111 0.453125 0.933333 0.460938 0.933333 0.4625 0.930556 0.485938 0.930556 0.4875 0.933333 0.501562 0.933333 0.503125 0.936111 0.515625 0.936111 0.517187 0.938889 0.523438 0.938889 0.525 0.941667 0.5375 0.941667 0.539062 0.944444 0.554688 0.944444 0.55625 0.947222 0.56875 0.947222 0.570312 0.95 0.585938 0.95 0.5875 0.952778 0.598437 0.952778 0.6 0.955556 0.615625 0.955556 0.617188 0.958333 0.626562 0.958333 0.628125 0.961111 0.640625 0.961111 0.642187 0.963889 0.665625 0.963889 0.667188 0.966667 0.673437 0.966667 0.675 0.969444 0.678125 0.969444 0.679688 0.972222 0.679688 0.980556 0.845312 0.980556 0.845312 0.969444 0.846875 0.966667 0.848437 0.966667 0.85 0.963889 0.851562 0.963889 0.853125 0.961111 0.85625 0.961111 0.857813 0.958333 0.859375 0.958333 0.860937 0.955556 0.8625 0.955556 0.864062 0.952778 0.865625 0.952778 0.86875 0.947222 0.870313 0.947222 0.871875 0.944444 0.873438 0.944444 0.876562 0.938889 0.878125 0.938889 0.882812 0.930556 0.884375 0.930556 0.8875 0.925 0.8875 0.922222 0.890625 0.916667 0.890625 0.908333 0.892187 0.905556 0.892187 0.838889 0.89375 0.836111 0.89375 0.791667 0.895312 0.788889 0.895312 0.777778 0.896875 0.775 0.896875 0.761111 0.898438 0.758333 0.898438 0.75 0.9 0.747222 0.9 0.722222 0.901563 0.719444 0.901563 0.702778 0.903125 0.7 0.903125 0.691667 0.901563 0.688889 0.901563 0.666667 0.9 0.663889 0.9 0.65 0.901563 0.647222 0.901563 0.55 0.903125 0.547222 0.903125 0.511111 0.904688 0.508333 0.904688 0.469444 0.90625 0.466667 0.90625 0.441667 0.907812 0.438889 0.907812 0.377778 0.909375 0.375 0.909375 0.338889 0.910937 0.336111 0.910937 0.308333 0.9125 0.305556 0.9125 0.286111 0.914062 0.283333 0.914062 0.266667 0.915625 0.263889 0.915625 0.247222 0.917188 0.244444 0.917188 0.230556 0.915625 0.227778 0.915625 0.225 0.917188 0.222222 0.917188 0.152778 0.91875 0.15 0.91875 0.133333 0.920313 0.130556 0.920313 0.125 0.921875 0.122222 0.926562 0.122222 0.926562 0.102778 0.921875 0.102778 0.917188 0.0944444 0.917188 0.0916667 0.915625 0.0888889 0.914062 0.0888889 0.9125 0.0861111 0.910937 0.0861111 0.909375 0.0833333 0.90625 0.0833333 0.904688 0.0805556 0.892187 0.0805556 0.890625 0.0777778 0.878125 0.0777778 0.876562 0.075 0.857813 0.075 0.85625 0.0722222 0.842188 0.0722222 0.840625 0.0694444 0.815625 0.0694444 0.814062 0.0666667 0.8125 0.0694444 0.807813 0.0694444 0.80625 0.0666667 0.779688 0.0666667 0.778125 0.0638889 0.75625 0.0638889 0.754687 0.0611111 0.74375 0.0611111 0.742188 0.0583333 0.729688 0.0583333 0.728125 0.0555556 0.725 0.0555556 0.723437 0.0583333 0.65625 0.0583333 0.654688 0.0555556 0.628125 0.0555556 0.626562 0.0527778 0.579687 0.0527778 0.578125 0.05 0.515625 0.05 0.514063 0.0472222 0.467187 0.0472222 0.465625 0.0444444 0.454688 0.0444444 0.453125 0.0416667 0.43125 0.0416667 0.429688 0.0388889 0.404687 0.0388889 0.403125 0.0361111 0.403125 0.0277778 0.336932
67 0.164062 0.0277778 0.164062 0.0361111 0.1625 0.0388889 0.1625 0.0416667 0.160938 0.0444444 0.160938 0.0527778 0.159375 0.0555556 0.159375 0.102778 0.157813 0.105556 0.157813 0.147222 0.15625 0.15 0.15625 0.227778 0.154687 0.230556 0.154687 0.305556 0.153125 0.308333 0.153125 0.336111 0.151562 0.338889 0.151562 0.363889 0.15 0.366667 0.15 0.388889 0.148438 0.391667 0.148438 0.394444 0.15 0.397222 0.15 0.458333 0.148438 0.461111 0.15 0.463889 0.15 0.475 0.148438 0.477778 0.148438 0.538889 0.146875 0.541667 0.146875 0.575 0.145313 0.577778 0.140625 0.577778 0.140625 0.825 0.145313 0.825 0.148438 0.830556 0.148438 0.833333 0.15 0.836111 0.151562 0.836111 0.153125 0.838889 0.153125 0.841667 0.159375 0.852778 0.160938 0.852778 0.1625 0.855556 0.164062 0.855556 0.16875 0.863889 0.170312 0.863889 0.171875 0.866667 0.173438 0.866667 0.175 0.869444 0.176563 0.869444 0.184375 0.883333 0.189063 0.883333 0.190625 0.886111 0.19375 0.886111 0.195312 0.888889 0.2 0.888889 0.201562 0.891667 0.20625 0.891667 0.207813 0.894444 0.214062 0.894444 0.215625 0.897222 0.229687 0.897222 0.23125 0.9 0.245312 0.9 0.246875 0.902778 0.264062 0.902778 0.265625 0.905556 0.28125 0.905556 0.282813 0.908333 0.304688 0.908333 0.30625 0.911111 0.31875 0.911111 0.320312 0.913889 0.335938 0.913889 0.3375 0.916667 0.35625 0.916667 0.357812 0.919444 0.367188 0.919444 0.36875 0.922222 0.375 0.922222 0.376563 0.925 0.38125 0.925 0.382812 0.927778 0.3875 0.927778 0.389062 0.930556 0.392188 0.930556 0.39375 0.933333 0.396875 0.933333 0.398438 0.936111 0.409375 0.936111 0.410937 0.938889 0.417188 0.938889 0.41875 0.941667 0.425 0.941667 0.426562 0.944444 0.428125 0.944444 0.429688 0.941667 0.434375 0.941667 0.435937 0.938889 0.442187 0.938889 0.44375 0.936111 0.451562 0.936111 0.453125 0.933333 0.460938 0.933333 0.4625 0.930556 0.485938 0.930556 0.4875 0.933333 0.501562 0.933333 0.503125 0.936111 0.515625 0.936111 0.517187 0.938889 0.523438 0.938889 0.525 0.941667 0.5375 0.941667 0.539062 0.944444 0.554688 0.944444 0.55625 0.947222 0.56875 0.947222 0.570312 0.95 0.585938 0.95 0.5875 0.952778 0.598437 0.952778 0.6 0.955556 0.615625 0.955556 0.617188 0.958333 0.626562 0.958333 0.628125 0.961111 0.640625 0.961111 0.642187 0.963889 0.665625 0.963889 0.667188 0.966667 0.673437 0.966667 0.675 0.969444 0.678125 0.969444 0.679688 0.972222 0.679688 0.980556 0.845312 0.980556 0.845312 0.969444 0.846875 0.966667 0.848437 0.966667 0.85 0.963889 0.851562 0.963889 0.853125 0.961111 0.85625 0.961111 0.857813 0.958333 0.859375 0.958333 0.860937 0.955556 0.8625 0.955556 0.864062 0.952778 0.865625 0.952778 0.86875 0.947222 0.870313 0.947222 0.871875 0.944444 0.873438 0.944444 0.876562 0.938889 0.878125 0.938889 0.882812 0.930556 0.884375 0.930556 0.8875 0.925 0.8875 0.922222 0.890625 0.916667 0.890625 0.908333 0.892187 0.905556 0.892187 0.838889 0.89375 0.836111 0.89375 0.791667 0.895312 0.788889 0.895312 0.777778 0.896875 0.775 0.896875 0.761111 0.898438 0.758333 0.898438 0.75 0.9 0.747222 0.9 0.722222 0.901563 0.719444 0.901563 0.702778 0.903125 0.7 0.903125 0.691667 0.901563 0.688889 0.901563 0.666667 0.9 0.663889 0.9 0.65 0.901563 0.647222 0.901563 0.55 0.903125 0.547222 0.903125 0.511111 0.904688 0.508333 0.904688 0.469444 0.90625 0.466667 0.90625 0.441667 0.907812 0.438889 0.907812 0.377778 0.909375 0.375 0.909375 0.338889 0.910937 0.336111 0.910937 0.308333 0.9125 0.305556 0.9125 0.286111 0.914062 0.283333 0.914062 0.266667 0.915625 0.263889 0.915625 0.247222 0.917188 0.244444 0.917188 0.230556 0.915625 0.227778 0.915625 0.225 0.917188 0.222222 0.917188 0.152778 0.91875 0.15 0.91875 0.133333 0.920313 0.130556 0.920313 0.125 0.921875 0.122222 0.926562 0.122222 0.926562 0.102778 0.921875 0.102778 0.917188 0.0944444 0.917188 0.0916667 0.915625 0.0888889 0.914062 0.0888889 0.9125 0.0861111 0.910937 0.0861111 0.909375 0.0833333 0.90625 0.0833333 0.904688 0.0805556 0.892187 0.0805556 0.890625 0.0777778 0.878125 0.0777778 0.876562 0.075 0.857813 0.075 0.85625 0.0722222 0.842188 0.0722222 0.840625 0.0694444 0.815625 0.0694444 0.814062 0.0666667 0.8125 0.0694444 0.807813 0.0694444 0.80625 0.0666667 0.779688 0.0666667 0.778125 0.0638889 0.75625 0.0638889 0.754687 0.0611111 0.74375 0.0611111 0.742188 0.0583333 0.729688 0.0583333 0.728125 0.0555556 0.725 0.0555556 0.723437 0.0583333 0.65625 0.0583333 0.654688 0.0555556 0.628125 0.0555556 0.626562 0.0527778 0.579687 0.0527778 0.578125 0.05 0.515625 0.05 0.514063 0.0472222 0.467187 0.0472222 0.465625 0.0444444 0.454688 0.0444444 0.453125 0.0416667 0.43125 0.0416667 0.429688 0.0388889 0.404687 0.0388889 0.403125 0.0361111 0.403125 0.0277778 0.314624
2 0.501562 0.383333 0.501562 0.394444 0.5 0.397222 0.498437 0.397222 0.496875 0.4 0.495313 0.4 0.49375 0.402778 0.4875 0.402778 0.485938 0.405556 0.478125 0.405556 0.476562 0.408333 0.475 0.408333 0.471875 0.413889 0.465625 0.413889 0.465625 0.480556 0.470313 0.480556 0.473437 0.486111 0.475 0.486111 0.476562 0.488889 0.48125 0.488889 0.482812 0.486111 0.484375 0.486111 0.4875 0.480556 0.489062 0.480556 0.492188 0.475 0.49375 0.475 0.495313 0.472222 0.501562 0.472222 0.503125 0.475 0.510938 0.475 0.5125 0.477778 0.521875 0.477778 0.526563 0.486111 0.526563 0.488889 0.528125 0.491667 0.528125 0.502778 0.54375 0.502778 0.54375 0.491667 0.545313 0.488889 0.545313 0.486111 0.551562 0.475 0.567187 0.475 0.570312 0.480556 0.570312 0.483333 0.573438 0.488889 0.575 0.488889 0.576563 0.491667 0.578125 0.491667 0.584375 0.480556 0.584375 0.469444 0.585938 0.466667 0.585938 0.422222 0.584375 0.419444 0.584375 0.416667 0.579687 0.408333 0.579687 0.405556 0.578125 0.402778 0.578125 0.4 0.575 0.394444 0.575 0.383333 0.724861
62 0.164062 0.0277778 0.164062 0.0361111 0.1625 0.0388889 0.1625 0.0416667 0.160938 0.0444444 0.160938 0.0527778 0.159375 0.0555556 0.159375 0.102778 0.157813 0.105556 0.157813 0.147222 0.15625 0.15 0.15625 0.227778 0.154687 0.230556 0.154687 0.305556 0.153125 0.308333 0.153125 0.336111 0.151562 0.338889 0.151562 0.363889 0.15 0.366667 0.15 0.388889 0.148438 0.391667 0.148438 0.394444 0.15 0.397222 0.15 0.458333 0.148438 0.461111 0.15 0.463889 0.15 0.475 0.148438 0.477778 0.148438 0.538889 0.146875 0.541667 0.146875 0.575 0.145313 0.577778 0.140625 0.577778 0.140625 0.825 0.145313 0.825 0.148438 0.830556 0.148438 0.833333 0.15 0.836111 0.151562 0.836111 0.153125 0.838889 0.153125 0.841667 0.159375 0.852778 0.160938 0.852778 0.1625 0.855556 0.164062 0.855556 0.16875 0.863889 0.170312 0.863889 0.171875 0.866667 0.173438 0.866667 0.175 0.869444 0.176563 0.869444 0.184375 0.883333 0.189063 0.883333 0.190625 0.886111 0.19375 0.886111 0.195312 0.888889 0.2 0.888889 0.201562 0.891667 0.20625 0.891667 0.207813 0.894444 0.214062 0.894444 0.215625 0.897222 0.229687 0.897222 0.23125 0.9 0.245312 0.9 0.246875 0.902778 0.264062 0.902778 0.265625 0.905556 0.28125 0.905556 0.282813 0.908333 0.304688 0.908333 0.30625 0.911111 0.31875 0.911111 0.320312 0.913889 0.335938 0.913889 0.3375 0.916667 0.35625 0.916667 0.357812 0.919444 0.367188 0.919444 0.36875 0.922222 0.375 0.922222 0.376563 0.925 0.38125 0.925 0.382812 0.927778 0.3875 0.927778 0.389062 0.930556 0.392188 0.930556 0.39375 0.933333 0.396875 0.933333 0.398438 0.936111 0.409375 0.936111 0.410937 0.938889 0.417188 0.938889 0.41875 0.941667 0.425 0.941667 0.426562 0.944444 0.428125 0.944444 0.429688 0.941667 0.434375 0.941667 0.435937 0.938889 0.442187 0.938889 0.44375 0.936111 0.451562 0.936111 0.453125 0.933333 0.460938 0.933333 0.4625 0.930556 0.485938 0.930556 0.4875 0.933333 0.501562 0.933333 0.503125 0.936111 0.515625 0.936111 0.517187 0.938889 0.523438 0.938889 0.525 0.941667 0.5375 0.941667 0.539062 0.944444 0.554688 0.944444 0.55625 0.947222 0.56875 0.947222 0.570312 0.95 0.585938 0.95 0.5875 0.952778 0.598437 0.952778 0.6 0.955556 0.615625 0.955556 0.617188 0.958333 0.626562 0.958333 0.628125 0.961111 0.640625 0.961111 0.642187 0.963889 0.665625 0.963889 0.667188 0.966667 0.673437 0.966667 0.675 0.969444 0.678125 0.969444 0.679688 0.972222 0.679688 0.980556 0.845312 0.980556 0.845312 0.969444 0.846875 0.966667 0.848437 0.966667 0.85 0.963889 0.851562 0.963889 0.853125 0.961111 0.85625 0.961111 0.857813 0.958333 0.859375 0.958333 0.860937 0.955556 0.8625 0.955556 0.864062 0.952778 0.865625 0.952778 0.86875 0.947222 0.870313 0.947222 0.871875 0.944444 0.873438 0.944444 0.876562 0.938889 0.878125 0.938889 0.882812 0.930556 0.884375 0.930556 0.8875 0.925 0.8875 0.922222 0.890625 0.916667 0.890625 0.908333 0.892187 0.905556 0.892187 0.838889 0.89375 0.836111 0.89375 0.791667 0.895312 0.788889 0.895312 0.777778 0.896875 0.775 0.896875 0.761111 0.898438 0.758333 0.898438 0.75 0.9 0.747222 0.9 0.722222 0.901563 0.719444 0.901563 0.702778 0.903125 0.7 0.903125 0.691667 0.901563 0.688889 0.901563 0.666667 0.9 0.663889 0.9 0.65 0.901563 0.647222 0.901563 0.55 0.903125 0.547222 0.903125 0.511111 0.904688 0.508333 0.904688 0.469444 0.90625 0.466667 0.90625 0.441667 0.907812 0.438889 0.907812 0.377778 0.909375 0.375 0.909375 0.338889 0.910937 0.336111 0.910937 0.308333 0.9125 0.305556 0.9125 0.286111 0.914062 0.283333 0.914062 0.266667 0.915625 0.263889 0.915625 0.247222 0.917188 0.244444 0.917188 0.230556 0.915625 0.227778 0.915625 0.225 0.917188 0.222222 0.917188 0.152778 0.91875 0.15 0.91875 0.133333 0.920313 0.130556 0.920313 0.125 0.921875 0.122222 0.926562 0.122222 0.926562 0.102778 0.921875 0.102778 0.917188 0.0944444 0.917188 0.0916667 0.915625 0.0888889 0.914062 0.0888889 0.9125 0.0861111 0.910937 0.0861111 0.909375 0.0833333 0.90625 0.0833333 0.904688 0.0805556 0.892187 0.0805556 0.890625 0.0777778 0.878125 0.0777778 0.876562 0.075 0.857813 0.075 0.85625 0.0722222 0.842188 0.0722222 0.840625 0.0694444 0.815625 0.0694444 0.814062 0.0666667 0.8125 0.0694444 0.807813 0.0694444 0.80625 0.0666667 0.779688 0.0666667 0.778125 0.0638889 0.75625 0.0638889 0.754687 0.0611111 0.74375 0.0611111 0.742188 0.0583333 0.729688 0.0583333 0.728125 0.0555556 0.725 0.0555556 0.723437 0.0583333 0.65625 0.0583333 0.654688 0.0555556 0.628125 0.0555556 0.626562 0.0527778 0.579687 0.0527778 0.578125 0.05 0.515625 0.05 0.514063 0.0472222 0.467187 0.0472222 0.465625 0.0444444 0.454688 0.0444444 0.453125 0.0416667 0.43125 0.0416667 0.429688 0.0388889 0.404687 0.0388889 0.403125 0.0361111 0.403125 0.0277778 0.336932
67 0.164062 0.0277778 0.164062 0.0361111 0.1625 0.0388889 0.1625 0.0416667 0.160938 0.0444444 0.160938 0.0527778 0.159375 0.0555556 0.159375 0.102778 0.157813 0.105556 0.157813 0.147222 0.15625 0.15 0.15625 0.227778 0.154687 0.230556 0.154687 0.305556 0.153125 0.308333 0.153125 0.336111 0.151562 0.338889 0.151562 0.363889 0.15 0.366667 0.15 0.388889 0.148438 0.391667 0.148438 0.394444 0.15 0.397222 0.15 0.458333 0.148438 0.461111 0.15 0.463889 0.15 0.475 0.148438 0.477778 0.148438 0.538889 0.146875 0.541667 0.146875 0.575 0.145313 0.577778 0.140625 0.577778 0.140625 0.825 0.145313 0.825 0.148438 0.830556 0.148438 0.833333 0.15 0.836111 0.151562 0.836111 0.153125 0.838889 0.153125 0.841667 0.159375 0.852778 0.160938 0.852778 0.1625 0.855556 0.164062 0.855556 0.16875 0.863889 0.170312 0.863889 0.171875 0.866667 0.173438 0.866667 0.175 0.869444 0.176563 0.869444 0.184375 0.883333 0.189063 0.883333 0.190625 0.886111 0.19375 0.886111 0.195312 0.888889 0.2 0.888889 0.201562 0.891667 0.20625 0.891667 0.207813 0.894444 0.214062 0.894444 0.215625 0.897222 0.229687 0.897222 0.23125 0.9 0.245312 0.9 0.246875 0.902778 0.264062 0.902778 0.265625 0.905556 0.28125 0.905556 0.282813 0.908333 0.304688 0.908333 0.30625 0.911111 0.31875 0.911111 0.320312 0.913889 0.335938 0.913889 0.3375 0.916667 0.35625 0.916667 0.357812 0.919444 0.367188 0.919444 0.36875 0.922222 0.375 0.922222 0.376563 0.925 0.38125 0.925 0.382812 0.927778 0.3875 0.927778 0.389062 0.930556 0.392188 0.930556 0.39375 0.933333 0.396875 0.933333 0.398438 0.936111 0.409375 0.936111 0.410937 0.938889 0.417188 0.938889 0.41875 0.941667 0.425 0.941667 0.426562 0.944444 0.428125 0.944444 0.429688 0.941667 0.434375 0.941667 0.435937 0.938889 0.442187 0.938889 0.44375 0.936111 0.451562 0.936111 0.453125 0.933333 0.460938 0.933333 0.4625 0.930556 0.485938 0.930556 0.4875 0.933333 0.501562 0.933333 0.503125 0.936111 0.515625 0.936111 0.517187 0.938889 0.523438 0.938889 0.525 0.941667 0.5375 0.941667 0.539062 0.944444 0.554688 0.944444 0.55625 0.947222 0.56875 0.947222 0.570312 0.95 0.585938 0.95 0.5875 0.952778 0.598437 0.952778 0.6 0.955556 0.615625 0.955556 0.617188 0.958333 0.626562 0.958333 0.628125 0.961111 0.640625 0.961111 0.642187 0.963889 0.665625 0.963889 0.667188 0.966667 0.673437 0.966667 0.675 0.969444 0.678125 0.969444 0.679688 0.972222 0.679688 0.980556 0.845312 0.980556 0.845312 0.969444 0.846875 0.966667 0.848437 0.966667 0.85 0.963889 0.851562 0.963889 0.853125 0.961111 0.85625 0.961111 0.857813 0.958333 0.859375 0.958333 0.860937 0.955556 0.8625 0.955556 0.864062 0.952778 0.865625 0.952778 0.86875 0.947222 0.870313 0.947222 0.871875 0.944444 0.873438 0.944444 0.876562 0.938889 0.878125 0.938889 0.882812 0.930556 0.884375 0.930556 0.8875 0.925 0.8875 0.922222 0.890625 0.916667 0.890625 0.908333 0.892187 0.905556 0.892187 0.838889 0.89375 0.836111 0.89375 0.791667 0.895312 0.788889 0.895312 0.777778 0.896875 0.775 0.896875 0.761111 0.898438 0.758333 0.898438 0.75 0.9 0.747222 0.9 0.722222 0.901563 0.719444 0.901563 0.702778 0.903125 0.7 0.903125 0.691667 0.901563 0.688889 0.901563 0.666667 0.9 0.663889 0.9 0.65 0.901563 0.647222 0.901563 0.55 0.903125 0.547222 0.903125 0.511111 0.904688 0.508333 0.904688 0.469444 0.90625 0.466667 0.90625 0.441667 0.907812 0.438889 0.907812 0.377778 0.909375 0.375 0.909375 0.338889 0.910937 0.336111 0.910937 0.308333 0.9125 0.305556 0.9125 0.286111 0.914062 0.283333 0.914062 0.266667 0.915625 0.263889 0.915625 0.247222 0.917188 0.244444 0.917188 0.230556 0.915625 0.227778 0.915625 0.225 0.917188 0.222222 0.917188 0.152778 0.91875 0.15 0.91875 0.133333 0.920313 0.130556 0.920313 0.125 0.921875 0.122222 0.926562 0.122222 0.926562 0.102778 0.921875 0.102778 0.917188 0.0944444 0.917188 0.0916667 0.915625 0.0888889 0.914062 0.0888889 0.9125 0.0861111 0.910937 0.0861111 0.909375 0.0833333 0.90625 0.0833333 0.904688 0.0805556 0.892187 0.0805556 0.890625 0.0777778 0.878125 0.0777778 0.876562 0.075 0.857813 0.075 0.85625 0.0722222 0.842188 0.0722222 0.840625 0.0694444 0.815625 0.0694444 0.814062 0.0666667 0.8125 0.0694444 0.807813 0.0694444 0.80625 0.0666667 0.779688 0.0666667 0.778125 0.0638889 0.75625 0.0638889 0.754687 0.0611111 0.74375 0.0611111 0.742188 0.0583333 0.729688 0.0583333 0.728125 0.0555556 0.725 0.0555556 0.723437 0.0583333 0.65625 0.0583333 0.654688 0.0555556 0.628125 0.0555556 0.626562 0.0527778 0.579687 0.0527778 0.578125 0.05 0.515625 0.05 0.514063 0.0472222 0.467187 0.0472222 0.465625 0.0444444 0.454688 0.0444444 0.453125 0.0416667 0.43125 0.0416667 0.429688 0.0388889 0.404687 0.0388889 0.403125 0.0361111 0.403125 0.0277778 0.314624
2 0.501562 0.383333 0.501562 0.394444 0.5 0.397222 0.498437 0.397222 0.496875 0.4 0.495313 0.4 0.49375 0.402778 0.4875 0.402778 0.485938 0.405556 0.478125 0.405556 0.476562 0.408333 0.475 0.408333 0.471875 0.413889 0.465625 0.413889 0.465625 0.480556 0.470313 0.480556 0.473437 0.486111 0.475 0.486111 0.476562 0.488889 0.48125 0.488889 0.482812 0.486111 0.484375 0.486111 0.4875 0.480556 0.489062 0.480556 0.492188 0.475 0.49375 0.475 0.495313 0.472222 0.501562 0.472222 0.503125 0.475 0.510938 0.475 0.5125 0.477778 0.521875 0.477778 0.526563 0.486111 0.526563 0.488889 0.528125 0.491667 0.528125 0.502778 0.54375 0.502778 0.54375 0.491667 0.545313 0.488889 0.545313 0.486111 0.551562 0.475 0.567187 0.475 0.570312 0.480556 0.570312 0.483333 0.573438 0.488889 0.575 0.488889 0.576563 0.491667 0.578125 0.491667 0.584375 0.480556 0.584375 0.469444 0.585938 0.466667 0.585938 0.422222 0.584375 0.419444 0.584375 0.416667 0.579687 0.408333 0.579687 0.405556 0.578125 0.402778 0.578125 0.4 0.575 0.394444 0.575 0.383333 0.724861
62 0.164062 0.0277778 0.164062 0.0361111 0.1625 0.0388889 0.1625 0.0416667 0.160938 0.0444444 0.160938 0.0527778 0.159375 0.0555556 0.159375 0.102778 0.157813 0.105556 0.157813 0.147222 0.15625 0.15 0.15625 0.227778 0.154687 0.230556 0.154687 0.305556 0.153125 0.308333 0.153125 0.336111 0.151562 0.338889 0.151562 0.363889 0.15 0.366667 0.15 0.388889 0.148438 0.391667 0.148438 0.394444 0.15 0.397222 0.15 0.458333 0.148438 0.461111 0.15 0.463889 0.15 0.475 0.148438 0.477778 0.148438 0.538889 0.146875 0.541667 0.146875 0.575 0.145313 0.577778 0.140625 0.577778 0.140625 0.825 0.145313 0.825 0.148438 0.830556 0.148438 0.833333 0.15 0.836111 0.151562 0.836111 0.153125 0.838889 0.153125 0.841667 0.159375 0.852778 0.160938 0.852778 0.1625 0.855556 0.164062 0.855556 0.16875 0.863889 0.170312 0.863889 0.171875 0.866667 0.173438 0.866667 0.175 0.869444 0.176563 0.869444 0.184375 0.883333 0.189063 0.883333 0.190625 0.886111 0.19375 0.886111 0.195312 0.888889 0.2 0.888889 0.201562 0.891667 0.20625 0.891667 0.207813 0.894444 0.214062 0.894444 0.215625 0.897222 0.229687 0.897222 0.23125 0.9 0.245312 0.9 0.246875 0.902778 0.264062 0.902778 0.265625 0.905556 0.28125 0.905556 0.282813 0.908333 0.304688 0.908333 0.30625 0.911111 0.31875 0.911111 0.320312 0.913889 0.335938 0.913889 0.3375 0.916667 0.35625 0.916667 0.357812 0.919444 0.367188 0.919444 0.36875 0.922222 0.375 0.922222 0.376563 0.925 0.38125 0.925 0.382812 0.927778 0.3875 0.927778 0.389062 0.930556 0.392188 0.930556 0.39375 0.933333 0.396875 0.933333 0.398438 0.936111 0.409375 0.936111 0.410937 0.938889 0.417188 0.938889 0.41875 0.941667 0.425 0.941667 0.426562 0.944444 0.428125 0.944444 0.429688 0.941667 0.434375 0.941667 0.435937 0.938889 0.442187 0.938889 0.44375 0.936111 0.451562 0.936111 0.453125 0.933333 0.460938 0.933333 0.4625 0.930556 0.485938 0.930556 0.4875 0.933333 0.501562 0.933333 0.503125 0.936111 0.515625 0.936111 0.517187 0.938889 0.523438 0.938889 0.525 0.941667 0.5375 0.941667 0.539062 0.944444 0.554688 0.944444 0.55625 0.947222 0.56875 0.947222 0.570312 0.95 0.585938 0.95 0.5875 0.952778 0.598437 0.952778 0.6 0.955556 0.615625 0.955556 0.617188 0.958333 0.626562 0.958333 0.628125 0.961111 0.640625 0.961111 0.642187 0.963889 0.665625 0.963889 0.667188 0.966667 0.673437 0.966667 0.675 0.969444 0.678125 0.969444 0.679688 0.972222 0.679688 0.980556 0.845312 0.980556 0.845312 0.969444 0.846875 0.966667 0.848437 0.966667 0.85 0.963889 0.851562 0.963889 0.853125 0.961111 0.85625 0.961111 0.857813 0.958333 0.859375 0.958333 0.860937 0.955556 0.8625 0.955556 0.864062 0.952778 0.865625 0.952778 0.86875 0.947222 0.870313 0.947222 0.871875 0.944444 0.873438 0.944444 0.876562 0.938889 0.878125 0.938889 0.882812 0.930556 0.884375 0.930556 0.8875 0.925 0.8875 0.922222 0.890625 0.916667 0.890625 0.908333 0.892187 0.905556 0.892187 0.838889 0.89375 0.836111 0.89375 0.791667 0.895312 0.788889 0.895312 0.777778 0.896875 0.775 0.896875 0.761111 0.898438 0.758333 0.898438 0.75 0.9 0.747222 0.9 0.722222 0.901563 0.719444 0.901563 0.702778 0.903125 0.7 0.903125 0.691667 0.901563 0.688889 0.901563 0.666667 0.9 0.663889 0.9 0.65 0.901563 0.647222 0.901563 0.55 0.903125 0.547222 0.903125 0.511111 0.904688 0.508333 0.904688 0.469444 0.90625 0.466667 0.90625 0.441667 0.907812 0.438889 0.907812 0.377778 0.909375 0.375 0.909375 0.338889 0.910937 0.336111 0.910937 0.308333 0.9125 0.305556 0.9125 0.286111 0.914062 0.283333 0.914062 0.266667 0.915625 0.263889 0.915625 0.247222 0.917188 0.244444 0.917188 0.230556 0.915625 0.227778 0.915625 0.225 0.917188 0.222222 0.917188 0.152778 0.91875 0.15 0.91875 0.133333 0.920313 0.130556 0.920313 0.125 0.921875 0.122222 0.926562 0.122222 0.926562 0.102778 0.921875 0.102778 0.917188 0.0944444 0.917188 0.0916667 0.915625 0.0888889 0.914062 0.0888889 0.9125 0.0861111 0.910937 0.0861111 0.909375 0.0833333 0.90625 0.0833333 0.904688 0.0805556 0.892187 0.0805556 0.890625 0.0777778 0.878125 0.0777778 0.876562 0.075 0.857813 0.075 0.85625 0.0722222 0.842188 0.0722222 0.840625 0.0694444 0.815625 0.0694444 0.814062 0.0666667 0.8125 0.0694444 0.807813 0.0694444 0.80625 0.0666667 0.779688 0.0666667 0.778125 0.0638889 0.75625 0.0638889 0.754687 0.0611111 0.74375 0.0611111 0.742188 0.0583333 0.729688 0.0583333 0.728125 0.0555556 0.725 0.0555556 0.723437 0.0583333 0.65625 0.0583333 0.654688 0.0555556 0.628125 0.0555556 0.626562 0.0527778 0.579687 0.0527778 0.578125 0.05 0.515625 0.05 0.514063 0.0472222 0.467187 0.0472222 0.465625 0.0444444 0.454688 0.0444444 0.453125 0.0416667 0.43125 0.0416667 0.429688 0.0388889 0.404687 0.0388889 0.403125 0.0361111 0.403125 0.0277778 0.336932
67 0.164062 0.0277778 0.164062 0.0361111 0.1625 0.0388889 0.1625 0.0416667 0.160938 0.0444444 0.160938 0.0527778 0.159375 0.0555556 0.159375 0.102778 0.157813 0.105556 0.157813 0.147222 0.15625 0.15 0.15625 0.227778 0.154687 0.230556 0.154687 0.305556 0.153125 0.308333 0.153125 0.336111 0.151562 0.338889 0.151562 0.363889 0.15 0.366667 0.15 0.388889 0.148438 0.391667 0.148438 0.394444 0.15 0.397222 0.15 0.458333 0.148438 0.461111 0.15 0.463889 0.15 0.475 0.148438 0.477778 0.148438 0.538889 0.146875 0.541667 0.146875 0.575 0.145313 0.577778 0.140625 0.577778 0.140625 0.825 0.145313 0.825 0.148438 0.830556 0.148438 0.833333 0.15 0.836111 0.151562 0.836111 0.153125 0.838889 0.153125 0.841667 0.159375 0.852778 0.160938 0.852778 0.1625 0.855556 0.164062 0.855556 0.16875 0.863889 0.170312 0.863889 0.171875 0.866667 0.173438 0.866667 0.175 0.869444 0.176563 0.869444 0.184375 0.883333 0.189063 0.883333 0.190625 0.886111 0.19375 0.886111 0.195312 0.888889 0.2 0.888889 0.201562 0.891667 0.20625 0.891667 0.207813 0.894444 0.214062 0.894444 0.215625 0.897222 0.229687 0.897222 0.23125 0.9 0.245312 0.9 0.246875 0.902778 0.264062 0.902778 0.265625 0.905556 0.28125 0.905556 0.282813 0.908333 0.304688 0.908333 0.30625 0.911111 0.31875 0.911111 0.320312 0.913889 0.335938 0.913889 0.3375 0.916667 0.35625 0.916667 0.357812 0.919444 0.367188 0.919444 0.36875 0.922222 0.375 0.922222 0.376563 0.925 0.38125 0.925 0.382812 0.927778 0.3875 0.927778 0.389062 0.930556 0.392188 0.930556 0.39375 0.933333 0.396875 0.933333 0.398438 0.936111 0.409375 0.936111 0.410937 0.938889 0.417188 0.938889 0.41875 0.941667 0.425 0.941667 0.426562 0.944444 0.428125 0.944444 0.429688 0.941667 0.434375 0.941667 0.435937 0.938889 0.442187 0.938889 0.44375 0.936111 0.451562 0.936111 0.453125 0.933333 0.460938 0.933333 0.4625 0.930556 0.485938 0.930556 0.4875 0.933333 0.501562 0.933333 0.503125 0.936111 0.515625 0.936111 0.517187 0.938889 0.523438 0.938889 0.525 0.941667 0.5375 0.941667 0.539062 0.944444 0.554688 0.944444 0.55625 0.947222 0.56875 0.947222 0.570312 0.95 0.585938 0.95 0.5875 0.952778 0.598437 0.952778 0.6 0.955556 0.615625 0.955556 0.617188 0.958333 0.626562 0.958333 0.628125 0.961111 0.640625 0.961111 0.642187 0.963889 0.665625 0.963889 0.667188 0.966667 0.673437 0.966667 0.675 0.969444 0.678125 0.969444 0.679688 0.972222 0.679688 0.980556 0.845312 0.980556 0.845312 0.969444 0.846875 0.966667 0.848437 0.966667 0.85 0.963889 0.851562 0.963889 0.853125 0.961111 0.85625 0.961111 0.857813 0.958333 0.859375 0.958333 0.860937 0.955556 0.8625 0.955556 0.864062 0.952778 0.865625 0.952778 0.86875 0.947222 0.870313 0.947222 0.871875 0.944444 0.873438 0.944444 0.876562 0.938889 0.878125 0.938889 0.882812 0.930556 0.884375 0.930556 0.8875 0.925 0.8875 0.922222 0.890625 0.916667 0.890625 0.908333 0.892187 0.905556 0.892187 0.838889 0.89375 0.836111 0.89375 0.791667 0.895312 0.788889 0.895312 0.777778 0.896875 0.775 0.896875 0.761111 0.898438 0.758333 0.898438 0.75 0.9 0.747222 0.9 0.722222 0.901563 0.719444 0.901563 0.702778 0.903125 0.7 0.903125 0.691667 0.901563 0.688889 0.901563 0.666667 0.9 0.663889 0.9 0.65 0.901563 0.647222 0.901563 0.55 0.903125 0.547222 0.903125 0.511111 0.904688 0.508333 0.904688 0.469444 0.90625 0.466667 0.90625 0.441667 0.907812 0.438889 0.907812 0.377778 0.909375 0.375 0.909375 0.338889 0.910937 0.336111 0.910937 0.308333 0.9125 0.305556 0.9125 0.286111 0.914062 0.283333 0.914062 0.266667 0.915625 0.263889 0.915625 0.247222 0.917188 0.244444 0.917188 0.230556 0.915625 0.227778 0.915625 0.225 0.917188 0.222222 0.917188 0.152778 0.91875 0.15 0.91875 0.133333 0.920313 0.130556 0.920313 0.125 0.921875 0.122222 0.926562 0.122222 0.926562 0.102778 0.921875 0.102778 0.917188 0.0944444 0.917188 0.0916667 0.915625 0.0888889 0.914062 0.0888889 0.9125 0.0861111 0.910937 0.0861111 0.909375 0.0833333 0.90625 0.0833333 0.904688 0.0805556 0.892187 0.0805556 0.890625 0.0777778 0.878125 0.0777778 0.876562 0.075 0.857813 0.075 0.85625 0.0722222 0.842188 0.0722222 0.840625 0.0694444 0.815625 0.0694444 0.814062 0.0666667 0.8125 0.0694444 0.807813 0.0694444 0.80625 0.0666667 0.779688 0.0666667 0.778125 0.0638889 0.75625 0.0638889 0.754687 0.0611111 0.74375 0.0611111 0.742188 0.0583333 0.729688 0.0583333 0.728125 0.0555556 0.725 0.0555556 0.723437 0.0583333 0.65625 0.0583333 0.654688 0.0555556 0.628125 0.0555556 0.626562 0.0527778 0.579687 0.0527778 0.578125 0.05 0.515625 0.05 0.514063 0.0472222 0.467187 0.0472222 0.465625 0.0444444 0.454688 0.0444444 0.453125 0.0416667 0.43125 0.0416667 0.429688 0.0388889 0.404687 0.0388889 0.403125 0.0361111 0.403125 0.0277778 0.314624
2 0.501562 0.383333 0.501562 0.394444 0.5 0.397222 0.498437 0.397222 0.496875 0.4 0.495313 0.4 0.49375 0.402778 0.4875 0.402778 0.485938 0.405556 0.478125 0.405556 0.476562 0.408333 0.475 0.408333 0.471875 0.413889 0.465625 0.413889 0.465625 0.480556 0.470313 0.480556 0.473437 0.486111 0.475 0.486111 0.476562 0.488889 0.48125 0.488889 0.482812 0.486111 0.484375 0.486111 0.4875 0.480556 0.489062 0.480556 0.492188 0.475 0.49375 0.475 0.495313 0.472222 0.501562 0.472222 0.503125 0.475 0.510938 0.475 0.5125 0.477778 0.521875 0.477778 0.526563 0.486111 0.526563 0.488889 0.528125 0.491667 0.528125 0.502778 0.54375 0.502778 0.54375 0.491667 0.545313 0.488889 0.545313 0.486111 0.551562 0.475 0.567187 0.475 0.570312 0.480556 0.570312 0.483333 0.573438 0.488889 0.575 0.488889 0.576563 0.491667 0.578125 0.491667 0.584375 0.480556 0.584375 0.469444 0.585938 0.466667 0.585938 0.422222 0.584375 0.419444 0.584375 0.416667 0.579687 0.408333 0.579687 0.405556 0.578125 0.402778 0.578125 0.4 0.575 0.394444 0.575 0.383333 0.724861
62 0.164062 0.0277778 0.164062 0.0361111 0.1625 0.0388889 0.1625 0.0416667 0.160938 0.0444444 0.160938 0.0527778 0.159375 0.0555556 0.159375 0.102778 0.157813 0.105556 0.157813 0.147222 0.15625 0.15 0.15625 0.227778 0.154687 0.230556 0.154687 0.305556 0.153125 0.308333 0.153125 0.336111 0.151562 0.338889 0.151562 0.363889 0.15 0.366667 0.15 0.388889 0.148438 0.391667 0.148438 0.394444 0.15 0.397222 0.15 0.458333 0.148438 0.461111 0.15 0.463889 0.15 0.475 0.148438 0.477778 0.148438 0.538889 0.146875 0.541667 0.146875 0.575 0.145313 0.577778 0.140625 0.577778 0.140625 0.825 0.145313 0.825 0.148438 0.830556 0.148438 0.833333 0.15 0.836111 0.151562 0.836111 0.153125 0.838889 0.153125 0.841667 0.159375 0.852778 0.160938 0.852778 0.1625 0.855556 0.164062 0.855556 0.16875 0.863889 0.170312 0.863889 0.171875 0.866667 0.173438 0.866667 0.175 0.869444 0.176563 0.869444 0.184375 0.883333 0.189063 0.883333 0.190625 0.886111 0.19375 0.886111 0.195312 0.888889 0.2 0.888889 0.201562 0.891667 0.20625 0.891667 0.207813 0.894444 0.214062 0.894444 0.215625 0.897222 0.229687 0.897222 0.23125 0.9 0.245312 0.9 0.246875 0.902778 0.264062 0.902778 0.265625 0.905556 0.28125 0.905556 0.282813 0.908333 0.304688 0.908333 0.30625 0.911111 0.31875 0.911111 0.320312 0.913889 0.335938 0.913889 0.3375 0.916667 0.35625 0.916667 0.357812 0.919444 0.367188 0.919444 0.36875 0.922222 0.375 0.922222 0.376563 0.925 0.38125 0.925 0.382812 0.927778 0.3875 0.927778 0.389062 0.930556 0.392188 0.930556 0.39375 0.933333 0.396875 0.933333 0.398438 0.936111 0.409375 0.936111 0.410937 0.938889 0.417188 0.938889 0.41875 0.941667 0.425 0.941667 0.426562 0.944444 0.428125 0.944444 0.429688 0.941667 0.434375 0.941667 0.435937 0.938889 0.442187 0.938889 0.44375 0.936111 0.451562 0.936111 0.453125 0.933333 0.460938 0.933333 0.4625 0.930556 0.485938 0.930556 0.4875 0.933333 0.501562 0.933333 0.503125 0.936111 0.515625 0.936111 0.517187 0.938889 0.523438 0.938889 0.525 0.941667 0.5375 0.941667 0.539062 0.944444 0.554688 0.944444 0.55625 0.947222 0.56875 0.947222 0.570312 0.95 0.585938 0.95 0.5875 0.952778 0.598437 0.952778 0.6 0.955556 0.615625 0.955556 0.617188 0.958333 0.626562 0.958333 0.628125 0.961111 0.640625 0.961111 0.642187 0.963889 0.665625 0.963889 0.667188 0.966667 0.673437 0.966667 0.675 0.969444 0.678125 0.969444 0.679688 0.972222 0.679688 0.980556 0.845312 0.980556 0.845312 0.969444 0.846875 0.966667 0.848437 0.966667 0.85 0.963889 0.851562 0.963889 0.853125 0.961111 0.85625 0.961111 0.857813 0.958333 0.859375 0.958333 0.860937 0.955556 0.8625 0.955556 0.864062 0.952778 0.865625 0.952778 0.86875 0.947222 0.870313 0.947222 0.871875 0.944444 0.873438 0.944444 0.876562 0.938889 0.878125 0.938889 0.882812 0.930556 0.884375 0.930556 0.8875 0.925 0.8875 0.922222 0.890625 0.916667 0.890625 0.908333 0.892187 0.905556 0.892187 0.838889 0.89375 0.836111 0.89375 0.791667 0.895312 0.788889 0.895312 0.777778 0.896875 0.775 0.896875 0.761111 0.898438 0.758333 0.898438 0.75 0.9 0.747222 0.9 0.722222 0.901563 0.719444 0.901563 0.702778 0.903125 0.7 0.903125 0.691667 0.901563 0.688889 0.901563 0.666667 0.9 0.663889 0.9 0.65 0.901563 0.647222 0.901563 0.55 0.903125 0.547222 0.903125 0.511111 0.904688 0.508333 0.904688 0.469444 0.90625 0.466667 0.90625 0.441667 0.907812 0.438889 0.907812 0.377778 0.909375 0.375 0.909375 0.338889 0.910937 0.336111 0.910937 0.308333 0.9125 0.305556 0.9125 0.286111 0.914062 0.283333 0.914062 0.266667 0.915625 0.263889 0.915625 0.247222 0.917188 0.244444 0.917188 0.230556 0.915625 0.227778 0.915625 0.225 0.917188 0.222222 0.917188 0.152778 0.91875 0.15 0.91875 0.133333 0.920313 0.130556 0.920313 0.125 0.921875 0.122222 0.926562 0.122222 0.926562 0.102778 0.921875 0.102778 0.917188 0.0944444 0.917188 0.0916667 0.915625 0.0888889 0.914062 0.0888889 0.9125 0.0861111 0.910937 0.0861111 0.909375 0.0833333 0.90625 0.0833333 0.904688 0.0805556 0.892187 0.0805556 0.890625 0.0777778 0.878125 0.0777778 0.876562 0.075 0.857813 0.075 0.85625 0.0722222 0.842188 0.0722222 0.840625 0.0694444 0.815625 0.0694444 0.814062 0.0666667 0.8125 0.0694444 0.807813 0.0694444 0.80625 0.0666667 0.779688 0.0666667 0.778125 0.0638889 0.75625 0.0638889 0.754687 0.0611111 0.74375 0.0611111 0.742188 0.0583333 0.729688 0.0583333 0.728125 0.0555556 0.725 0.0555556 0.723437 0.0583333 0.65625 0.0583333 0.654688 0.0555556 0.628125 0.0555556 0.626562 0.0527778 0.579687 0.0527778 0.578125 0.05 0.515625 0.05 0.514063 0.0472222 0.467187 0.0472222 0.465625 0.0444444 0.454688 0.0444444 0.453125 0.0416667 0.43125 0.0416667 0.429688 0.0388889 0.404687 0.0388889 0.403125 0.0361111 0.403125 0.0277778 0.336932
67 0.164062 0.0277778 0.164062 0.0361111 0.1625 0.0388889 0.1625 0.0416667 0.160938 0.0444444 0.160938 0.0527778 0.159375 0.0555556 0.159375 0.102778 0.157813 0.105556 0.157813 0.147222 0.15625 0.15 0.15625 0.227778 0.154687 0.230556 0.154687 0.305556 0.153125 0.308333 0.153125 0.336111 0.151562 0.338889 0.151562 0.363889 0.15 0.366667 0.15 0.388889 0.148438 0.391667 0.148438 0.394444 0.15 0.397222 0.15 0.458333 0.148438 0.461111 0.15 0.463889 0.15 0.475 0.148438 0.477778 0.148438 0.538889 0.146875 0.541667 0.146875 0.575 0.145313 0.577778 0.140625 0.577778 0.140625 0.825 0.145313 0.825 0.148438 0.830556 0.148438 0.833333 0.15 0.836111 0.151562 0.836111 0.153125 0.838889 0.153125 0.841667 0.159375 0.852778 0.160938 0.852778 0.1625 0.855556 0.164062 0.855556 0.16875 0.863889 0.170312 0.863889 0.171875 0.866667 0.173438 0.866667 0.175 0.869444 0.176563 0.869444 0.184375 0.883333 0.189063 0.883333 0.190625 0.886111 0.19375 0.886111 0.195312 0.888889 0.2 0.888889 0.201562 0.891667 0.20625 0.891667 0.207813 0.894444 0.214062 0.894444 0.215625 0.897222 0.229687 0.897222 0.23125 0.9 0.245312 0.9 0.246875 0.902778 0.264062 0.902778 0.265625 0.905556 0.28125 0.905556 0.282813 0.908333 0.304688 0.908333 0.30625 0.911111 0.31875 0.911111 0.320312 0.913889 0.335938 0.913889 0.3375 0.916667 0.35625 0.916667 0.357812 0.919444 0.367188 0.919444 0.36875 0.922222 0.375 0.922222 0.376563 0.925 0.38125 0.925 0.382812 0.927778 0.3875 0.927778 0.389062 0.930556 0.392188 0.930556 0.39375 0.933333 0.396875 0.933333 0.398438 0.936111 0.409375 0.936111 0.410937 0.938889 0.417188 0.938889 0.41875 0.941667 0.425 0.941667 0.426562 0.944444 0.428125 0.944444 0.429688 0.941667 0.434375 0.941667 0.435937 0.938889 0.442187 0.938889 0.44375 0.936111 0.451562 0.936111 0.453125 0.933333 0.460938 0.933333 0.4625 0.930556 0.485938 0.930556 0.4875 0.933333 0.501562 0.933333 0.503125 0.936111 0.515625 0.936111 0.517187 0.938889 0.523438 0.938889 0.525 0.941667 0.5375 0.941667 0.539062 0.944444 0.554688 0.944444 0.55625 0.947222 0.56875 0.947222 0.570312 0.95 0.585938 0.95 0.5875 0.952778 0.598437 0.952778 0.6 0.955556 0.615625 0.955556 0.617188 0.958333 0.626562 0.958333 0.628125 0.961111 0.640625 0.961111 0.642187 0.963889 0.665625 0.963889 0.667188 0.966667 0.673437 0.966667 0.675 0.969444 0.678125 0.969444 0.679688 0.972222 0.679688 0.980556 0.845312 0.980556 0.845312 0.969444 0.846875 0.966667 0.848437 0.966667 0.85 0.963889 0.851562 0.963889 0.853125 0.961111 0.85625 0.961111 0.857813 0.958333 0.859375 0.958333 0.860937 0.955556 0.8625 0.955556 0.864062 0.952778 0.865625 0.952778 0.86875 0.947222 0.870313 0.947222 0.871875 0.944444 0.873438 0.944444 0.876562 0.938889 0.878125 0.938889 0.882812 0.930556 0.884375 0.930556 0.8875 0.925 0.8875 0.922222 0.890625 0.916667 0.890625 0.908333 0.892187 0.905556 0.892187 0.838889 0.89375 0.836111 0.89375 0.791667 0.895312 0.788889 0.895312 0.777778 0.896875 0.775 0.896875 0.761111 0.898438 0.758333 0.898438 0.75 0.9 0.747222 0.9 0.722222 0.901563 0.719444 0.901563 0.702778 0.903125 0.7 0.903125 0.691667 0.901563 0.688889 0.901563 0.666667 0.9 0.663889 0.9 0.65 0.901563 0.647222 0.901563 0.55 0.903125 0.547222 0.903125 0.511111 0.904688 0.508333 0.904688 0.469444 0.90625 0.466667 0.90625 0.441667 0.907812 0.438889 0.907812 0.377778 0.909375 0.375 0.909375 0.338889 0.910937 0.336111 0.910937 0.308333 0.9125 0.305556 0.9125 0.286111 0.914062 0.283333 0.914062 0.266667 0.915625 0.263889 0.915625 0.247222 0.917188 0.244444 0.917188 0.230556 0.915625 0.227778 0.915625 0.225 0.917188 0.222222 0.917188 0.152778 0.91875 0.15 0.91875 0.133333 0.920313 0.130556 0.920313 0.125 0.921875 0.122222 0.926562 0.122222 0.926562 0.102778 0.921875 0.102778 0.917188 0.0944444 0.917188 0.0916667 0.915625 0.0888889 0.914062 0.0888889 0.9125 0.0861111 0.910937 0.0861111 0.909375 0.0833333 0.90625 0.0833333 0.904688 0.0805556 0.892187 0.0805556 0.890625 0.0777778 0.878125 0.0777778 0.876562 0.075 0.857813 0.075 0.85625 0.0722222 0.842188 0.0722222 0.840625 0.0694444 0.815625 0.0694444 0.814062 0.0666667 0.8125 0.0694444 0.807813 0.0694444 0.80625 0.0666667 0.779688 0.0666667 0.778125 0.0638889 0.75625 0.0638889 0.754687 0.0611111 0.74375 0.0611111 0.742188 0.0583333 0.729688 0.0583333 0.728125 0.0555556 0.725 0.0555556 0.723437 0.0583333 0.65625 0.0583333 0.654688 0.0555556 0.628125 0.0555556 0.626562 0.0527778 0.579687 0.0527778 0.578125 0.05 0.515625 0.05 0.514063 0.0472222 0.467187 0.0472222 0.465625 0.0444444 0.454688 0.0444444 0.453125 0.0416667 0.43125 0.0416667 0.429688 0.0388889 0.404687 0.0388889 0.403125 0.0361111 0.403125 0.0277778 0.314624
