0 0.189063 0.15 0.189063 0.158333 0.178125 0.177778 0.178125 0.180556 0.175 0.186111 0.175 0.188889 0.173438 0.191667 0.173438 0.194444 0.171875 0.197222 0.171875 0.202778 0.170312 0.205556 0.170312 0.213889 0.16875 0.216667 0.16875 0.227778 0.167187 0.230556 0.167187 0.244444 0.165625 0.247222 0.165625 0.313889 0.153125 0.336111 0.153125 0.341667 0.151562 0.344444 0.151562 0.347222 0.15 0.35 0.15 0.352778 0.140625 0.369444 0.139062 0.369444 0.135937 0.375 0.134375 0.375 0.13125 0.380556 0.129688 0.380556 0.126563 0.386111 0.125 0.386111 0.121875 0.391667 0.120312 0.391667 0.114063 0.402778 0.1125 0.402778 0.110937 0.405556 0.109375 0.405556 0.0859375 0.447222 0.0859375 0.45 0.075 0.469444 0.0734375 0.469444 0.0703125 0.475 0.0703125 0.477778 0.0640625 0.488889 0.059375 0.488889 0.059375 0.738889 0.0640625 0.738889 0.0671875 0.744444 0.0671875 0.75 0.06875 0.752778 0.06875 0.755556 0.0703125 0.758333 0.0703125 0.761111 0.071875 0.763889 0.071875 0.772222 0.0734375 0.775 0.0734375 0.797222 0.075 0.8 0.075 0.813889 0.0765625 0.816667 0.0765625 0.819444 0.0796875 0.825 0.0796875 0.827778 0.08125 0.830556 0.08125 0.833333 0.084375 0.838889 0.084375 0.841667 0.0859375 0.844444 0.0859375 0.847222 0.0875 0.85 0.0875 0.852778 0.090625 0.858333 0.090625 0.861111 0.0921875 0.863889 0.0921875 0.872222 0.09375 0.875 0.09375 0.883333 0.0953125 0.886111 0.0953125 0.902778 0.096875 0.905556 0.096875 0.919444 0.0984375 0.922222 0.0984375 0.927778 0.1 0.930556 0.1 0.933333 0.101562 0.936111 0.101562 0.938889 0.10625 0.947222 0.107813 0.947222 0.110937 0.952778 0.1125 0.952778 0.115625 0.958333 0.117188 0.958333 0.123438 0.969444 0.123438 0.972222 0.125 0.975 0.125 0.977778 0.126563 0.980556 0.126563 0.986111 0.128125 0.988889 0.128125 1 0.314063 1 0.314063 0.991667 0.315625 0.988889 0.315625 0.983333 0.317187 0.980556 0.317187 0.972222 0.31875 0.969444 0.31875 0.916667 0.320312 0.913889 0.320312 0.911111 0.321875 0.908333 0.326562 0.908333 0.328125 0.905556 0.329688 0.905556 0.33125 0.902778 0.334375 0.902778 0.342187 0.888889 0.342187 0.886111 0.34375 0.883333 0.34375 0.877778 0.345313 0.875 0.345313 0.861111 0.34375 0.858333 0.34375 0.836111 0.342187 0.833333 0.342187 0.827778 0.340625 0.825 0.340625 0.822222 0.339063 0.819444 0.339063 0.816667 0.3375 0.813889 0.3375 0.808333 0.335938 0.805556 0.335938 0.8 0.334375 0.797222 0.334375 0.794444 0.332812 0.791667 0.332812 0.783333 0.33125 0.780556 0.33125 0.763889 0.329688 0.761111 0.329688 0.752778 0.328125 0.75 0.328125 0.741667 0.326562 0.738889 0.326562 0.733333 0.325 0.730556 0.325 0.719444 0.323438 0.716667 0.323438 0.705556 0.321875 0.702778 0.321875 0.694444 0.320312 0.691667 0.320312 0.686111 0.31875 0.683333 0.31875 0.677778 0.317187 0.675 0.317187 0.672222 0.315625 0.669444 0.315625 0.661111 0.314063 0.658333 0.314063 0.65 0.3125 0.647222 0.3125 0.638889 0.310937 0.636111 0.310937 0.627778 0.309375 0.625 0.309375 0.622222 0.307813 0.619444 0.307813 0.611111 0.30625 0.608333 0.30625 0.602778 0.304688 0.6 0.304688 0.594444 0.303125 0.591667 0.303125 0.586111 0.301562 0.583333 0.301562 0.572222 0.3 0.569444 0.3 0.555556 0.298438 0.552778 0.298438 0.544444 0.296875 0.541667 0.296875 0.533333 0.295312 0.530556 0.295312 0.522222 0.29375 0.519444 0.29375 0.513889 0.292188 0.511111 0.292188 0.505556 0.290625 0.502778 0.290625 0.497222 0.289062 0.494444 0.289062 0.486111 0.2875 0.483333 0.2875 0.477778 0.285937 0.475 0.285937 0.466667 0.284375 0.463889 0.284375 0.458333 0.282813 0.455556 0.282813 0.45 0.28125 0.447222 0.28125 0.444444 0.278125 0.438889 0.278125 0.436111 0.276563 0.433333 0.276563 0.430556 0.267188 0.413889 0.267188 0.411111 0.265625 0.408333 0.265625 0.405556 0.264062 0.402778 0.264062 0.388889 0.265625 0.386111 0.265625 0.380556 0.26875 0.375 0.26875 0.372222 0.275 0.361111 0.275 0.358333 0.276563 0.355556 0.276563 0.341667 0.275 0.338889 0.275 0.305556 0.276563 0.302778 0.276563 0.294444 0.278125 0.291667 0.278125 0.280556 0.279687 0.277778 0.279687 0.241667 0.278125 0.238889 0.278125 0.227778 0.276563 0.225 0.276563 0.219444 0.275 0.216667 0.275 0.213889 0.273438 0.211111 0.273438 0.208333 0.26875 0.2 0.26875 0.197222 0.257812 0.177778 0.25625 0.177778 0.253125 0.172222 0.251563 0.172222 0.248437 0.166667 0.246875 0.166667 0.245312 0.163889 0.24375 0.163889 0.240625 0.158333 0.240625 0.15
2 0.55 0.294444 0.55 0.302778 0.546875 0.308333 0.545313 0.308333 0.54375 0.311111 0.542188 0.311111 0.540625 0.313889 0.539062 0.313889 0.535937 0.319444 0.532812 0.319444 0.53125 0.322222 0.529688 0.322222 0.528125 0.325 0.526563 0.325 0.525 0.327778 0.523438 0.327778 0.521875 0.330556 0.520312 0.330556 0.51875 0.333333 0.517187 0.333333 0.515625 0.336111 0.514063 0.336111 0.507812 0.347222 0.50625 0.347222 0.50625 0.35 0.501562 0.358333 0.501562 0.361111 0.5 0.363889 0.5 0.366667 0.498437 0.369444 0.498437 0.372222 0.495313 0.377778 0.495313 0.380556 0.49375 0.383333 0.49375 0.386111 0.492188 0.388889 0.492188 0.391667 0.490625 0.394444 0.490625 0.397222 0.489062 0.4 0.489062 0.402778 0.4875 0.405556 0.4875 0.408333 0.484375 0.413889 0.484375 0.416667 0.48125 0.422222 0.48125 0.425 0.478125 0.430556 0.478125 0.433333 0.476562 0.436111 0.476562 0.438889 0.475 0.441667 0.475 0.444444 0.470313 0.452778 0.470313 0.455556 0.465625 0.463889 0.465625 0.466667 0.4625 0.472222 0.4625 0.475 0.459375 0.480556 0.459375 0.483333 0.457812 0.486111 0.453125 0.486111 0.453125 0.783333 0.457812 0.783333 0.459375 0.786111 0.459375 0.788889 0.460938 0.791667 0.460938 0.802778 0.4625 0.805556 0.4625 0.816667 0.464063 0.819444 0.464063 0.827778 0.465625 0.830556 0.465625 0.836111 0.467187 0.838889 0.467187 0.841667 0.46875 0.844444 0.46875 0.85 0.470313 0.852778 0.470313 0.855556 0.475 0.863889 0.476562 0.863889 0.48125 0.872222 0.482812 0.872222 0.484375 0.875 0.485938 0.875 0.4875 0.877778 0.490625 0.877778 0.492188 0.880556 0.50625 0.880556 0.507812 0.877778 0.5125 0.877778 0.514063 0.875 0.515625 0.875 0.51875 0.869444 0.520312 0.869444 0.521875 0.866667 0.528125 0.866667 0.53125 0.872222 0.532812 0.872222 0.54375 0.891667 0.54375 0.894444 0.548437 0.902778 0.55 0.902778 0.553125 0.908333 0.554688 0.908333 0.557813 0.913889 0.559375 0.913889 0.56875 0.930556 0.570312 0.930556 0.582812 0.952778 0.584375 0.952778 0.585938 0.955556 0.5875 0.955556 0.596875 0.972222 0.604688 0.972222 0.60625 0.975 0.607813 0.975 0.609375 0.977778 0.615625 0.977778 0.61875 0.983333 0.61875 0.991667 0.998438 0.991667 0.998438 0.355556 0.995313 0.355556 0.99375 0.352778 0.992188 0.352778 0.990625 0.35 0.989062 0.35 0.9875 0.347222 0.984375 0.347222 0.982813 0.344444 0.979688 0.344444 0.978125 0.341667 0.975 0.341667 0.973437 0.338889 0.970312 0.338889 0.96875 0.336111 0.964063 0.336111 0.9625 0.333333 0.959375 0.333333 0.957812 0.330556 0.95625 0.330556 0.954687 0.327778 0.951563 0.327778 0.95 0.325 0.945312 0.325 0.94375 0.322222 0.939062 0.322222 0.9375 0.319444 0.93125 0.319444 0.929688 0.316667 0.925 0.316667 0.923437 0.313889 0.914062 0.313889 0.9125 0.311111 0.898438 0.311111 0.896875 0.308333 0.882812 0.308333 0.88125 0.305556 0.878125 0.305556 0.876562 0.302778 0.876562 0.294444
0 0.189063 0.15 0.189063 0.158333 0.178125 0.177778 0.178125 0.180556 0.175 0.186111 0.175 0.188889 0.173438 0.191667 0.173438 0.194444 0.171875 0.197222 0.171875 0.202778 0.170312 0.205556 0.170312 0.213889 0.16875 0.216667 0.16875 0.227778 0.167187 0.230556 0.167187 0.244444 0.165625 0.247222 0.165625 0.313889 0.153125 0.336111 0.153125 0.341667 0.151562 0.344444 0.151562 0.347222 0.15 0.35 0.15 0.352778 0.140625 0.369444 0.139062 0.369444 0.135937 0.375 0.134375 0.375 0.13125 0.380556 0.129688 0.380556 0.126563 0.386111 0.125 0.386111 0.121875 0.391667 0.120312 0.391667 0.114063 0.402778 0.1125 0.402778 0.110937 0.405556 0.109375 0.405556 0.0859375 0.447222 0.0859375 0.45 0.075 0.469444 0.0734375 0.469444 0.0703125 0.475 0.0703125 0.477778 0.0640625 0.488889 0.059375 0.488889 0.059375 0.738889 0.0640625 0.738889 0.0671875 0.744444 0.0671875 0.75 0.06875 0.752778 0.06875 0.755556 0.0703125 0.758333 0.0703125 0.761111 0.071875 0.763889 0.071875 0.772222 0.0734375 0.775 0.0734375 0.797222 0.075 0.8 0.075 0.813889 0.0765625 0.816667 0.0765625 0.819444 0.0796875 0.825 0.0796875 0.827778 0.08125 0.830556 0.08125 0.833333 0.084375 0.838889 0.084375 0.841667 0.0859375 0.844444 0.0859375 0.847222 0.0875 0.85 0.0875 0.852778 0.090625 0.858333 0.090625 0.861111 0.0921875 0.863889 0.0921875 0.872222 0.09375 0.875 0.09375 0.883333 0.0953125 0.886111 0.0953125 0.902778 0.096875 0.905556 0.096875 0.919444 0.0984375 0.922222 0.0984375 0.927778 0.1 0.930556 0.1 0.933333 0.101562 0.936111 0.101562 0.938889 0.10625 0.947222 0.107813 0.947222 0.110937 0.952778 0.1125 0.952778 0.115625 0.958333 0.117188 0.958333 0.123438 0.969444 0.123438 0.972222 0.125 0.975 0.125 0.977778 0.126563 0.980556 0.126563 0.986111 0.128125 0.988889 0.128125 1 0.314063 1 0.314063 0.991667 0.315625 0.988889 0.315625 0.983333 0.317187 0.980556 0.317187 0.972222 0.31875 0.969444 0.31875 0.916667 0.320312 0.913889 0.320312 0.911111 0.321875 0.908333 0.326562 0.908333 0.328125 0.905556 0.329688 0.905556 0.33125 0.902778 0.334375 0.902778 0.342187 0.888889 0.342187 0.886111 0.34375 0.883333 0.34375 0.877778 0.345313 0.875 0.345313 0.861111 0.34375 0.858333 0.34375 0.836111 0.342187 0.833333 0.342187 0.827778 0.340625 0.825 0.340625 0.822222 0.339063 0.819444 0.339063 0.816667 0.3375 0.813889 0.3375 0.808333 0.335938 0.805556 0.335938 0.8 0.334375 0.797222 0.334375 0.794444 0.332812 0.791667 0.332812 0.783333 0.33125 0.780556 0.33125 0.763889 0.329688 0.761111 0.329688 0.752778 0.328125 0.75 0.328125 0.741667 0.326562 0.738889 0.326562 0.733333 0.325 0.730556 0.325 0.719444 0.323438 0.716667 0.323438 0.705556 0.321875 0.702778 0.321875 0.694444 0.320312 0.691667 0.320312 0.686111 0.31875 0.683333 0.31875 0.677778 0.317187 0.675 0.317187 0.672222 0.315625 0.669444 0.315625 0.661111 0.314063 0.658333 0.314063 0.65 0.3125 0.647222 0.3125 0.638889 0.310937 0.636111 0.310937 0.627778 0.309375 0.625 0.309375 0.622222 0.307813 0.619444 0.307813 0.611111 0.30625 0.608333 0.30625 0.602778 0.304688 0.6 0.304688 0.594444 0.303125 0.591667 0.303125 0.586111 0.301562 0.583333 0.301562 0.572222 0.3 0.569444 0.3 0.555556 0.298438 0.552778 0.298438 0.544444 0.296875 0.541667 0.296875 0.533333 0.295312 0.530556 0.295312 0.522222 0.29375 0.519444 0.29375 0.513889 0.292188 0.511111 0.292188 0.505556 0.290625 0.502778 0.290625 0.497222 0.289062 0.494444 0.289062 0.486111 0.2875 0.483333 0.2875 0.477778 0.285937 0.475 0.285937 0.466667 0.284375 0.463889 0.284375 0.458333 0.282813 0.455556 0.282813 0.45 0.28125 0.447222 0.28125 0.444444 0.278125 0.438889 0.278125 0.436111 0.276563 0.433333 0.276563 0.430556 0.267188 0.413889 0.267188 0.411111 0.265625 0.408333 0.265625 0.405556 0.264062 0.402778 0.264062 0.388889 0.265625 0.386111 0.265625 0.380556 0.26875 0.375 0.26875 0.372222 0.275 0.361111 0.275 0.358333 0.276563 0.355556 0.276563 0.341667 0.275 0.338889 0.275 0.305556 0.276563 0.302778 0.276563 0.294444 0.278125 0.291667 0.278125 0.280556 0.279687 0.277778 0.279687 0.241667 0.278125 0.238889 0.278125 0.227778 0.276563 0.225 0.276563 0.219444 0.275 0.216667 0.275 0.213889 0.273438 0.211111 0.273438 0.208333 0.26875 0.2 0.26875 0.197222 0.257812 0.177778 0.25625 0.177778 0.253125 0.172222 0.251563 0.172222 0.248437 0.166667 0.246875 0.166667 0.245312 0.163889 0.24375 0.163889 0.240625 0.158333 0.240625 0.15
2 0.55 0.294444 0.55 0.302778 0.546875 0.308333 0.545313 0.308333 0.54375 0.311111 0.542188 0.311111 0.540625 0.313889 0.539062 0.313889 0.535937 0.319444 0.532812 0.319444 0.53125 0.322222 0.529688 0.322222 0.528125 0.325 0.526563 0.325 0.525 0.327778 0.523438 0.327778 0.521875 0.330556 0.520312 0.330556 0.51875 0.333333 0.517187 0.333333 0.515625 0.336111 0.514063 0.336111 0.507812 0.347222 0.50625 0.347222 0.50625 0.35 0.501562 0.358333 0.501562 0.361111 0.5 0.363889 0.5 0.366667 0.498437 0.369444 0.498437 0.372222 0.495313 0.377778 0.495313 0.380556 0.49375 0.383333 0.49375 0.386111 0.492188 0.388889 0.492188 0.391667 0.490625 0.394444 0.490625 0.397222 0.489062 0.4 0.489062 0.402778 0.4875 0.405556 0.4875 0.408333 0.484375 0.413889 0.484375 0.416667 0.48125 0.422222 0.48125 0.425 0.478125 0.430556 0.478125 0.433333 0.476562 0.436111 0.476562 0.438889 0.475 0.441667 0.475 0.444444 0.470313 0.452778 0.470313 0.455556 0.465625 0.463889 0.465625 0.466667 0.4625 0.472222 0.4625 0.475 0.459375 0.480556 0.459375 0.483333 0.457812 0.486111 0.453125 0.486111 0.453125 0.783333 0.457812 0.783333 0.459375 0.786111 0.459375 0.788889 0.460938 0.791667 0.460938 0.802778 0.4625 0.805556 0.4625 0.816667 0.464063 0.819444 0.464063 0.827778 0.465625 0.830556 0.465625 0.836111 0.467187 0.838889 0.467187 0.841667 0.46875 0.844444 0.46875 0.85 0.470313 0.852778 0.470313 0.855556 0.475 0.863889 0.476562 0.863889 0.48125 0.872222 0.482812 0.872222 0.484375 0.875 0.485938 0.875 0.4875 0.877778 0.490625 0.877778 0.492188 0.880556 0.50625 0.880556 0.507812 0.877778 0.5125 0.877778 0.514063 0.875 0.515625 0.875 0.51875 0.869444 0.520312 0.869444 0.521875 0.866667 0.528125 0.866667 0.53125 0.872222 0.532812 0.872222 0.54375 0.891667 0.54375 0.894444 0.548437 0.902778 0.55 0.902778 0.553125 0.908333 0.554688 0.908333 0.557813 0.913889 0.559375 0.913889 0.56875 0.930556 0.570312 0.930556 0.582812 0.952778 0.584375 0.952778 0.585938 0.955556 0.5875 0.955556 0.596875 0.972222 0.604688 0.972222 0.60625 0.975 0.607813 0.975 0.609375 0.977778 0.615625 0.977778 0.61875 0.983333 0.61875 0.991667 0.998438 0.991667 0.998438 0.355556 0.995313 0.355556 0.99375 0.352778 0.992188 0.352778 0.990625 0.35 0.989062 0.35 0.9875 0.347222 0.984375 0.347222 0.982813 0.344444 0.979688 0.344444 0.978125 0.341667 0.975 0.341667 0.973437 0.338889 0.970312 0.338889 0.96875 0.336111 0.964063 0.336111 0.9625 0.333333 0.959375 0.333333 0.957812 0.330556 0.95625 0.330556 0.954687 0.327778 0.951563 0.327778 0.95 0.325 0.945312 0.325 0.94375 0.322222 0.939062 0.322222 0.9375 0.319444 0.93125 0.319444 0.929688 0.316667 0.925 0.316667 0.923437 0.313889 0.914062 0.313889 0.9125 0.311111 0.898438 0.311111 0.896875 0.308333 0.882812 0.308333 0.88125 0.305556 0.878125 0.305556 0.876562 0.302778 0.876562 0.294444
0 0.189063 0.15 0.189063 0.158333 0.178125 0.177778 0.178125 0.180556 0.175 0.186111 0.175 0.188889 0.173438 0.191667 0.173438 0.194444 0.171875 0.197222 0.171875 0.202778 0.170312 0.205556 0.170312 0.213889 0.16875 0.216667 0.16875 0.227778 0.167187 0.230556 0.167187 0.244444 0.165625 0.247222 0.165625 0.313889 0.153125 0.336111 0.153125 0.341667 0.151562 0.344444 0.151562 0.347222 0.15 0.35 0.15 0.352778 0.140625 0.369444 0.139062 0.369444 0.135937 0.375 0.134375 0.375 0.13125 0.380556 0.129688 0.380556 0.126563 0.386111 0.125 0.386111 0.121875 0.391667 0.120312 0.391667 0.114063 0.402778 0.1125 0.402778 0.110937 0.405556 0.109375 0.405556 0.0859375 0.447222 0.0859375 0.45 0.075 0.469444 0.0734375 0.469444 0.0703125 0.475 0.0703125 0.477778 0.0640625 0.488889 0.059375 0.488889 0.059375 0.738889 0.0640625 0.738889 0.0671875 0.744444 0.0671875 0.75 0.06875 0.752778 0.06875 0.755556 0.0703125 0.758333 0.0703125 0.761111 0.071875 0.763889 0.071875 0.772222 0.0734375 0.775 0.0734375 0.797222 0.075 0.8 0.075 0.813889 0.0765625 0.816667 0.0765625 0.819444 0.0796875 0.825 0.0796875 0.827778 0.08125 0.830556 0.08125 0.833333 0.084375 0.838889 0.084375 0.841667 0.0859375 0.844444 0.0859375 0.847222 0.0875 0.85 0.0875 0.852778 0.090625 0.858333 0.090625 0.861111 0.0921875 0.863889 0.0921875 0.872222 0.09375 0.875 0.09375 0.883333 0.0953125 0.886111 0.0953125 0.902778 0.096875 0.905556 0.096875 0.919444 0.0984375 0.922222 0.0984375 0.927778 0.1 0.930556 0.1 0.933333 0.101562 0.936111 0.101562 0.938889 0.10625 0.947222 0.107813 0.947222 0.110937 0.952778 0.1125 0.952778 0.115625 0.958333 0.117188 0.958333 0.123438 0.969444 0.123438 0.972222 0.125 0.975 0.125 0.977778 0.126563 0.980556 0.126563 0.986111 0.128125 0.988889 0.128125 1 0.314063 1 0.314063 0.991667 0.315625 0.988889 0.315625 0.983333 0.317187 0.980556 0.317187 0.972222 0.31875 0.969444 0.31875 0.916667 0.320312 0.913889 0.320312 0.911111 0.321875 0.908333 0.326562 0.908333 0.328125 0.905556 0.329688 0.905556 0.33125 0.902778 0.334375 0.902778 0.342187 0.888889 0.342187 0.886111 0.34375 0.883333 0.34375 0.877778 0.345313 0.875 0.345313 0.861111 0.34375 0.858333 0.34375 0.836111 0.342187 0.833333 0.342187 0.827778 0.340625 0.825 0.340625 0.822222 0.339063 0.819444 0.339063 0.816667 0.3375 0.813889 0.3375 0.808333 0.335938 0.805556 0.335938 0.8 0.334375 0.797222 0.334375 0.794444 0.332812 0.791667 0.332812 0.783333 0.33125 0.780556 0.33125 0.763889 0.329688 0.761111 0.329688 0.752778 0.328125 0.75 0.328125 0.741667 0.326562 0.738889 0.326562 0.733333 0.325 0.730556 0.325 0.719444 0.323438 0.716667 0.323438 0.705556 0.321875 0.702778 0.321875 0.694444 0.320312 0.691667 0.320312 0.686111 0.31875 0.683333 0.31875 0.677778 0.317187 0.675 0.317187 0.672222 0.315625 0.669444 0.315625 0.661111 0.314063 0.658333 0.314063 0.65 0.3125 0.647222 0.3125 0.638889 0.310937 0.636111 0.310937 0.627778 0.309375 0.625 0.309375 0.622222 0.307813 0.619444 0.307813 0.611111 0.30625 0.608333 0.30625 0.602778 0.304688 0.6 0.304688 0.594444 0.303125 0.591667 0.303125 0.586111 0.301562 0.583333 0.301562 0.572222 0.3 0.569444 0.3 0.555556 0.298438 0.552778 0.298438 0.544444 0.296875 0.541667 0.296875 0.533333 0.295312 0.530556 0.295312 0.522222 0.29375 0.519444 0.29375 0.513889 0.292188 0.511111 0.292188 0.505556 0.290625 0.502778 0.290625 0.497222 0.289062 0.494444 0.289062 0.486111 0.2875 0.483333 0.2875 0.477778 0.285937 0.475 0.285937 0.466667 0.284375 0.463889 0.284375 0.458333 0.282813 0.455556 0.282813 0.45 0.28125 0.447222 0.28125 0.444444 0.278125 0.438889 0.278125 0.436111 0.276563 0.433333 0.276563 0.430556 0.267188 0.413889 0.267188 0.411111 0.265625 0.408333 0.265625 0.405556 0.264062 0.402778 0.264062 0.388889 0.265625 0.386111 0.265625 0.380556 0.26875 0.375 0.26875 0.372222 0.275 0.361111 0.275 0.358333 0.276563 0.355556 0.276563 0.341667 0.275 0.338889 0.275 0.305556 0.276563 0.302778 0.276563 0.294444 0.278125 0.291667 0.278125 0.280556 0.279687 0.277778 0.279687 0.241667 0.278125 0.238889 0.278125 0.227778 0.276563 0.225 0.276563 0.219444 0.275 0.216667 0.275 0.213889 0.273438 0.211111 0.273438 0.208333 0.26875 0.2 0.26875 0.197222 0.257812 0.177778 0.25625 0.177778 0.253125 0.172222 0.251563 0.172222 0.248437 0.166667 0.246875 0.166667 0.245312 0.163889 0.24375 0.163889 0.240625 0.158333 0.240625 0.15
2 0.55 0.294444 0.55 0.302778 0.546875 0.308333 0.545313 0.308333 0.54375 0.311111 0.542188 0.311111 0.540625 0.313889 0.539062 0.313889 0.535937 0.319444 0.532812 0.319444 0.53125 0.322222 0.529688 0.322222 0.528125 0.325 0.526563 0.325 0.525 0.327778 0.523438 0.327778 0.521875 0.330556 0.520312 0.330556 0.51875 0.333333 0.517187 0.333333 0.515625 0.336111 0.514063 0.336111 0.507812 0.347222 0.50625 0.347222 0.50625 0.35 0.501562 0.358333 0.501562 0.361111 0.5 0.363889 0.5 0.366667 0.498437 0.369444 0.498437 0.372222 0.495313 0.377778 0.495313 0.380556 0.49375 0.383333 0.49375 0.386111 0.492188 0.388889 0.492188 0.391667 0.490625 0.394444 0.490625 0.397222 0.489062 0.4 0.489062 0.402778 0.4875 0.405556 0.4875 0.408333 0.484375 0.413889 0.484375 0.416667 0.48125 0.422222 0.48125 0.425 0.478125 0.430556 0.478125 0.433333 0.476562 0.436111 0.476562 0.438889 0.475 0.441667 0.475 0.444444 0.470313 0.452778 0.470313 0.455556 0.465625 0.463889 0.465625 0.466667 0.4625 0.472222 0.4625 0.475 0.459375 0.480556 0.459375 0.483333 0.457812 0.486111 0.453125 0.486111 0.453125 0.783333 0.457812 0.783333 0.459375 0.786111 0.459375 0.788889 0.460938 0.791667 0.460938 0.802778 0.4625 0.805556 0.4625 0.816667 0.464063 0.819444 0.464063 0.827778 0.465625 0.830556 0.465625 0.836111 0.467187 0.838889 0.467187 0.841667 0.46875 0.844444 0.46875 0.85 0.470313 0.852778 0.470313 0.855556 0.475 0.863889 0.476562 0.863889 0.48125 0.872222 0.482812 0.872222 0.484375 0.875 0.485938 0.875 0.4875 0.877778 0.490625 0.877778 0.492188 0.880556 0.50625 0.880556 0.507812 0.877778 0.5125 0.877778 0.514063 0.875 0.515625 0.875 0.51875 0.869444 0.520312 0.869444 0.521875 0.866667 0.528125 0.866667 0.53125 0.872222 0.532812 0.872222 0.54375 0.891667 0.54375 0.894444 0.548437 0.902778 0.55 0.902778 0.553125 0.908333 0.554688 0.908333 0.557813 0.913889 0.559375 0.913889 0.56875 0.930556 0.570312 0.930556 0.582812 0.952778 0.584375 0.952778 0.585938 0.955556 0.5875 0.955556 0.596875 0.972222 0.604688 0.972222 0.60625 0.975 0.607813 0.975 0.609375 0.977778 0.615625 0.977778 0.61875 0.983333 0.61875 0.991667 0.998438 0.991667 0.998438 0.355556 0.995313 0.355556 0.99375 0.352778 0.992188 0.352778 0.990625 0.35 0.989062 0.35 0.9875 0.347222 0.984375 0.347222 0.982813 0.344444 0.979688 0.344444 0.978125 0.341667 0.975 0.341667 0.973437 0.338889 0.970312 0.338889 0.96875 0.336111 0.964063 0.336111 0.9625 0.333333 0.959375 0.333333 0.957812 0.330556 0.95625 0.330556 0.954687 0.327778 0.951563 0.327778 0.95 0.325 0.945312 0.325 0.94375 0.322222 0.939062 0.322222 0.9375 0.319444 0.93125 0.319444 0.929688 0.316667 0.925 0.316667 0.923437 0.313889 0.914062 0.313889 0.9125 0.311111 0.898438 0.311111 0.896875 0.308333 0.882812 0.308333 0.88125 0.305556 0.878125 0.305556 0.876562 0.302778 0.876562 0.294444
0 0.189063 0.15 0.189063 0.158333 0.178125 0.177778 0.178125 0.180556 0.175 0.186111 0.175 0.188889 0.173438 0.191667 0.173438 0.194444 0.171875 0.197222 0.171875 0.202778 0.170312 0.205556 0.170312 0.213889 0.16875 0.216667 0.16875 0.227778 0.167187 0.230556 0.167187 0.244444 0.165625 0.247222 0.165625 0.313889 0.153125 0.336111 0.153125 0.341667 0.151562 0.344444 0.151562 0.347222 0.15 0.35 0.15 0.352778 0.140625 0.369444 0.139062 0.369444 0.135937 0.375 0.134375 0.375 0.13125 0.380556 0.129688 0.380556 0.126563 0.386111 0.125 0.386111 0.121875 0.391667 0.120312 0.391667 0.114063 0.402778 0.1125 0.402778 0.110937 0.405556 0.109375 0.405556 0.0859375 0.447222 0.0859375 0.45 0.075 0.469444 0.0734375 0.469444 0.0703125 0.475 0.0703125 0.477778 0.0640625 0.488889 0.059375 0.488889 0.059375 0.738889 0.0640625 0.738889 0.0671875 0.744444 0.0671875 0.75 0.06875 0.752778 0.06875 0.755556 0.0703125 0.758333 0.0703125 0.761111 0.071875 0.763889 0.071875 0.772222 0.0734375 0.775 0.0734375 0.797222 0.075 0.8 0.075 0.813889 0.0765625 0.816667 0.0765625 0.819444 0.0796875 0.825 0.0796875 0.827778 0.08125 0.830556 0.08125 0.833333 0.084375 0.838889 0.084375 0.841667 0.0859375 0.844444 0.0859375 0.847222 0.0875 0.85 0.0875 0.852778 0.090625 0.858333 0.090625 0.861111 0.0921875 0.863889 0.0921875 0.872222 0.09375 0.875 0.09375 0.883333 0.0953125 0.886111 0.0953125 0.902778 0.096875 0.905556 0.096875 0.919444 0.0984375 0.922222 0.0984375 0.927778 0.1 0.930556 0.1 0.933333 0.101562 0.936111 0.101562 0.938889 0.10625 0.947222 0.107813 0.947222 0.110937 0.952778 0.1125 0.952778 0.115625 0.958333 0.117188 0.958333 0.123438 0.969444 0.123438 0.972222 0.125 0.975 0.125 0.977778 0.126563 0.980556 0.126563 0.986111 0.128125 0.988889 0.128125 1 0.314063 1 0.314063 0.991667 0.315625 0.988889 0.315625 0.983333 0.317187 0.980556 0.317187 0.972222 0.31875 0.969444 0.31875 0.916667 0.320312 0.913889 0.320312 0.911111 0.321875 0.908333 0.326562 0.908333 0.328125 0.905556 0.329688 0.905556 0.33125 0.902778 0.334375 0.902778 0.342187 0.888889 0.342187 0.886111 0.34375 0.883333 0.34375 0.877778 0.345313 0.875 0.345313 0.861111 0.34375 0.858333 0.34375 0.836111 0.342187 0.833333 0.342187 0.827778 0.340625 0.825 0.340625 0.822222 0.339063 0.819444 0.339063 0.816667 0.3375 0.813889 0.3375 0.808333 0.335938 0.805556 0.335938 0.8 0.334375 0.797222 0.334375 0.794444 0.332812 0.791667 0.332812 0.783333 0.33125 0.780556 0.33125 0.763889 0.329688 0.761111 0.329688 0.752778 0.328125 0.75 0.328125 0.741667 0.326562 0.738889 0.326562 0.733333 0.325 0.730556 0.325 0.719444 0.323438 0.716667 0.323438 0.705556 0.321875 0.702778 0.321875 0.694444 0.320312 0.691667 0.320312 0.686111 0.31875 0.683333 0.31875 0.677778 0.317187 0.675 0.317187 0.672222 0.315625 0.669444 0.315625 0.661111 0.314063 0.658333 0.314063 0.65 0.3125 0.647222 0.3125 0.638889 0.310937 0.636111 0.310937 0.627778 0.309375 0.625 0.309375 0.622222 0.307813 0.619444 0.307813 0.611111 0.30625 0.608333 0.30625 0.602778 0.304688 0.6 0.304688 0.594444 0.303125 0.591667 0.303125 0.586111 0.301562 0.583333 0.301562 0.572222 0.3 0.569444 0.3 0.555556 0.298438 0.552778 0.298438 0.544444 0.296875 0.541667 0.296875 0.533333 0.295312 0.530556 0.295312 0.522222 0.29375 0.519444 0.29375 0.513889 0.292188 0.511111 0.292188 0.505556 0.290625 0.502778 0.290625 0.497222 0.289062 0.494444 0.289062 0.486111 0.2875 0.483333 0.2875 0.477778 0.285937 0.475 0.285937 0.466667 0.284375 0.463889 0.284375 0.458333 0.282813 0.455556 0.282813 0.45 0.28125 0.447222 0.28125 0.444444 0.278125 0.438889 0.278125 0.436111 0.276563 0.433333 0.276563 0.430556 0.267188 0.413889 0.267188 0.411111 0.265625 0.408333 0.265625 0.405556 0.264062 0.402778 0.264062 0.388889 0.265625 0.386111 0.265625 0.380556 0.26875 0.375 0.26875 0.372222 0.275 0.361111 0.275 0.358333 0.276563 0.355556 0.276563 0.341667 0.275 0.338889 0.275 0.305556 0.276563 0.302778 0.276563 0.294444 0.278125 0.291667 0.278125 0.280556 0.279687 0.277778 0.279687 0.241667 0.278125 0.238889 0.278125 0.227778 0.276563 0.225 0.276563 0.219444 0.275 0.216667 0.275 0.213889 0.273438 0.211111 0.273438 0.208333 0.26875 0.2 0.26875 0.197222 0.257812 0.177778 0.25625 0.177778 0.253125 0.172222 0.251563 0.172222 0.248437 0.166667 0.246875 0.166667 0.245312 0.163889 0.24375 0.163889 0.240625 0.158333 0.240625 0.15
2 0.55 0.294444 0.55 0.302778 0.546875 0.308333 0.545313 0.308333 0.54375 0.311111 0.542188 0.311111 0.540625 0.313889 0.539062 0.313889 0.535937 0.319444 0.532812 0.319444 0.53125 0.322222 0.529688 0.322222 0.528125 0.325 0.526563 0.325 0.525 0.327778 0.523438 0.327778 0.521875 0.330556 0.520312 0.330556 0.51875 0.333333 0.517187 0.333333 0.515625 0.336111 0.514063 0.336111 0.507812 0.347222 0.50625 0.347222 0.50625 0.35 0.501562 0.358333 0.501562 0.361111 0.5 0.363889 0.5 0.366667 0.498437 0.369444 0.498437 0.372222 0.495313 0.377778 0.495313 0.380556 0.49375 0.383333 0.49375 0.386111 0.492188 0.388889 0.492188 0.391667 0.490625 0.394444 0.490625 0.397222 0.489062 0.4 0.489062 0.402778 0.4875 0.405556 0.4875 0.408333 0.484375 0.413889 0.484375 0.416667 0.48125 0.422222 0.48125 0.425 0.478125 0.430556 0.478125 0.433333 0.476562 0.436111 0.476562 0.438889 0.475 0.441667 0.475 0.444444 0.470313 0.452778 0.470313 0.455556 0.465625 0.463889 0.465625 0.466667 0.4625 0.472222 0.4625 0.475 0.459375 0.480556 0.459375 0.483333 0.457812 0.486111 0.453125 0.486111 0.453125 0.783333 0.457812 0.783333 0.459375 0.786111 0.459375 0.788889 0.460938 0.791667 0.460938 0.802778 0.4625 0.805556 0.4625 0.816667 0.464063 0.819444 0.464063 0.827778 0.465625 0.830556 0.465625 0.836111 0.467187 0.838889 0.467187 0.841667 0.46875 0.844444 0.46875 0.85 0.470313 0.852778 0.470313 0.855556 0.475 0.863889 0.476562 0.863889 0.48125 0.872222 0.482812 0.872222 0.484375 0.875 0.485938 0.875 0.4875 0.877778 0.490625 0.877778 0.492188 0.880556 0.50625 0.880556 0.507812 0.877778 0.5125 0.877778 0.514063 0.875 0.515625 0.875 0.51875 0.869444 0.520312 0.869444 0.521875 0.866667 0.528125 0.866667 0.53125 0.872222 0.532812 0.872222 0.54375 0.891667 0.54375 0.894444 0.548437 0.902778 0.55 0.902778 0.553125 0.908333 0.554688 0.908333 0.557813 0.913889 0.559375 0.913889 0.56875 0.930556 0.570312 0.930556 0.582812 0.952778 0.584375 0.952778 0.585938 0.955556 0.5875 0.955556 0.596875 0.972222 0.604688 0.972222 0.60625 0.975 0.607813 0.975 0.609375 0.977778 0.615625 0.977778 0.61875 0.983333 0.61875 0.991667 0.998438 0.991667 0.998438 0.355556 0.995313 0.355556 0.99375 0.352778 0.992188 0.352778 0.990625 0.35 0.989062 0.35 0.9875 0.347222 0.984375 0.347222 0.982813 0.344444 0.979688 0.344444 0.978125 0.341667 0.975 0.341667 0.973437 0.338889 0.970312 0.338889 0.96875 0.336111 0.964063 0.336111 0.9625 0.333333 0.959375 0.333333 0.957812 0.330556 0.95625 0.330556 0.954687 0.327778 0.951563 0.327778 0.95 0.325 0.945312 0.325 0.94375 0.322222 0.939062 0.322222 0.9375 0.319444 0.93125 0.319444 0.929688 0.316667 0.925 0.316667 0.923437 0.313889 0.914062 0.313889 0.9125 0.311111 0.898438 0.311111 0.896875 0.308333 0.882812 0.308333 0.88125 0.305556 0.878125 0.305556 0.876562 0.302778 0.876562 0.294444
0 0.189063 0.15 0.189063 0.158333 0.178125 0.177778 0.178125 0.180556 0.175 0.186111 0.175 0.188889 0.173438 0.191667 0.173438 0.194444 0.171875 0.197222 0.171875 0.202778 0.170312 0.205556 0.170312 0.213889 0.16875 0.216667 0.16875 0.227778 0.167187 0.230556 0.167187 0.244444 0.165625 0.247222 0.165625 0.313889 0.153125 0.336111 0.153125 0.341667 0.151562 0.344444 0.151562 0.347222 0.15 0.35 0.15 0.352778 0.140625 0.369444 0.139062 0.369444 0.135937 0.375 0.134375 0.375 0.13125 0.380556 0.129688 0.380556 0.126563 0.386111 0.125 0.386111 0.121875 0.391667 0.120312 0.391667 0.114063 0.402778 0.1125 0.402778 0.110937 0.405556 0.109375 0.405556 0.0859375 0.447222 0.0859375 0.45 0.075 0.469444 0.0734375 0.469444 0.0703125 0.475 0.0703125 0.477778 0.0640625 0.488889 0.059375 0.488889 0.059375 0.738889 0.0640625 0.738889 0.0671875 0.744444 0.0671875 0.75 0.06875 0.752778 0.06875 0.755556 0.0703125 0.758333 0.0703125 0.761111 0.071875 0.763889 0.071875 0.772222 0.0734375 0.775 0.0734375 0.797222 0.075 0.8 0.075 0.813889 0.0765625 0.816667 0.0765625 0.819444 0.0796875 0.825 0.0796875 0.827778 0.08125 0.830556 0.08125 0.833333 0.084375 0.838889 0.084375 0.841667 0.0859375 0.844444 0.0859375 0.847222 0.0875 0.85 0.0875 0.852778 0.090625 0.858333 0.090625 0.861111 0.0921875 0.863889 0.0921875 0.872222 0.09375 0.875 0.09375 0.883333 0.0953125 0.886111 0.0953125 0.902778 0.096875 0.905556 0.096875 0.919444 0.0984375 0.922222 0.0984375 0.927778 0.1 0.930556 0.1 0.933333 0.101562 0.936111 0.101562 0.938889 0.10625 0.947222 0.107813 0.947222 0.110937 0.952778 0.1125 0.952778 0.115625 0.958333 0.117188 0.958333 0.123438 0.969444 0.123438 0.972222 0.125 0.975 0.125 0.977778 0.126563 0.980556 0.126563 0.986111 0.128125 0.988889 0.128125 1 0.314063 1 0.314063 0.991667 0.315625 0.988889 0.315625 0.983333 0.317187 0.980556 0.317187 0.972222 0.31875 0.969444 0.31875 0.916667 0.320312 0.913889 0.320312 0.911111 0.321875 0.908333 0.326562 0.908333 0.328125 0.905556 0.329688 0.905556 0.33125 0.902778 0.334375 0.902778 0.342187 0.888889 0.342187 0.886111 0.34375 0.883333 0.34375 0.877778 0.345313 0.875 0.345313 0.861111 0.34375 0.858333 0.34375 0.836111 0.342187 0.833333 0.342187 0.827778 0.340625 0.825 0.340625 0.822222 0.339063 0.819444 0.339063 0.816667 0.3375 0.813889 0.3375 0.808333 0.335938 0.805556 0.335938 0.8 0.334375 0.797222 0.334375 0.794444 0.332812 0.791667 0.332812 0.783333 0.33125 0.780556 0.33125 0.763889 0.329688 0.761111 0.329688 0.752778 0.328125 0.75 0.328125 0.741667 0.326562 0.738889 0.326562 0.733333 0.325 0.730556 0.325 0.719444 0.323438 0.716667 0.323438 0.705556 0.321875 0.702778 0.321875 0.694444 0.320312 0.691667 0.320312 0.686111 0.31875 0.683333 0.31875 0.677778 0.317187 0.675 0.317187 0.672222 0.315625 0.669444 0.315625 0.661111 0.314063 0.658333 0.314063 0.65 0.3125 0.647222 0.3125 0.638889 0.310937 0.636111 0.310937 0.627778 0.309375 0.625 0.309375 0.622222 0.307813 0.619444 0.307813 0.611111 0.30625 0.608333 0.30625 0.602778 0.304688 0.6 0.304688 0.594444 0.303125 0.591667 0.303125 0.586111 0.301562 0.583333 0.301562 0.572222 0.3 0.569444 0.3 0.555556 0.298438 0.552778 0.298438 0.544444 0.296875 0.541667 0.296875 0.533333 0.295312 0.530556 0.295312 0.522222 0.29375 0.519444 0.29375 0.513889 0.292188 0.511111 0.292188 0.505556 0.290625 0.502778 0.290625 0.497222 0.289062 0.494444 0.289062 0.486111 0.2875 0.483333 0.2875 0.477778 0.285937 0.475 0.285937 0.466667 0.284375 0.463889 0.284375 0.458333 0.282813 0.455556 0.282813 0.45 0.28125 0.447222 0.28125 0.444444 0.278125 0.438889 0.278125 0.436111 0.276563 0.433333 0.276563 0.430556 0.267188 0.413889 0.267188 0.411111 0.265625 0.408333 0.265625 0.405556 0.264062 0.402778 0.264062 0.388889 0.265625 0.386111 0.265625 0.380556 0.26875 0.375 0.26875 0.372222 0.275 0.361111 0.275 0.358333 0.276563 0.355556 0.276563 0.341667 0.275 0.338889 0.275 0.305556 0.276563 0.302778 0.276563 0.294444 0.278125 0.291667 0.278125 0.280556 0.279687 0.277778 0.279687 0.241667 0.278125 0.238889 0.278125 0.227778 0.276563 0.225 0.276563 0.219444 0.275 0.216667 0.275 0.213889 0.273438 0.211111 0.273438 0.208333 0.26875 0.2 0.26875 0.197222 0.257812 0.177778 0.25625 0.177778 0.253125 0.172222 0.251563 0.172222 0.248437 0.166667 0.246875 0.166667 0.245312 0.163889 0.24375 0.163889 0.240625 0.158333 0.240625 0.15
2 0.55 0.294444 0.55 0.302778 0.546875 0.308333 0.545313 0.308333 0.54375 0.311111 0.542188 0.311111 0.540625 0.313889 0.539062 0.313889 0.535937 0.319444 0.532812 0.319444 0.53125 0.322222 0.529688 0.322222 0.528125 0.325 0.526563 0.325 0.525 0.327778 0.523438 0.327778 0.521875 0.330556 0.520312 0.330556 0.51875 0.333333 0.517187 0.333333 0.515625 0.336111 0.514063 0.336111 0.507812 0.347222 0.50625 0.347222 0.50625 0.35 0.501562 0.358333 0.501562 0.361111 0.5 0.363889 0.5 0.366667 0.498437 0.369444 0.498437 0.372222 0.495313 0.377778 0.495313 0.380556 0.49375 0.383333 0.49375 0.386111 0.492188 0.388889 0.492188 0.391667 0.490625 0.394444 0.490625 0.397222 0.489062 0.4 0.489062 0.402778 0.4875 0.405556 0.4875 0.408333 0.484375 0.413889 0.484375 0.416667 0.48125 0.422222 0.48125 0.425 0.478125 0.430556 0.478125 0.433333 0.476562 0.436111 0.476562 0.438889 0.475 0.441667 0.475 0.444444 0.470313 0.452778 0.470313 0.455556 0.465625 0.463889 0.465625 0.466667 0.4625 0.472222 0.4625 0.475 0.459375 0.480556 0.459375 0.483333 0.457812 0.486111 0.453125 0.486111 0.453125 0.783333 0.457812 0.783333 0.459375 0.786111 0.459375 0.788889 0.460938 0.791667 0.460938 0.802778 0.4625 0.805556 0.4625 0.816667 0.464063 0.819444 0.464063 0.827778 0.465625 0.830556 0.465625 0.836111 0.467187 0.838889 0.467187 0.841667 0.46875 0.844444 0.46875 0.85 0.470313 0.852778 0.470313 0.855556 0.475 0.863889 0.476562 0.863889 0.48125 0.872222 0.482812 0.872222 0.484375 0.875 0.485938 0.875 0.4875 0.877778 0.490625 0.877778 0.492188 0.880556 0.50625 0.880556 0.507812 0.877778 0.5125 0.877778 0.514063 0.875 0.515625 0.875 0.51875 0.869444 0.520312 0.869444 0.521875 0.866667 0.528125 0.866667 0.53125 0.872222 0.532812 0.872222 0.54375 0.891667 0.54375 0.894444 0.548437 0.902778 0.55 0.902778 0.553125 0.908333 0.554688 0.908333 0.557813 0.913889 0.559375 0.913889 0.56875 0.930556 0.570312 0.930556 0.582812 0.952778 0.584375 0.952778 0.585938 0.955556 0.5875 0.955556 0.596875 0.972222 0.604688 0.972222 0.60625 0.975 0.607813 0.975 0.609375 0.977778 0.615625 0.977778 0.61875 0.983333 0.61875 0.991667 0.998438 0.991667 0.998438 0.355556 0.995313 0.355556 0.99375 0.352778 0.992188 0.352778 0.990625 0.35 0.989062 0.35 0.9875 0.347222 0.984375 0.347222 0.982813 0.344444 0.979688 0.344444 0.978125 0.341667 0.975 0.341667 0.973437 0.338889 0.970312 0.338889 0.96875 0.336111 0.964063 0.336111 0.9625 0.333333 0.959375 0.333333 0.957812 0.330556 0.95625 0.330556 0.954687 0.327778 0.951563 0.327778 0.95 0.325 0.945312 0.325 0.94375 0.322222 0.939062 0.322222 0.9375 0.319444 0.93125 0.319444 0.929688 0.316667 0.925 0.316667 0.923437 0.313889 0.914062 0.313889 0.9125 0.311111 0.898438 0.311111 0.896875 0.308333 0.882812 0.308333 0.88125 0.305556 0.878125 0.305556 0.876562 0.302778 0.876562 0.294444
0 0.189063 0.15 0.189063 0.158333 0.178125 0.177778 0.178125 0.180556 0.175 0.186111 0.175 0.188889 0.173438 0.191667 0.173438 0.194444 0.171875 0.197222 0.171875 0.202778 0.170312 0.205556 0.170312 0.213889 0.16875 0.216667 0.16875 0.227778 0.167187 0.230556 0.167187 0.244444 0.165625 0.247222 0.165625 0.313889 0.153125 0.336111 0.153125 0.341667 0.151562 0.344444 0.151562 0.347222 0.15 0.35 0.15 0.352778 0.140625 0.369444 0.139062 0.369444 0.135937 0.375 0.134375 0.375 0.13125 0.380556 0.129688 0.380556 0.126563 0.386111 0.125 0.386111 0.121875 0.391667 0.120312 0.391667 0.114063 0.402778 0.1125 0.402778 0.110937 0.405556 0.109375 0.405556 0.0859375 0.447222 0.0859375 0.45 0.075 0.469444 0.0734375 0.469444 0.0703125 0.475 0.0703125 0.477778 0.0640625 0.488889 0.059375 0.488889 0.059375 0.738889 0.0640625 0.738889 0.0671875 0.744444 0.0671875 0.75 0.06875 0.752778 0.06875 0.755556 0.0703125 0.758333 0.0703125 0.761111 0.071875 0.763889 0.071875 0.772222 0.0734375 0.775 0.0734375 0.797222 0.075 0.8 0.075 0.813889 0.0765625 0.816667 0.0765625 0.819444 0.0796875 0.825 0.0796875 0.827778 0.08125 0.830556 0.08125 0.833333 0.084375 0.838889 0.084375 0.841667 0.0859375 0.844444 0.0859375 0.847222 0.0875 0.85 0.0875 0.852778 0.090625 0.858333 0.090625 0.861111 0.0921875 0.863889 0.0921875 0.872222 0.09375 0.875 0.09375 0.883333 0.0953125 0.886111 0.0953125 0.902778 0.096875 0.905556 0.096875 0.919444 0.0984375 0.922222 0.0984375 0.927778 0.1 0.930556 0.1 0.933333 0.101562 0.936111 0.101562 0.938889 0.10625 0.947222 0.107813 0.947222 0.110937 0.952778 0.1125 0.952778 0.115625 0.958333 0.117188 0.958333 0.123438 0.969444 0.123438 0.972222 0.125 0.975 0.125 0.977778 0.126563 0.980556 0.126563 0.986111 0.128125 0.988889 0.128125 1 0.314063 1 0.314063 0.991667 0.315625 0.988889 0.315625 0.983333 0.317187 0.980556 0.317187 0.972222 0.31875 0.969444 0.31875 0.916667 0.320312 0.913889 0.320312 0.911111 0.321875 0.908333 0.326562 0.908333 0.328125 0.905556 0.329688 0.905556 0.33125 0.902778 0.334375 0.902778 0.342187 0.888889 0.342187 0.886111 0.34375 0.883333 0.34375 0.877778 0.345313 0.875 0.345313 0.861111 0.34375 0.858333 0.34375 0.836111 0.342187 0.833333 0.342187 0.827778 0.340625 0.825 0.340625 0.822222 0.339063 0.819444 0.339063 0.816667 0.3375 0.813889 0.3375 0.808333 0.335938 0.805556 0.335938 0.8 0.334375 0.797222 0.334375 0.794444 0.332812 0.791667 0.332812 0.783333 0.33125 0.780556 0.33125 0.763889 0.329688 0.761111 0.329688 0.752778 0.328125 0.75 0.328125 0.741667 0.326562 0.738889 0.326562 0.733333 0.325 0.730556 0.325 0.719444 0.323438 0.716667 0.323438 0.705556 0.321875 0.702778 0.321875 0.694444 0.320312 0.691667 0.320312 0.686111 0.31875 0.683333 0.31875 0.677778 0.317187 0.675 0.317187 0.672222 0.315625 0.669444 0.315625 0.661111 0.314063 0.658333 0.314063 0.65 0.3125 0.647222 0.3125 0.638889 0.310937 0.636111 0.310937 0.627778 0.309375 0.625 0.309375 0.622222 0.307813 0.619444 0.307813 0.611111 0.30625 0.608333 0.30625 0.602778 0.304688 0.6 0.304688 0.594444 0.303125 0.591667 0.303125 0.586111 0.301562 0.583333 0.301562 0.572222 0.3 0.569444 0.3 0.555556 0.298438 0.552778 0.298438 0.544444 0.296875 0.541667 0.296875 0.533333 0.295312 0.530556 0.295312 0.522222 0.29375 0.519444 0.29375 0.513889 0.292188 0.511111 0.292188 0.505556 0.290625 0.502778 0.290625 0.497222 0.289062 0.494444 0.289062 0.486111 0.2875 0.483333 0.2875 0.477778 0.285937 0.475 0.285937 0.466667 0.284375 0.463889 0.284375 0.458333 0.282813 0.455556 0.282813 0.45 0.28125 0.447222 0.28125 0.444444 0.278125 0.438889 0.278125 0.436111 0.276563 0.433333 0.276563 0.430556 0.267188 0.413889 0.267188 0.411111 0.265625 0.408333 0.265625 0.405556 0.264062 0.402778 0.264062 0.388889 0.265625 0.386111 0.265625 0.380556 0.26875 0.375 0.26875 0.372222 0.275 0.361111 0.275 0.358333 0.276563 0.355556 0.276563 0.341667 0.275 0.338889 0.275 0.305556 0.276563 0.302778 0.276563 0.294444 0.278125 0.291667 0.278125 0.280556 0.279687 0.277778 0.279687 0.241667 0.278125 0.238889 0.278125 0.227778 0.276563 0.225 0.276563 0.219444 0.275 0.216667 0.275 0.213889 0.273438 0.211111 0.273438 0.208333 0.26875 0.2 0.26875 0.197222 0.257812 0.177778 0.25625 0.177778 0.253125 0.172222 0.251563 0.172222 0.248437 0.166667 0.246875 0.166667 0.245312 0.163889 0.24375 0.163889 0.240625 0.158333 0.240625 0.15
2 0.55 0.294444 0.55 0.302778 0.546875 0.308333 0.545313 0.308333 0.54375 0.311111 0.542188 0.311111 0.540625 0.313889 0.539062 0.313889 0.535937 0.319444 0.532812 0.319444 0.53125 0.322222 0.529688 0.322222 0.528125 0.325 0.526563 0.325 0.525 0.327778 0.523438 0.327778 0.521875 0.330556 0.520312 0.330556 0.51875 0.333333 0.517187 0.333333 0.515625 0.336111 0.514063 0.336111 0.507812 0.347222 0.50625 0.347222 0.50625 0.35 0.501562 0.358333 0.501562 0.361111 0.5 0.363889 0.5 0.366667 0.498437 0.369444 0.498437 0.372222 0.495313 0.377778 0.495313 0.380556 0.49375 0.383333 0.49375 0.386111 0.492188 0.388889 0.492188 0.391667 0.490625 0.394444 0.490625 0.397222 0.489062 0.4 0.489062 0.402778 0.4875 0.405556 0.4875 0.408333 0.484375 0.413889 0.484375 0.416667 0.48125 0.422222 0.48125 0.425 0.478125 0.430556 0.478125 0.433333 0.476562 0.436111 0.476562 0.438889 0.475 0.441667 0.475 0.444444 0.470313 0.452778 0.470313 0.455556 0.465625 0.463889 0.465625 0.466667 0.4625 0.472222 0.4625 0.475 0.459375 0.480556 0.459375 0.483333 0.457812 0.486111 0.453125 0.486111 0.453125 0.783333 0.457812 0.783333 0.459375 0.786111 0.459375 0.788889 0.460938 0.791667 0.460938 0.802778 0.4625 0.805556 0.4625 0.816667 0.464063 0.819444 0.464063 0.827778 0.465625 0.830556 0.465625 0.836111 0.467187 0.838889 0.467187 0.841667 0.46875 0.844444 0.46875 0.85 0.470313 0.852778 0.470313 0.855556 0.475 0.863889 0.476562 0.863889 0.48125 0.872222 0.482812 0.872222 0.484375 0.875 0.485938 0.875 0.4875 0.877778 0.490625 0.877778 0.492188 0.880556 0.50625 0.880556 0.507812 0.877778 0.5125 0.877778 0.514063 0.875 0.515625 0.875 0.51875 0.869444 0.520312 0.869444 0.521875 0.866667 0.528125 0.866667 0.53125 0.872222 0.532812 0.872222 0.54375 0.891667 0.54375 0.894444 0.548437 0.902778 0.55 0.902778 0.553125 0.908333 0.554688 0.908333 0.557813 0.913889 0.559375 0.913889 0.56875 0.930556 0.570312 0.930556 0.582812 0.952778 0.584375 0.952778 0.585938 0.955556 0.5875 0.955556 0.596875 0.972222 0.604688 0.972222 0.60625 0.975 0.607813 0.975 0.609375 0.977778 0.615625 0.977778 0.61875 0.983333 0.61875 0.991667 0.998438 0.991667 0.998438 0.355556 0.995313 0.355556 0.99375 0.352778 0.992188 0.352778 0.990625 0.35 0.989062 0.35 0.9875 0.347222 0.984375 0.347222 0.982813 0.344444 0.979688 0.344444 0.978125 0.341667 0.975 0.341667 0.973437 0.338889 0.970312 0.338889 0.96875 0.336111 0.964063 0.336111 0.9625 0.333333 0.959375 0.333333 0.957812 0.330556 0.95625 0.330556 0.954687 0.327778 0.951563 0.327778 0.95 0.325 0.945312 0.325 0.94375 0.322222 0.939062 0.322222 0.9375 0.319444 0.93125 0.319444 0.929688 0.316667 0.925 0.316667 0.923437 0.313889 0.914062 0.313889 0.9125 0.311111 0.898438 0.311111 0.896875 0.308333 0.882812 0.308333 0.88125 0.305556 0.878125 0.305556 0.876562 0.302778 0.876562 0.294444
0 0.189063 0.15 0.189063 0.158333 0.178125 0.177778 0.178125 0.180556 0.175 0.186111 0.175 0.188889 0.173438 0.191667 0.173438 0.194444 0.171875 0.197222 0.171875 0.202778 0.170312 0.205556 0.170312 0.213889 0.16875 0.216667 0.16875 0.227778 0.167187 0.230556 0.167187 0.244444 0.165625 0.247222 0.165625 0.313889 0.153125 0.336111 0.153125 0.341667 0.151562 0.344444 0.151562 0.347222 0.15 0.35 0.15 0.352778 0.140625 0.369444 0.139062 0.369444 0.135937 0.375 0.134375 0.375 0.13125 0.380556 0.129688 0.380556 0.126563 0.386111 0.125 0.386111 0.121875 0.391667 0.120312 0.391667 0.114063 0.402778 0.1125 0.402778 0.110937 0.405556 0.109375 0.405556 0.0859375 0.447222 0.0859375 0.45 0.075 0.469444 0.0734375 0.469444 0.0703125 0.475 0.0703125 0.477778 0.0640625 0.488889 0.059375 0.488889 0.059375 0.738889 0.0640625 0.738889 0.0671875 0.744444 0.0671875 0.75 0.06875 0.752778 0.06875 0.755556 0.0703125 0.758333 0.0703125 0.761111 0.071875 0.763889 0.071875 0.772222 0.0734375 0.775 0.0734375 0.797222 0.075 0.8 0.075 0.813889 0.0765625 0.816667 0.0765625 0.819444 0.0796875 0.825 0.0796875 0.827778 0.08125 0.830556 0.08125 0.833333 0.084375 0.838889 0.084375 0.841667 0.0859375 0.844444 0.0859375 0.847222 0.0875 0.85 0.0875 0.852778 0.090625 0.858333 0.090625 0.861111 0.0921875 0.863889 0.0921875 0.872222 0.09375 0.875 0.09375 0.883333 0.0953125 0.886111 0.0953125 0.902778 0.096875 0.905556 0.096875 0.919444 0.0984375 0.922222 0.0984375 0.927778 0.1 0.930556 0.1 0.933333 0.101562 0.936111 0.101562 0.938889 0.10625 0.947222 0.107813 0.947222 0.110937 0.952778 0.1125 0.952778 0.115625 0.958333 0.117188 0.958333 0.123438 0.969444 0.123438 0.972222 0.125 0.975 0.125 0.977778 0.126563 0.980556 0.126563 0.986111 0.128125 0.988889 0.128125 1 0.314063 1 0.314063 0.991667 0.315625 0.988889 0.315625 0.983333 0.317187 0.980556 0.317187 0.972222 0.31875 0.969444 0.31875 0.916667 0.320312 0.913889 0.320312 0.911111 0.321875 0.908333 0.326562 0.908333 0.328125 0.905556 0.329688 0.905556 0.33125 0.902778 0.334375 0.902778 0.342187 0.888889 0.342187 0.886111 0.34375 0.883333 0.34375 0.877778 0.345313 0.875 0.345313 0.861111 0.34375 0.858333 0.34375 0.836111 0.342187 0.833333 0.342187 0.827778 0.340625 0.825 0.340625 0.822222 0.339063 0.819444 0.339063 0.816667 0.3375 0.813889 0.3375 0.808333 0.335938 0.805556 0.335938 0.8 0.334375 0.797222 0.334375 0.794444 0.332812 0.791667 0.332812 0.783333 0.33125 0.780556 0.33125 0.763889 0.329688 0.761111 0.329688 0.752778 0.328125 0.75 0.328125 0.741667 0.326562 0.738889 0.326562 0.733333 0.325 0.730556 0.325 0.719444 0.323438 0.716667 0.323438 0.705556 0.321875 0.702778 0.321875 0.694444 0.320312 0.691667 0.320312 0.686111 0.31875 0.683333 0.31875 0.677778 0.317187 0.675 0.317187 0.672222 0.315625 0.669444 0.315625 0.661111 0.314063 0.658333 0.314063 0.65 0.3125 0.647222 0.3125 0.638889 0.310937 0.636111 0.310937 0.627778 0.309375 0.625 0.309375 0.622222 0.307813 0.619444 0.307813 0.611111 0.30625 0.608333 0.30625 0.602778 0.304688 0.6 0.304688 0.594444 0.303125 0.591667 0.303125 0.586111 0.301562 0.583333 0.301562 0.572222 0.3 0.569444 0.3 0.555556 0.298438 0.552778 0.298438 0.544444 0.296875 0.541667 0.296875 0.533333 0.295312 0.530556 0.295312 0.522222 0.29375 0.519444 0.29375 0.513889 0.292188 0.511111 0.292188 0.505556 0.290625 0.502778 0.290625 0.497222 0.289062 0.494444 0.289062 0.486111 0.2875 0.483333 0.2875 0.477778 0.285937 0.475 0.285937 0.466667 0.284375 0.463889 0.284375 0.458333 0.282813 0.455556 0.282813 0.45 0.28125 0.447222 0.28125 0.444444 0.278125 0.438889 0.278125 0.436111 0.276563 0.433333 0.276563 0.430556 0.267188 0.413889 0.267188 0.411111 0.265625 0.408333 0.265625 0.405556 0.264062 0.402778 0.264062 0.388889 0.265625 0.386111 0.265625 0.380556 0.26875 0.375 0.26875 0.372222 0.275 0.361111 0.275 0.358333 0.276563 0.355556 0.276563 0.341667 0.275 0.338889 0.275 0.305556 0.276563 0.302778 0.276563 0.294444 0.278125 0.291667 0.278125 0.280556 0.279687 0.277778 0.279687 0.241667 0.278125 0.238889 0.278125 0.227778 0.276563 0.225 0.276563 0.219444 0.275 0.216667 0.275 0.213889 0.273438 0.211111 0.273438 0.208333 0.26875 0.2 0.26875 0.197222 0.257812 0.177778 0.25625 0.177778 0.253125 0.172222 0.251563 0.172222 0.248437 0.166667 0.246875 0.166667 0.245312 0.163889 0.24375 0.163889 0.240625 0.158333 0.240625 0.15
2 0.55 0.294444 0.55 0.302778 0.546875 0.308333 0.545313 0.308333 0.54375 0.311111 0.542188 0.311111 0.540625 0.313889 0.539062 0.313889 0.535937 0.319444 0.532812 0.319444 0.53125 0.322222 0.529688 0.322222 0.528125 0.325 0.526563 0.325 0.525 0.327778 0.523438 0.327778 0.521875 0.330556 0.520312 0.330556 0.51875 0.333333 0.517187 0.333333 0.515625 0.336111 0.514063 0.336111 0.507812 0.347222 0.50625 0.347222 0.50625 0.35 0.501562 0.358333 0.501562 0.361111 0.5 0.363889 0.5 0.366667 0.498437 0.369444 0.498437 0.372222 0.495313 0.377778 0.495313 0.380556 0.49375 0.383333 0.49375 0.386111 0.492188 0.388889 0.492188 0.391667 0.490625 0.394444 0.490625 0.397222 0.489062 0.4 0.489062 0.402778 0.4875 0.405556 0.4875 0.408333 0.484375 0.413889 0.484375 0.416667 0.48125 0.422222 0.48125 0.425 0.478125 0.430556 0.478125 0.433333 0.476562 0.436111 0.476562 0.438889 0.475 0.441667 0.475 0.444444 0.470313 0.452778 0.470313 0.455556 0.465625 0.463889 0.465625 0.466667 0.4625 0.472222 0.4625 0.475 0.459375 0.480556 0.459375 0.483333 0.457812 0.486111 0.453125 0.486111 0.453125 0.783333 0.457812 0.783333 0.459375 0.786111 0.459375 0.788889 0.460938 0.791667 0.460938 0.802778 0.4625 0.805556 0.4625 0.816667 0.464063 0.819444 0.464063 0.827778 0.465625 0.830556 0.465625 0.836111 0.467187 0.838889 0.467187 0.841667 0.46875 0.844444 0.46875 0.85 0.470313 0.852778 0.470313 0.855556 0.475 0.863889 0.476562 0.863889 0.48125 0.872222 0.482812 0.872222 0.484375 0.875 0.485938 0.875 0.4875 0.877778 0.490625 0.877778 0.492188 0.880556 0.50625 0.880556 0.507812 0.877778 0.5125 0.877778 0.514063 0.875 0.515625 0.875 0.51875 0.869444 0.520312 0.869444 0.521875 0.866667 0.528125 0.866667 0.53125 0.872222 0.532812 0.872222 0.54375 0.891667 0.54375 0.894444 0.548437 0.902778 0.55 0.902778 0.553125 0.908333 0.554688 0.908333 0.557813 0.913889 0.559375 0.913889 0.56875 0.930556 0.570312 0.930556 0.582812 0.952778 0.584375 0.952778 0.585938 0.955556 0.5875 0.955556 0.596875 0.972222 0.604688 0.972222 0.60625 0.975 0.607813 0.975 0.609375 0.977778 0.615625 0.977778 0.61875 0.983333 0.61875 0.991667 0.998438 0.991667 0.998438 0.355556 0.995313 0.355556 0.99375 0.352778 0.992188 0.352778 0.990625 0.35 0.989062 0.35 0.9875 0.347222 0.984375 0.347222 0.982813 0.344444 0.979688 0.344444 0.978125 0.341667 0.975 0.341667 0.973437 0.338889 0.970312 0.338889 0.96875 0.336111 0.964063 0.336111 0.9625 0.333333 0.959375 0.333333 0.957812 0.330556 0.95625 0.330556 0.954687 0.327778 0.951563 0.327778 0.95 0.325 0.945312 0.325 0.94375 0.322222 0.939062 0.322222 0.9375 0.319444 0.93125 0.319444 0.929688 0.316667 0.925 0.316667 0.923437 0.313889 0.914062 0.313889 0.9125 0.311111 0.898438 0.311111 0.896875 0.308333 0.882812 0.308333 0.88125 0.305556 0.878125 0.305556 0.876562 0.302778 0.876562 0.294444
0 0.189063 0.15 0.189063 0.158333 0.178125 0.177778 0.178125 0.180556 0.175 0.186111 0.175 0.188889 0.173438 0.191667 0.173438 0.194444 0.171875 0.197222 0.171875 0.202778 0.170312 0.205556 0.170312 0.213889 0.16875 0.216667 0.16875 0.227778 0.167187 0.230556 0.167187 0.244444 0.165625 0.247222 0.165625 0.313889 0.153125 0.336111 0.153125 0.341667 0.151562 0.344444 0.151562 0.347222 0.15 0.35 0.15 0.352778 0.140625 0.369444 0.139062 0.369444 0.135937 0.375 0.134375 0.375 0.13125 0.380556 0.129688 0.380556 0.126563 0.386111 0.125 0.386111 0.121875 0.391667 0.120312 0.391667 0.114063 0.402778 0.1125 0.402778 0.110937 0.405556 0.109375 0.405556 0.0859375 0.447222 0.0859375 0.45 0.075 0.469444 0.0734375 0.469444 0.0703125 0.475 0.0703125 0.477778 0.0640625 0.488889 0.059375 0.488889 0.059375 0.738889 0.0640625 0.738889 0.0671875 0.744444 0.0671875 0.75 0.06875 0.752778 0.06875 0.755556 0.0703125 0.758333 0.0703125 0.761111 0.071875 0.763889 0.071875 0.772222 0.0734375 0.775 0.0734375 0.797222 0.075 0.8 0.075 0.813889 0.0765625 0.816667 0.0765625 0.819444 0.0796875 0.825 0.0796875 0.827778 0.08125 0.830556 0.08125 0.833333 0.084375 0.838889 0.084375 0.841667 0.0859375 0.844444 0.0859375 0.847222 0.0875 0.85 0.0875 0.852778 0.090625 0.858333 0.090625 0.861111 0.0921875 0.863889 0.0921875 0.872222 0.09375 0.875 0.09375 0.883333 0.0953125 0.886111 0.0953125 0.902778 0.096875 0.905556 0.096875 0.919444 0.0984375 0.922222 0.0984375 0.927778 0.1 0.930556 0.1 0.933333 0.101562 0.936111 0.101562 0.938889 0.10625 0.947222 0.107813 0.947222 0.110937 0.952778 0.1125 0.952778 0.115625 0.958333 0.117188 0.958333 0.123438 0.969444 0.123438 0.972222 0.125 0.975 0.125 0.977778 0.126563 0.980556 0.126563 0.986111 0.128125 0.988889 0.128125 1 0.314063 1 0.314063 0.991667 0.315625 0.988889 0.315625 0.983333 0.317187 0.980556 0.317187 0.972222 0.31875 0.969444 0.31875 0.916667 0.320312 0.913889 0.320312 0.911111 0.321875 0.908333 0.326562 0.908333 0.328125 0.905556 0.329688 0.905556 0.33125 0.902778 0.334375 0.902778 0.342187 0.888889 0.342187 0.886111 0.34375 0.883333 0.34375 0.877778 0.345313 0.875 0.345313 0.861111 0.34375 0.858333 0.34375 0.836111 0.342187 0.833333 0.342187 0.827778 0.340625 0.825 0.340625 0.822222 0.339063 0.819444 0.339063 0.816667 0.3375 0.813889 0.3375 0.808333 0.335938 0.805556 0.335938 0.8 0.334375 0.797222 0.334375 0.794444 0.332812 0.791667 0.332812 0.783333 0.33125 0.780556 0.33125 0.763889 0.329688 0.761111 0.329688 0.752778 0.328125 0.75 0.328125 0.741667 0.326562 0.738889 0.326562 0.733333 0.325 0.730556 0.325 0.719444 0.323438 0.716667 0.323438 0.705556 0.321875 0.702778 0.321875 0.694444 0.320312 0.691667 0.320312 0.686111 0.31875 0.683333 0.31875 0.677778 0.317187 0.675 0.317187 0.672222 0.315625 0.669444 0.315625 0.661111 0.314063 0.658333 0.314063 0.65 0.3125 0.647222 0.3125 0.638889 0.310937 0.636111 0.310937 0.627778 0.309375 0.625 0.309375 0.622222 0.307813 0.619444 0.307813 0.611111 0.30625 0.608333 0.30625 0.602778 0.304688 0.6 0.304688 0.594444 0.303125 0.591667 0.303125 0.586111 0.301562 0.583333 0.301562 0.572222 0.3 0.569444 0.3 0.555556 0.298438 0.552778 0.298438 0.544444 0.296875 0.541667 0.296875 0.533333 0.295312 0.530556 0.295312 0.522222 0.29375 0.519444 0.29375 0.513889 0.292188 0.511111 0.292188 0.505556 0.290625 0.502778 0.290625 0.497222 0.289062 0.494444 0.289062 0.486111 0.2875 0.483333 0.2875 0.477778 0.285937 0.475 0.285937 0.466667 0.284375 0.463889 0.284375 0.458333 0.282813 0.455556 0.282813 0.45 0.28125 0.447222 0.28125 0.444444 0.278125 0.438889 0.278125 0.436111 0.276563 0.433333 0.276563 0.430556 0.267188 0.413889 0.267188 0.411111 0.265625 0.408333 0.265625 0.405556 0.264062 0.402778 0.264062 0.388889 0.265625 0.386111 0.265625 0.380556 0.26875 0.375 0.26875 0.372222 0.275 0.361111 0.275 0.358333 0.276563 0.355556 0.276563 0.341667 0.275 0.338889 0.275 0.305556 0.276563 0.302778 0.276563 0.294444 0.278125 0.291667 0.278125 0.280556 0.279687 0.277778 0.279687 0.241667 0.278125 0.238889 0.278125 0.227778 0.276563 0.225 0.276563 0.219444 0.275 0.216667 0.275 0.213889 0.273438 0.211111 0.273438 0.208333 0.26875 0.2 0.26875 0.197222 0.257812 0.177778 0.25625 0.177778 0.253125 0.172222 0.251563 0.172222 0.248437 0.166667 0.246875 0.166667 0.245312 0.163889 0.24375 0.163889 0.240625 0.158333 0.240625 0.15
2 0.55 0.294444 0.55 0.302778 0.546875 0.308333 0.545313 0.308333 0.54375 0.311111 0.542188 0.311111 0.540625 0.313889 0.539062 0.313889 0.535937 0.319444 0.532812 0.319444 0.53125 0.322222 0.529688 0.322222 0.528125 0.325 0.526563 0.325 0.525 0.327778 0.523438 0.327778 0.521875 0.330556 0.520312 0.330556 0.51875 0.333333 0.517187 0.333333 0.515625 0.336111 0.514063 0.336111 0.507812 0.347222 0.50625 0.347222 0.50625 0.35 0.501562 0.358333 0.501562 0.361111 0.5 0.363889 0.5 0.366667 0.498437 0.369444 0.498437 0.372222 0.495313 0.377778 0.495313 0.380556 0.49375 0.383333 0.49375 0.386111 0.492188 0.388889 0.492188 0.391667 0.490625 0.394444 0.490625 0.397222 0.489062 0.4 0.489062 0.402778 0.4875 0.405556 0.4875 0.408333 0.484375 0.413889 0.484375 0.416667 0.48125 0.422222 0.48125 0.425 0.478125 0.430556 0.478125 0.433333 0.476562 0.436111 0.476562 0.438889 0.475 0.441667 0.475 0.444444 0.470313 0.452778 0.470313 0.455556 0.465625 0.463889 0.465625 0.466667 0.4625 0.472222 0.4625 0.475 0.459375 0.480556 0.459375 0.483333 0.457812 0.486111 0.453125 0.486111 0.453125 0.783333 0.457812 0.783333 0.459375 0.786111 0.459375 0.788889 0.460938 0.791667 0.460938 0.802778 0.4625 0.805556 0.4625 0.816667 0.464063 0.819444 0.464063 0.827778 0.465625 0.830556 0.465625 0.836111 0.467187 0.838889 0.467187 0.841667 0.46875 0.844444 0.46875 0.85 0.470313 0.852778 0.470313 0.855556 0.475 0.863889 0.476562 0.863889 0.48125 0.872222 0.482812 0.872222 0.484375 0.875 0.485938 0.875 0.4875 0.877778 0.490625 0.877778 0.492188 0.880556 0.50625 0.880556 0.507812 0.877778 0.5125 0.877778 0.514063 0.875 0.515625 0.875 0.51875 0.869444 0.520312 0.869444 0.521875 0.866667 0.528125 0.866667 0.53125 0.872222 0.532812 0.872222 0.54375 0.891667 0.54375 0.894444 0.548437 0.902778 0.55 0.902778 0.553125 0.908333 0.554688 0.908333 0.557813 0.913889 0.559375 0.913889 0.56875 0.930556 0.570312 0.930556 0.582812 0.952778 0.584375 0.952778 0.585938 0.955556 0.5875 0.955556 0.596875 0.972222 0.604688 0.972222 0.60625 0.975 0.607813 0.975 0.609375 0.977778 0.615625 0.977778 0.61875 0.983333 0.61875 0.991667 0.998438 0.991667 0.998438 0.355556 0.995313 0.355556 0.99375 0.352778 0.992188 0.352778 0.990625 0.35 0.989062 0.35 0.9875 0.347222 0.984375 0.347222 0.982813 0.344444 0.979688 0.344444 0.978125 0.341667 0.975 0.341667 0.973437 0.338889 0.970312 0.338889 0.96875 0.336111 0.964063 0.336111 0.9625 0.333333 0.959375 0.333333 0.957812 0.330556 0.95625 0.330556 0.954687 0.327778 0.951563 0.327778 0.95 0.325 0.945312 0.325 0.94375 0.322222 0.939062 0.322222 0.9375 0.319444 0.93125 0.319444 0.929688 0.316667 0.925 0.316667 0.923437 0.313889 0.914062 0.313889 0.9125 0.311111 0.898438 0.311111 0.896875 0.308333 0.882812 0.308333 0.88125 0.305556 0.878125 0.305556 0.876562 0.302778 0.876562 0.294444
