2 0.721875 0.338889 0.721875 0.347222 0.71875 0.352778 0.717188 0.352778 0.714063 0.358333 0.7125 0.358333 0.709375 0.363889 0.707812 0.363889 0.704687 0.369444 0.703125 0.369444 0.7 0.375 0.698438 0.375 0.696875 0.377778 0.692187 0.377778 0.690625 0.380556 0.6875 0.380556 0.685938 0.383333 0.684375 0.383333 0.68125 0.388889 0.679688 0.388889 0.676562 0.394444 0.671875 0.394444 0.671875 0.452778 0.678125 0.452778 0.679688 0.455556 0.679688 0.458333 0.684375 0.466667 0.6875 0.466667 0.689062 0.469444 0.690625 0.469444 0.692187 0.466667 0.696875 0.466667 0.707812 0.447222 0.720312 0.447222 0.721875 0.45 0.723437 0.447222 0.732813 0.447222 0.734375 0.45 0.7375 0.45 0.742188 0.458333 0.742188 0.461111 0.748438 0.472222 0.748438 0.480556 0.754687 0.480556 0.754687 0.472222 0.75625 0.469444 0.757812 0.469444 0.759375 0.466667 0.759375 0.463889 0.7625 0.458333 0.7625 0.455556 0.764063 0.452778 0.764063 0.45 0.76875 0.441667 0.770312 0.441667 0.771875 0.438889 0.775 0.438889 0.776563 0.436111 0.784375 0.436111 0.7875 0.441667 0.7875 0.444444 0.789062 0.447222 0.789062 0.45 0.79375 0.45 0.795313 0.452778 0.796875 0.452778 0.798437 0.45 0.801562 0.45 0.803125 0.447222 0.803125 0.438889 0.804688 0.436111 0.804688 0.427778 0.80625 0.425 0.80625 0.391667 0.804688 0.388889 0.804688 0.380556 0.803125 0.377778 0.803125 0.375 0.8 0.369444 0.8 0.366667 0.798437 0.363889 0.798437 0.361111 0.796875 0.358333 0.796875 0.355556 0.79375 0.35 0.79375 0.338889
0 0.3375 0.694444 0.3375 0.705556 0.335938 0.708333 0.334375 0.708333 0.332812 0.711111 0.332812 0.713889 0.328125 0.722222 0.328125 0.725 0.326562 0.727778 0.326562 0.730556 0.325 0.733333 0.325 0.736111 0.323438 0.738889 0.323438 0.741667 0.321875 0.744444 0.321875 0.755556 0.320312 0.758333 0.320312 0.783333 0.31875 0.786111 0.31875 0.794444 0.317187 0.797222 0.317187 0.808333 0.315625 0.811111 0.315625 0.816667 0.314063 0.819444 0.314063 0.822222 0.3125 0.825 0.3125 0.830556 0.310937 0.833333 0.310937 0.836111 0.309375 0.838889 0.309375 0.844444 0.307813 0.847222 0.307813 0.85 0.30625 0.852778 0.30625 0.861111 0.304688 0.863889 0.304688 0.869444 0.303125 0.872222 0.303125 0.880556 0.301562 0.883333 0.301562 0.888889 0.3 0.891667 0.3 0.897222 0.298438 0.9 0.298438 0.905556 0.296875 0.908333 0.296875 0.913889 0.295312 0.916667 0.295312 0.919444 0.29375 0.922222 0.29375 0.925 0.290625 0.930556 0.290625 0.933333 0.289062 0.936111 0.289062 0.938889 0.285937 0.944444 0.285937 0.947222 0.275 0.966667 0.275 0.969444 0.271875 0.975 0.270312 0.975 0.267188 0.980556 0.265625 0.980556 0.2625 0.986111 0.260938 0.986111 0.259375 0.988889 0.253125 0.988889 0.253125 1 0.401563 1 0.401563 0.986111 0.396875 0.986111 0.39375 0.980556 0.39375 0.977778 0.38125 0.955556 0.38125 0.952778 0.379687 0.952778 0.376563 0.947222 0.376563 0.944444 0.375 0.941667 0.375 0.905556 0.376563 0.902778 0.376563 0.888889 0.378125 0.886111 0.378125 0.858333 0.379687 0.855556 0.379687 0.825 0.378125 0.822222 0.378125 0.805556 0.376563 0.802778 0.376563 0.791667 0.375 0.788889 0.375 0.780556 0.373437 0.777778 0.373437 0.769444 0.371875 0.766667 0.371875 0.763889 0.370313 0.761111 0.370313 0.75 0.36875 0.747222 0.36875 0.741667 0.367188 0.738889 0.367188 0.733333 0.365625 0.730556 0.365625 0.727778 0.364062 0.725 0.364062 0.719444 0.3625 0.716667 0.3625 0.711111 0.359375 0.705556 0.359375 0.694444
0 0.33125 0.705556 0.33125 0.716667 0.329688 0.719444 0.329688 0.722222 0.328125 0.725 0.328125 0.727778 0.326562 0.730556 0.326562 0.733333 0.325 0.736111 0.325 0.738889 0.323438 0.741667 0.323438 0.747222 0.321875 0.75 0.321875 0.763889 0.320312 0.766667 0.320312 0.788889 0.31875 0.791667 0.31875 0.8 0.317187 0.802778 0.317187 0.813889 0.315625 0.816667 0.315625 0.819444 0.314063 0.822222 0.314063 0.827778 0.3125 0.830556 0.3125 0.833333 0.310937 0.836111 0.310937 0.841667 0.309375 0.844444 0.309375 0.85 0.307813 0.852778 0.307813 0.855556 0.30625 0.858333 0.30625 0.863889 0.304688 0.866667 0.304688 0.872222 0.303125 0.875 0.303125 0.883333 0.301562 0.886111 0.301562 0.891667 0.3 0.894444 0.3 0.9 0.298438 0.902778 0.298438 0.908333 0.296875 0.911111 0.296875 0.916667 0.295312 0.919444 0.295312 0.922222 0.29375 0.925 0.29375 0.927778 0.290625 0.933333 0.290625 0.936111 0.289062 0.938889 0.289062 0.941667 0.285937 0.947222 0.285937 0.95 0.279687 0.961111 0.279687 0.963889 0.271875 0.977778 0.270312 0.977778 0.267188 0.983333 0.265625 0.983333 0.264062 0.986111 0.259375 0.986111 0.259375 1 0.401563 1 0.401563 0.988889 0.396875 0.988889 0.392188 0.980556 0.392188 0.977778 0.375 0.947222 0.375 0.941667 0.373437 0.938889 0.373437 0.919444 0.375 0.916667 0.375 0.894444 0.376563 0.891667 0.376563 0.869444 0.378125 0.866667 0.378125 0.813889 0.376563 0.811111 0.376563 0.797222 0.375 0.794444 0.375 0.783333 0.373437 0.780556 0.373437 0.775 0.371875 0.772222 0.371875 0.766667 0.370313 0.763889 0.370313 0.758333 0.36875 0.755556 0.36875 0.744444 0.367188 0.741667 0.367188 0.736111 0.365625 0.733333 0.365625 0.730556 0.364062 0.727778 0.364062 0.722222 0.3625 0.719444 0.3625 0.705556
2 0.721875 0.338889 0.721875 0.347222 0.71875 0.352778 0.717188 0.352778 0.714063 0.358333 0.7125 0.358333 0.709375 0.363889 0.707812 0.363889 0.704687 0.369444 0.703125 0.369444 0.7 0.375 0.698438 0.375 0.696875 0.377778 0.692187 0.377778 0.690625 0.380556 0.6875 0.380556 0.685938 0.383333 0.684375 0.383333 0.68125 0.388889 0.679688 0.388889 0.676562 0.394444 0.671875 0.394444 0.671875 0.452778 0.678125 0.452778 0.679688 0.455556 0.679688 0.458333 0.684375 0.466667 0.6875 0.466667 0.689062 0.469444 0.690625 0.469444 0.692187 0.466667 0.696875 0.466667 0.707812 0.447222 0.720312 0.447222 0.721875 0.45 0.723437 0.447222 0.732813 0.447222 0.734375 0.45 0.7375 0.45 0.742188 0.458333 0.742188 0.461111 0.748438 0.472222 0.748438 0.480556 0.754687 0.480556 0.754687 0.472222 0.75625 0.469444 0.757812 0.469444 0.759375 0.466667 0.759375 0.463889 0.7625 0.458333 0.7625 0.455556 0.764063 0.452778 0.764063 0.45 0.76875 0.441667 0.770312 0.441667 0.771875 0.438889 0.775 0.438889 0.776563 0.436111 0.784375 0.436111 0.7875 0.441667 0.7875 0.444444 0.789062 0.447222 0.789062 0.45 0.79375 0.45 0.795313 0.452778 0.796875 0.452778 0.798437 0.45 0.801562 0.45 0.803125 0.447222 0.803125 0.438889 0.804688 0.436111 0.804688 0.427778 0.80625 0.425 0.80625 0.391667 0.804688 0.388889 0.804688 0.380556 0.803125 0.377778 0.803125 0.375 0.8 0.369444 0.8 0.366667 0.798437 0.363889 0.798437 0.361111 0.796875 0.358333 0.796875 0.355556 0.79375 0.35 0.79375 0.338889
0 0.3375 0.694444 0.3375 0.705556 0.335938 0.708333 0.334375 0.708333 0.332812 0.711111 0.332812 0.713889 0.328125 0.722222 0.328125 0.725 0.326562 0.727778 0.326562 0.730556 0.325 0.733333 0.325 0.736111 0.323438 0.738889 0.323438 0.741667 0.321875 0.744444 0.321875 0.755556 0.320312 0.758333 0.320312 0.783333 0.31875 0.786111 0.31875 0.794444 0.317187 0.797222 0.317187 0.808333 0.315625 0.811111 0.315625 0.816667 0.314063 0.819444 0.314063 0.822222 0.3125 0.825 0.3125 0.830556 0.310937 0.833333 0.310937 0.836111 0.309375 0.838889 0.309375 0.844444 0.307813 0.847222 0.307813 0.85 0.30625 0.852778 0.30625 0.861111 0.304688 0.863889 0.304688 0.869444 0.303125 0.872222 0.303125 0.880556 0.301562 0.883333 0.301562 0.888889 0.3 0.891667 0.3 0.897222 0.298438 0.9 0.298438 0.905556 0.296875 0.908333 0.296875 0.913889 0.295312 0.916667 0.295312 0.919444 0.29375 0.922222 0.29375 0.925 0.290625 0.930556 0.290625 0.933333 0.289062 0.936111 0.289062 0.938889 0.285937 0.944444 0.285937 0.947222 0.275 0.966667 0.275 0.969444 0.271875 0.975 0.270312 0.975 0.267188 0.980556 0.265625 0.980556 0.2625 0.986111 0.260938 0.986111 0.259375 0.988889 0.253125 0.988889 0.253125 1 0.401563 1 0.401563 0.986111 0.396875 0.986111 0.39375 0.980556 0.39375 0.977778 0.38125 0.955556 0.38125 0.952778 0.379687 0.952778 0.376563 0.947222 0.376563 0.944444 0.375 0.941667 0.375 0.905556 0.376563 0.902778 0.376563 0.888889 0.378125 0.886111 0.378125 0.858333 0.379687 0.855556 0.379687 0.825 0.378125 0.822222 0.378125 0.805556 0.376563 0.802778 0.376563 0.791667 0.375 0.788889 0.375 0.780556 0.373437 0.777778 0.373437 0.769444 0.371875 0.766667 0.371875 0.763889 0.370313 0.761111 0.370313 0.75 0.36875 0.747222 0.36875 0.741667 0.367188 0.738889 0.367188 0.733333 0.365625 0.730556 0.365625 0.727778 0.364062 0.725 0.364062 0.719444 0.3625 0.716667 0.3625 0.711111 0.359375 0.705556 0.359375 0.694444
0 0.33125 0.705556 0.33125 0.716667 0.329688 0.719444 0.329688 0.722222 0.328125 0.725 0.328125 0.727778 0.326562 0.730556 0.326562 0.733333 0.325 0.736111 0.325 0.738889 0.323438 0.741667 0.323438 0.747222 0.321875 0.75 0.321875 0.763889 0.320312 0.766667 0.320312 0.788889 0.31875 0.791667 0.31875 0.8 0.317187 0.802778 0.317187 0.813889 0.315625 0.816667 0.315625 0.819444 0.314063 0.822222 0.314063 0.827778 0.3125 0.830556 0.3125 0.833333 0.310937 0.836111 0.310937 0.841667 0.309375 0.844444 0.309375 0.85 0.307813 0.852778 0.307813 0.855556 0.30625 0.858333 0.30625 0.863889 0.304688 0.866667 0.304688 0.872222 0.303125 0.875 0.303125 0.883333 0.301562 0.886111 0.301562 0.891667 0.3 0.894444 0.3 0.9 0.298438 0.902778 0.298438 0.908333 0.296875 0.911111 0.296875 0.916667 0.295312 0.919444 0.295312 0.922222 0.29375 0.925 0.29375 0.927778 0.290625 0.933333 0.290625 0.936111 0.289062 0.938889 0.289062 0.941667 0.285937 0.947222 0.285937 0.95 0.279687 0.961111 0.279687 0.963889 0.271875 0.977778 0.270312 0.977778 0.267188 0.983333 0.265625 0.983333 0.264062 0.986111 0.259375 0.986111 0.259375 1 0.401563 1 0.401563 0.988889 0.396875 0.988889 0.392188 0.980556 0.392188 0.977778 0.375 0.947222 0.375 0.941667 0.373437 0.938889 0.373437 0.919444 0.375 0.916667 0.375 0.894444 0.376563 0.891667 0.376563 0.869444 0.378125 0.866667 0.378125 0.813889 0.376563 0.811111 0.376563 0.797222 0.375 0.794444 0.375 0.783333 0.373437 0.780556 0.373437 0.775 0.371875 0.772222 0.371875 0.766667 0.370313 0.763889 0.370313 0.758333 0.36875 0.755556 0.36875 0.744444 0.367188 0.741667 0.367188 0.736111 0.365625 0.733333 0.365625 0.730556 0.364062 0.727778 0.364062 0.722222 0.3625 0.719444 0.3625 0.705556
2 0.721875 0.338889 0.721875 0.347222 0.71875 0.352778 0.717188 0.352778 0.714063 0.358333 0.7125 0.358333 0.709375 0.363889 0.707812 0.363889 0.704687 0.369444 0.703125 0.369444 0.7 0.375 0.698438 0.375 0.696875 0.377778 0.692187 0.377778 0.690625 0.380556 0.6875 0.380556 0.685938 0.383333 0.684375 0.383333 0.68125 0.388889 0.679688 0.388889 0.676562 0.394444 0.671875 0.394444 0.671875 0.452778 0.678125 0.452778 0.679688 0.455556 0.679688 0.458333 0.684375 0.466667 0.6875 0.466667 0.689062 0.469444 0.690625 0.469444 0.692187 0.466667 0.696875 0.466667 0.707812 0.447222 0.720312 0.447222 0.721875 0.45 0.723437 0.447222 0.732813 0.447222 0.734375 0.45 0.7375 0.45 0.742188 0.458333 0.742188 0.461111 0.748438 0.472222 0.748438 0.480556 0.754687 0.480556 0.754687 0.472222 0.75625 0.469444 0.757812 0.469444 0.759375 0.466667 0.759375 0.463889 0.7625 0.458333 0.7625 0.455556 0.764063 0.452778 0.764063 0.45 0.76875 0.441667 0.770312 0.441667 0.771875 0.438889 0.775 0.438889 0.776563 0.436111 0.784375 0.436111 0.7875 0.441667 0.7875 0.444444 0.789062 0.447222 0.789062 0.45 0.79375 0.45 0.795313 0.452778 0.796875 0.452778 0.798437 0.45 0.801562 0.45 0.803125 0.447222 0.803125 0.438889 0.804688 0.436111 0.804688 0.427778 0.80625 0.425 0.80625 0.391667 0.804688 0.388889 0.804688 0.380556 0.803125 0.377778 0.803125 0.375 0.8 0.369444 0.8 0.366667 0.798437 0.363889 0.798437 0.361111 0.796875 0.358333 0.796875 0.355556 0.79375 0.35 0.79375 0.338889
0 0.3375 0.694444 0.3375 0.705556 0.335938 0.708333 0.334375 0.708333 0.332812 0.711111 0.332812 0.713889 0.328125 0.722222 0.328125 0.725 0.326562 0.727778 0.326562 0.730556 0.325 0.733333 0.325 0.736111 0.323438 0.738889 0.323438 0.741667 0.321875 0.744444 0.321875 0.755556 0.320312 0.758333 0.320312 0.783333 0.31875 0.786111 0.31875 0.794444 0.317187 0.797222 0.317187 0.808333 0.315625 0.811111 0.315625 0.816667 0.314063 0.819444 0.314063 0.822222 0.3125 0.825 0.3125 0.830556 0.310937 0.833333 0.310937 0.836111 0.309375 0.838889 0.309375 0.844444 0.307813 0.847222 0.307813 0.85 0.30625 0.852778 0.30625 0.861111 0.304688 0.863889 0.304688 0.869444 0.303125 0.872222 0.303125 0.880556 0.301562 0.883333 0.301562 0.888889 0.3 0.891667 0.3 0.897222 0.298438 0.9 0.298438 0.905556 0.296875 0.908333 0.296875 0.913889 0.295312 0.916667 0.295312 0.919444 0.29375 0.922222 0.29375 0.925 0.290625 0.930556 0.290625 0.933333 0.289062 0.936111 0.289062 0.938889 0.285937 0.944444 0.285937 0.947222 0.275 0.966667 0.275 0.969444 0.271875 0.975 0.270312 0.975 0.267188 0.980556 0.265625 0.980556 0.2625 0.986111 0.260938 0.986111 0.259375 0.988889 0.253125 0.988889 0.253125 1 0.401563 1 0.401563 0.986111 0.396875 0.986111 0.39375 0.980556 0.39375 0.977778 0.38125 0.955556 0.38125 0.952778 0.379687 0.952778 0.376563 0.947222 0.376563 0.944444 0.375 0.941667 0.375 0.905556 0.376563 0.902778 0.376563 0.888889 0.378125 0.886111 0.378125 0.858333 0.379687 0.855556 0.379687 0.825 0.378125 0.822222 0.378125 0.805556 0.376563 0.802778 0.376563 0.791667 0.375 0.788889 0.375 0.780556 0.373437 0.777778 0.373437 0.769444 0.371875 0.766667 0.371875 0.763889 0.370313 0.761111 0.370313 0.75 0.36875 0.747222 0.36875 0.741667 0.367188 0.738889 0.367188 0.733333 0.365625 0.730556 0.365625 0.727778 0.364062 0.725 0.364062 0.719444 0.3625 0.716667 0.3625 0.711111 0.359375 0.705556 0.359375 0.694444
0 0.33125 0.705556 0.33125 0.716667 0.329688 0.719444 0.329688 0.722222 0.328125 0.725 0.328125 0.727778 0.326562 0.730556 0.326562 0.733333 0.325 0.736111 0.325 0.738889 0.323438 0.741667 0.323438 0.747222 0.321875 0.75 0.321875 0.763889 0.320312 0.766667 0.320312 0.788889 0.31875 0.791667 0.31875 0.8 0.317187 0.802778 0.317187 0.813889 0.315625 0.816667 0.315625 0.819444 0.314063 0.822222 0.314063 0.827778 0.3125 0.830556 0.3125 0.833333 0.310937 0.836111 0.310937 0.841667 0.309375 0.844444 0.309375 0.85 0.307813 0.852778 0.307813 0.855556 0.30625 0.858333 0.30625 0.863889 0.304688 0.866667 0.304688 0.872222 0.303125 0.875 0.303125 0.883333 0.301562 0.886111 0.301562 0.891667 0.3 0.894444 0.3 0.9 0.298438 0.902778 0.298438 0.908333 0.296875 0.911111 0.296875 0.916667 0.295312 0.919444 0.295312 0.922222 0.29375 0.925 0.29375 0.927778 0.290625 0.933333 0.290625 0.936111 0.289062 0.938889 0.289062 0.941667 0.285937 0.947222 0.285937 0.95 0.279687 0.961111 0.279687 0.963889 0.271875 0.977778 0.270312 0.977778 0.267188 0.983333 0.265625 0.983333 0.264062 0.986111 0.259375 0.986111 0.259375 1 0.401563 1 0.401563 0.988889 0.396875 0.988889 0.392188 0.980556 0.392188 0.977778 0.375 0.947222 0.375 0.941667 0.373437 0.938889 0.373437 0.919444 0.375 0.916667 0.375 0.894444 0.376563 0.891667 0.376563 0.869444 0.378125 0.866667 0.378125 0.813889 0.376563 0.811111 0.376563 0.797222 0.375 0.794444 0.375 0.783333 0.373437 0.780556 0.373437 0.775 0.371875 0.772222 0.371875 0.766667 0.370313 0.763889 0.370313 0.758333 0.36875 0.755556 0.36875 0.744444 0.367188 0.741667 0.367188 0.736111 0.365625 0.733333 0.365625 0.730556 0.364062 0.727778 0.364062 0.722222 0.3625 0.719444 0.3625 0.705556
2 0.721875 0.338889 0.721875 0.347222 0.71875 0.352778 0.717188 0.352778 0.714063 0.358333 0.7125 0.358333 0.709375 0.363889 0.707812 0.363889 0.704687 0.369444 0.703125 0.369444 0.7 0.375 0.698438 0.375 0.696875 0.377778 0.692187 0.377778 0.690625 0.380556 0.6875 0.380556 0.685938 0.383333 0.684375 0.383333 0.68125 0.388889 0.679688 0.388889 0.676562 0.394444 0.671875 0.394444 0.671875 0.452778 0.678125 0.452778 0.679688 0.455556 0.679688 0.458333 0.684375 0.466667 0.6875 0.466667 0.689062 0.469444 0.690625 0.469444 0.692187 0.466667 0.696875 0.466667 0.707812 0.447222 0.720312 0.447222 0.721875 0.45 0.723437 0.447222 0.732813 0.447222 0.734375 0.45 0.7375 0.45 0.742188 0.458333 0.742188 0.461111 0.748438 0.472222 0.748438 0.480556 0.754687 0.480556 0.754687 0.472222 0.75625 0.469444 0.757812 0.469444 0.759375 0.466667 0.759375 0.463889 0.7625 0.458333 0.7625 0.455556 0.764063 0.452778 0.764063 0.45 0.76875 0.441667 0.770312 0.441667 0.771875 0.438889 0.775 0.438889 0.776563 0.436111 0.784375 0.436111 0.7875 0.441667 0.7875 0.444444 0.789062 0.447222 0.789062 0.45 0.79375 0.45 0.795313 0.452778 0.796875 0.452778 0.798437 0.45 0.801562 0.45 0.803125 0.447222 0.803125 0.438889 0.804688 0.436111 0.804688 0.427778 0.80625 0.425 0.80625 0.391667 0.804688 0.388889 0.804688 0.380556 0.803125 0.377778 0.803125 0.375 0.8 0.369444 0.8 0.366667 0.798437 0.363889 0.798437 0.361111 0.796875 0.358333 0.796875 0.355556 0.79375 0.35 0.79375 0.338889
0 0.3375 0.694444 0.3375 0.705556 0.335938 0.708333 0.334375 0.708333 0.332812 0.711111 0.332812 0.713889 0.328125 0.722222 0.328125 0.725 0.326562 0.727778 0.326562 0.730556 0.325 0.733333 0.325 0.736111 0.323438 0.738889 0.323438 0.741667 0.321875 0.744444 0.321875 0.755556 0.320312 0.758333 0.320312 0.783333 0.31875 0.786111 0.31875 0.794444 0.317187 0.797222 0.317187 0.808333 0.315625 0.811111 0.315625 0.816667 0.314063 0.819444 0.314063 0.822222 0.3125 0.825 0.3125 0.830556 0.310937 0.833333 0.310937 0.836111 0.309375 0.838889 0.309375 0.844444 0.307813 0.847222 0.307813 0.85 0.30625 0.852778 0.30625 0.861111 0.304688 0.863889 0.304688 0.869444 0.303125 0.872222 0.303125 0.880556 0.301562 0.883333 0.301562 0.888889 0.3 0.891667 0.3 0.897222 0.298438 0.9 0.298438 0.905556 0.296875 0.908333 0.296875 0.913889 0.295312 0.916667 0.295312 0.919444 0.29375 0.922222 0.29375 0.925 0.290625 0.930556 0.290625 0.933333 0.289062 0.936111 0.289062 0.938889 0.285937 0.944444 0.285937 0.947222 0.275 0.966667 0.275 0.969444 0.271875 0.975 0.270312 0.975 0.267188 0.980556 0.265625 0.980556 0.2625 0.986111 0.260938 0.986111 0.259375 0.988889 0.253125 0.988889 0.253125 1 0.401563 1 0.401563 0.986111 0.396875 0.986111 0.39375 0.980556 0.39375 0.977778 0.38125 0.955556 0.38125 0.952778 0.379687 0.952778 0.376563 0.947222 0.376563 0.944444 0.375 0.941667 0.375 0.905556 0.376563 0.902778 0.376563 0.888889 0.378125 0.886111 0.378125 0.858333 0.379687 0.855556 0.379687 0.825 0.378125 0.822222 0.378125 0.805556 0.376563 0.802778 0.376563 0.791667 0.375 0.788889 0.375 0.780556 0.373437 0.777778 0.373437 0.769444 0.371875 0.766667 0.371875 0.763889 0.370313 0.761111 0.370313 0.75 0.36875 0.747222 0.36875 0.741667 0.367188 0.738889 0.367188 0.733333 0.365625 0.730556 0.365625 0.727778 0.364062 0.725 0.364062 0.719444 0.3625 0.716667 0.3625 0.711111 0.359375 0.705556 0.359375 0.694444
0 0.33125 0.705556 0.33125 0.716667 0.329688 0.719444 0.329688 0.722222 0.328125 0.725 0.328125 0.727778 0.326562 0.730556 0.326562 0.733333 0.325 0.736111 0.325 0.738889 0.323438 0.741667 0.323438 0.747222 0.321875 0.75 0.321875 0.763889 0.320312 0.766667 0.320312 0.788889 0.31875 0.791667 0.31875 0.8 0.317187 0.802778 0.317187 0.813889 0.315625 0.816667 0.315625 0.819444 0.314063 0.822222 0.314063 0.827778 0.3125 0.830556 0.3125 0.833333 0.310937 0.836111 0.310937 0.841667 0.309375 0.844444 0.309375 0.85 0.307813 0.852778 0.307813 0.855556 0.30625 0.858333 0.30625 0.863889 0.304688 0.866667 0.304688 0.872222 0.303125 0.875 0.303125 0.883333 0.301562 0.886111 0.301562 0.891667 0.3 0.894444 0.3 0.9 0.298438 0.902778 0.298438 0.908333 0.296875 0.911111 0.296875 0.916667 0.295312 0.919444 0.295312 0.922222 0.29375 0.925 0.29375 0.927778 0.290625 0.933333 0.290625 0.936111 0.289062 0.938889 0.289062 0.941667 0.285937 0.947222 0.285937 0.95 0.279687 0.961111 0.279687 0.963889 0.271875 0.977778 0.270312 0.977778 0.267188 0.983333 0.265625 0.983333 0.264062 0.986111 0.259375 0.986111 0.259375 1 0.401563 1 0.401563 0.988889 0.396875 0.988889 0.392188 0.980556 0.392188 0.977778 0.375 0.947222 0.375 0.941667 0.373437 0.938889 0.373437 0.919444 0.375 0.916667 0.375 0.894444 0.376563 0.891667 0.376563 0.869444 0.378125 0.866667 0.378125 0.813889 0.376563 0.811111 0.376563 0.797222 0.375 0.794444 0.375 0.783333 0.373437 0.780556 0.373437 0.775 0.371875 0.772222 0.371875 0.766667 0.370313 0.763889 0.370313 0.758333 0.36875 0.755556 0.36875 0.744444 0.367188 0.741667 0.367188 0.736111 0.365625 0.733333 0.365625 0.730556 0.364062 0.727778 0.364062 0.722222 0.3625 0.719444 0.3625 0.705556
2 0.721875 0.338889 0.721875 0.347222 0.71875 0.352778 0.717188 0.352778 0.714063 0.358333 0.7125 0.358333 0.709375 0.363889 0.707812 0.363889 0.704687 0.369444 0.703125 0.369444 0.7 0.375 0.698438 0.375 0.696875 0.377778 0.692187 0.377778 0.690625 0.380556 0.6875 0.380556 0.685938 0.383333 0.684375 0.383333 0.68125 0.388889 0.679688 0.388889 0.676562 0.394444 0.671875 0.394444 0.671875 0.452778 0.678125 0.452778 0.679688 0.455556 0.679688 0.458333 0.684375 0.466667 0.6875 0.466667 0.689062 0.469444 0.690625 0.469444 0.692187 0.466667 0.696875 0.466667 0.707812 0.447222 0.720312 0.447222 0.721875 0.45 0.723437 0.447222 0.732813 0.447222 0.734375 0.45 0.7375 0.45 0.742188 0.458333 0.742188 0.461111 0.748438 0.472222 0.748438 0.480556 0.754687 0.480556 0.754687 0.472222 0.75625 0.469444 0.757812 0.469444 0.759375 0.466667 0.759375 0.463889 0.7625 0.458333 0.7625 0.455556 0.764063 0.452778 0.764063 0.45 0.76875 0.441667 0.770312 0.441667 0.771875 0.438889 0.775 0.438889 0.776563 0.436111 0.784375 0.436111 0.7875 0.441667 0.7875 0.444444 0.789062 0.447222 0.789062 0.45 0.79375 0.45 0.795313 0.452778 0.796875 0.452778 0.798437 0.45 0.801562 0.45 0.803125 0.447222 0.803125 0.438889 0.804688 0.436111 0.804688 0.427778 0.80625 0.425 0.80625 0.391667 0.804688 0.388889 0.804688 0.380556 0.803125 0.377778 0.803125 0.375 0.8 0.369444 0.8 0.366667 0.798437 0.363889 0.798437 0.361111 0.796875 0.358333 0.796875 0.355556 0.79375 0.35 0.79375 0.338889
0 0.3375 0.694444 0.3375 0.705556 0.335938 0.708333 0.334375 0.708333 0.332812 0.711111 0.332812 0.713889 0.328125 0.722222 0.328125 0.725 0.326562 0.727778 0.326562 0.730556 0.325 0.733333 0.325 0.736111 0.323438 0.738889 0.323438 0.741667 0.321875 0.744444 0.321875 0.755556 0.320312 0.758333 0.320312 0.783333 0.31875 0.786111 0.31875 0.794444 0.317187 0.797222 0.317187 0.808333 0.315625 0.811111 0.315625 0.816667 0.314063 0.819444 0.314063 0.822222 0.3125 0.825 0.3125 0.830556 0.310937 0.833333 0.310937 0.836111 0.309375 0.838889 0.309375 0.844444 0.307813 0.847222 0.307813 0.85 0.30625 0.852778 0.30625 0.861111 0.304688 0.863889 0.304688 0.869444 0.303125 0.872222 0.303125 0.880556 0.301562 0.883333 0.301562 0.888889 0.3 0.891667 0.3 0.897222 0.298438 0.9 0.298438 0.905556 0.296875 0.908333 0.296875 0.913889 0.295312 0.916667 0.295312 0.919444 0.29375 0.922222 0.29375 0.925 0.290625 0.930556 0.290625 0.933333 0.289062 0.936111 0.289062 0.938889 0.285937 0.944444 0.285937 0.947222 0.275 0.966667 0.275 0.969444 0.271875 0.975 0.270312 0.975 0.267188 0.980556 0.265625 0.980556 0.2625 0.986111 0.260938 0.986111 0.259375 0.988889 0.253125 0.988889 0.253125 1 0.401563 1 0.401563 0.986111 0.396875 0.986111 0.39375 0.980556 0.39375 0.977778 0.38125 0.955556 0.38125 0.952778 0.379687 0.952778 0.376563 0.947222 0.376563 0.944444 0.375 0.941667 0.375 0.905556 0.376563 0.902778 0.376563 0.888889 0.378125 0.886111 0.378125 0.858333 0.379687 0.855556 0.379687 0.825 0.378125 0.822222 0.378125 0.805556 0.376563 0.802778 0.376563 0.791667 0.375 0.788889 0.375 0.780556 0.373437 0.777778 0.373437 0.769444 0.371875 0.766667 0.371875 0.763889 0.370313 0.761111 0.370313 0.75 0.36875 0.747222 0.36875 0.741667 0.367188 0.738889 0.367188 0.733333 0.365625 0.730556 0.365625 0.727778 0.364062 0.725 0.364062 0.719444 0.3625 0.716667 0.3625 0.711111 0.359375 0.705556 0.359375 0.694444
0 0.33125 0.705556 0.33125 0.716667 0.329688 0.719444 0.329688 0.722222 0.328125 0.725 0.328125 0.727778 0.326562 0.730556 0.326562 0.733333 0.325 0.736111 0.325 0.738889 0.323438 0.741667 0.323438 0.747222 0.321875 0.75 0.321875 0.763889 0.320312 0.766667 0.320312 0.788889 0.31875 0.791667 0.31875 0.8 0.317187 0.802778 0.317187 0.813889 0.315625 0.816667 0.315625 0.819444 0.314063 0.822222 0.314063 0.827778 0.3125 0.830556 0.3125 0.833333 0.310937 0.836111 0.310937 0.841667 0.309375 0.844444 0.309375 0.85 0.307813 0.852778 0.307813 0.855556 0.30625 0.858333 0.30625 0.863889 0.304688 0.866667 0.304688 0.872222 0.303125 0.875 0.303125 0.883333 0.301562 0.886111 0.301562 0.891667 0.3 0.894444 0.3 0.9 0.298438 0.902778 0.298438 0.908333 0.296875 0.911111 0.296875 0.916667 0.295312 0.919444 0.295312 0.922222 0.29375 0.925 0.29375 0.927778 0.290625 0.933333 0.290625 0.936111 0.289062 0.938889 0.289062 0.941667 0.285937 0.947222 0.285937 0.95 0.279687 0.961111 0.279687 0.963889 0.271875 0.977778 0.270312 0.977778 0.267188 0.983333 0.265625 0.983333 0.264062 0.986111 0.259375 0.986111 0.259375 1 0.401563 1 0.401563 0.988889 0.396875 0.988889 0.392188 0.980556 0.392188 0.977778 0.375 0.947222 0.375 0.941667 0.373437 0.938889 0.373437 0.919444 0.375 0.916667 0.375 0.894444 0.376563 0.891667 0.376563 0.869444 0.378125 0.866667 0.378125 0.813889 0.376563 0.811111 0.376563 0.797222 0.375 0.794444 0.375 0.783333 0.373437 0.780556 0.373437 0.775 0.371875 0.772222 0.371875 0.766667 0.370313 0.763889 0.370313 0.758333 0.36875 0.755556 0.36875 0.744444 0.367188 0.741667 0.367188 0.736111 0.365625 0.733333 0.365625 0.730556 0.364062 0.727778 0.364062 0.722222 0.3625 0.719444 0.3625 0.705556
2 0.721875 0.338889 0.721875 0.347222 0.71875 0.352778 0.717188 0.352778 0.714063 0.358333 0.7125 0.358333 0.709375 0.363889 0.707812 0.363889 0.704687 0.369444 0.703125 0.369444 0.7 0.375 0.698438 0.375 0.696875 0.377778 0.692187 0.377778 0.690625 0.380556 0.6875 0.380556 0.685938 0.383333 0.684375 0.383333 0.68125 0.388889 0.679688 0.388889 0.676562 0.394444 0.671875 0.394444 0.671875 0.452778 0.678125 0.452778 0.679688 0.455556 0.679688 0.458333 0.684375 0.466667 0.6875 0.466667 0.689062 0.469444 0.690625 0.469444 0.692187 0.466667 0.696875 0.466667 0.707812 0.447222 0.720312 0.447222 0.721875 0.45 0.723437 0.447222 0.732813 0.447222 0.734375 0.45 0.7375 0.45 0.742188 0.458333 0.742188 0.461111 0.748438 0.472222 0.748438 0.480556 0.754687 0.480556 0.754687 0.472222 0.75625 0.469444 0.757812 0.469444 0.759375 0.466667 0.759375 0.463889 0.7625 0.458333 0.7625 0.455556 0.764063 0.452778 0.764063 0.45 0.76875 0.441667 0.770312 0.441667 0.771875 0.438889 0.775 0.438889 0.776563 0.436111 0.784375 0.436111 0.7875 0.441667 0.7875 0.444444 0.789062 0.447222 0.789062 0.45 0.79375 0.45 0.795313 0.452778 0.796875 0.452778 0.798437 0.45 0.801562 0.45 0.803125 0.447222 0.803125 0.438889 0.804688 0.436111 0.804688 0.427778 0.80625 0.425 0.80625 0.391667 0.804688 0.388889 0.804688 0.380556 0.803125 0.377778 0.803125 0.375 0.8 0.369444 0.8 0.366667 0.798437 0.363889 0.798437 0.361111 0.796875 0.358333 0.796875 0.355556 0.79375 0.35 0.79375 0.338889
0 0.3375 0.694444 0.3375 0.705556 0.335938 0.708333 0.334375 0.708333 0.332812 0.711111 0.332812 0.713889 0.328125 0.722222 0.328125 0.725 0.326562 0.727778 0.326562 0.730556 0.325 0.733333 0.325 0.736111 0.323438 0.738889 0.323438 0.741667 0.321875 0.744444 0.321875 0.755556 0.320312 0.758333 0.320312 0.783333 0.31875 0.786111 0.31875 0.794444 0.317187 0.797222 0.317187 0.808333 0.315625 0.811111 0.315625 0.816667 0.314063 0.819444 0.314063 0.822222 0.3125 0.825 0.3125 0.830556 0.310937 0.833333 0.310937 0.836111 0.309375 0.838889 0.309375 0.844444 0.307813 0.847222 0.307813 0.85 0.30625 0.852778 0.30625 0.861111 0.304688 0.863889 0.304688 0.869444 0.303125 0.872222 0.303125 0.880556 0.301562 0.883333 0.301562 0.888889 0.3 0.891667 0.3 0.897222 0.298438 0.9 0.298438 0.905556 0.296875 0.908333 0.296875 0.913889 0.295312 0.916667 0.295312 0.919444 0.29375 0.922222 0.29375 0.925 0.290625 0.930556 0.290625 0.933333 0.289062 0.936111 0.289062 0.938889 0.285937 0.944444 0.285937 0.947222 0.275 0.966667 0.275 0.969444 0.271875 0.975 0.270312 0.975 0.267188 0.980556 0.265625 0.980556 0.2625 0.986111 0.260938 0.986111 0.259375 0.988889 0.253125 0.988889 0.253125 1 0.401563 1 0.401563 0.986111 0.396875 0.986111 0.39375 0.980556 0.39375 0.977778 0.38125 0.955556 0.38125 0.952778 0.379687 0.952778 0.376563 0.947222 0.376563 0.944444 0.375 0.941667 0.375 0.905556 0.376563 0.902778 0.376563 0.888889 0.378125 0.886111 0.378125 0.858333 0.379687 0.855556 0.379687 0.825 0.378125 0.822222 0.378125 0.805556 0.376563 0.802778 0.376563 0.791667 0.375 0.788889 0.375 0.780556 0.373437 0.777778 0.373437 0.769444 0.371875 0.766667 0.371875 0.763889 0.370313 0.761111 0.370313 0.75 0.36875 0.747222 0.36875 0.741667 0.367188 0.738889 0.367188 0.733333 0.365625 0.730556 0.365625 0.727778 0.364062 0.725 0.364062 0.719444 0.3625 0.716667 0.3625 0.711111 0.359375 0.705556 0.359375 0.694444
0 0.33125 0.705556 0.33125 0.716667 0.329688 0.719444 0.329688 0.722222 0.328125 0.725 0.328125 0.727778 0.326562 0.730556 0.326562 0.733333 0.325 0.736111 0.325 0.738889 0.323438 0.741667 0.323438 0.747222 0.321875 0.75 0.321875 0.763889 0.320312 0.766667 0.320312 0.788889 0.31875 0.791667 0.31875 0.8 0.317187 0.802778 0.317187 0.813889 0.315625 0.816667 0.315625 0.819444 0.314063 0.822222 0.314063 0.827778 0.3125 0.830556 0.3125 0.833333 0.310937 0.836111 0.310937 0.841667 0.309375 0.844444 0.309375 0.85 0.307813 0.852778 0.307813 0.855556 0.30625 0.858333 0.30625 0.863889 0.304688 0.866667 0.304688 0.872222 0.303125 0.875 0.303125 0.883333 0.301562 0.886111 0.301562 0.891667 0.3 0.894444 0.3 0.9 0.298438 0.902778 0.298438 0.908333 0.296875 0.911111 0.296875 0.916667 0.295312 0.919444 0.295312 0.922222 0.29375 0.925 0.29375 0.927778 0.290625 0.933333 0.290625 0.936111 0.289062 0.938889 0.289062 0.941667 0.285937 0.947222 0.285937 0.95 0.279687 0.961111 0.279687 0.963889 0.271875 0.977778 0.270312 0.977778 0.267188 0.983333 0.265625 0.983333 0.264062 0.986111 0.259375 0.986111 0.259375 1 0.401563 1 0.401563 0.988889 0.396875 0.988889 0.392188 0.980556 0.392188 0.977778 0.375 0.947222 0.375 0.941667 0.373437 0.938889 0.373437 0.919444 0.375 0.916667 0.375 0.894444 0.376563 0.891667 0.376563 0.869444 0.378125 0.866667 0.378125 0.813889 0.376563 0.811111 0.376563 0.797222 0.375 0.794444 0.375 0.783333 0.373437 0.780556 0.373437 0.775 0.371875 0.772222 0.371875 0.766667 0.370313 0.763889 0.370313 0.758333 0.36875 0.755556 0.36875 0.744444 0.367188 0.741667 0.367188 0.736111 0.365625 0.733333 0.365625 0.730556 0.364062 0.727778 0.364062 0.722222 0.3625 0.719444 0.3625 0.705556
2 0.721875 0.338889 0.721875 0.347222 0.71875 0.352778 0.717188 0.352778 0.714063 0.358333 0.7125 0.358333 0.709375 0.363889 0.707812 0.363889 0.704687 0.369444 0.703125 0.369444 0.7 0.375 0.698438 0.375 0.696875 0.377778 0.692187 0.377778 0.690625 0.380556 0.6875 0.380556 0.685938 0.383333 0.684375 0.383333 0.68125 0.388889 0.679688 0.388889 0.676562 0.394444 0.671875 0.394444 0.671875 0.452778 0.678125 0.452778 0.679688 0.455556 0.679688 0.458333 0.684375 0.466667 0.6875 0.466667 0.689062 0.469444 0.690625 0.469444 0.692187 0.466667 0.696875 0.466667 0.707812 0.447222 0.720312 0.447222 0.721875 0.45 0.723437 0.447222 0.732813 0.447222 0.734375 0.45 0.7375 0.45 0.742188 0.458333 0.742188 0.461111 0.748438 0.472222 0.748438 0.480556 0.754687 0.480556 0.754687 0.472222 0.75625 0.469444 0.757812 0.469444 0.759375 0.466667 0.759375 0.463889 0.7625 0.458333 0.7625 0.455556 0.764063 0.452778 0.764063 0.45 0.76875 0.441667 0.770312 0.441667 0.771875 0.438889 0.775 0.438889 0.776563 0.436111 0.784375 0.436111 0.7875 0.441667 0.7875 0.444444 0.789062 0.447222 0.789062 0.45 0.79375 0.45 0.795313 0.452778 0.796875 0.452778 0.798437 0.45 0.801562 0.45 0.803125 0.447222 0.803125 0.438889 0.804688 0.436111 0.804688 0.427778 0.80625 0.425 0.80625 0.391667 0.804688 0.388889 0.804688 0.380556 0.803125 0.377778 0.803125 0.375 0.8 0.369444 0.8 0.366667 0.798437 0.363889 0.798437 0.361111 0.796875 0.358333 0.796875 0.355556 0.79375 0.35 0.79375 0.338889
0 0.3375 0.694444 0.3375 0.705556 0.335938 0.708333 0.334375 0.708333 0.332812 0.711111 0.332812 0.713889 0.328125 0.722222 0.328125 0.725 0.326562 0.727778 0.326562 0.730556 0.325 0.733333 0.325 0.736111 0.323438 0.738889 0.323438 0.741667 0.321875 0.744444 0.321875 0.755556 0.320312 0.758333 0.320312 0.783333 0.31875 0.786111 0.31875 0.794444 0.317187 0.797222 0.317187 0.808333 0.315625 0.811111 0.315625 0.816667 0.314063 0.819444 0.314063 0.822222 0.3125 0.825 0.3125 0.830556 0.310937 0.833333 0.310937 0.836111 0.309375 0.838889 0.309375 0.844444 0.307813 0.847222 0.307813 0.85 0.30625 0.852778 0.30625 0.861111 0.304688 0.863889 0.304688 0.869444 0.303125 0.872222 0.303125 0.880556 0.301562 0.883333 0.301562 0.888889 0.3 0.891667 0.3 0.897222 0.298438 0.9 0.298438 0.905556 0.296875 0.908333 0.296875 0.913889 0.295312 0.916667 0.295312 0.919444 0.29375 0.922222 0.29375 0.925 0.290625 0.930556 0.290625 0.933333 0.289062 0.936111 0.289062 0.938889 0.285937 0.944444 0.285937 0.947222 0.275 0.966667 0.275 0.969444 0.271875 0.975 0.270312 0.975 0.267188 0.980556 0.265625 0.980556 0.2625 0.986111 0.260938 0.986111 0.259375 0.988889 0.253125 0.988889 0.253125 1 0.401563 1 0.401563 0.986111 0.396875 0.986111 0.39375 0.980556 0.39375 0.977778 0.38125 0.955556 0.38125 0.952778 0.379687 0.952778 0.376563 0.947222 0.376563 0.944444 0.375 0.941667 0.375 0.905556 0.376563 0.902778 0.376563 0.888889 0.378125 0.886111 0.378125 0.858333 0.379687 0.855556 0.379687 0.825 0.378125 0.822222 0.378125 0.805556 0.376563 0.802778 0.376563 0.791667 0.375 0.788889 0.375 0.780556 0.373437 0.777778 0.373437 0.769444 0.371875 0.766667 0.371875 0.763889 0.370313 0.761111 0.370313 0.75 0.36875 0.747222 0.36875 0.741667 0.367188 0.738889 0.367188 0.733333 0.365625 0.730556 0.365625 0.727778 0.364062 0.725 0.364062 0.719444 0.3625 0.716667 0.3625 0.711111 0.359375 0.705556 0.359375 0.694444
0 0.33125 0.705556 0.33125 0.716667 0.329688 0.719444 0.329688 0.722222 0.328125 0.725 0.328125 0.727778 0.326562 0.730556 0.326562 0.733333 0.325 0.736111 0.325 0.738889 0.323438 0.741667 0.323438 0.747222 0.321875 0.75 0.321875 0.763889 0.320312 0.766667 0.320312 0.788889 0.31875 0.791667 0.31875 0.8 0.317187 0.802778 0.317187 0.813889 0.315625 0.816667 0.315625 0.819444 0.314063 0.822222 0.314063 0.827778 0.3125 0.830556 0.3125 0.833333 0.310937 0.836111 0.310937 0.841667 0.309375 0.844444 0.309375 0.85 0.307813 0.852778 0.307813 0.855556 0.30625 0.858333 0.30625 0.863889 0.304688 0.866667 0.304688 0.872222 0.303125 0.875 0.303125 0.883333 0.301562 0.886111 0.301562 0.891667 0.3 0.894444 0.3 0.9 0.298438 0.902778 0.298438 0.908333 0.296875 0.911111 0.296875 0.916667 0.295312 0.919444 0.295312 0.922222 0.29375 0.925 0.29375 0.927778 0.290625 0.933333 0.290625 0.936111 0.289062 0.938889 0.289062 0.941667 0.285937 0.947222 0.285937 0.95 0.279687 0.961111 0.279687 0.963889 0.271875 0.977778 0.270312 0.977778 0.267188 0.983333 0.265625 0.983333 0.264062 0.986111 0.259375 0.986111 0.259375 1 0.401563 1 0.401563 0.988889 0.396875 0.988889 0.392188 0.980556 0.392188 0.977778 0.375 0.947222 0.375 0.941667 0.373437 0.938889 0.373437 0.919444 0.375 0.916667 0.375 0.894444 0.376563 0.891667 0.376563 0.869444 0.378125 0.866667 0.378125 0.813889 0.376563 0.811111 0.376563 0.797222 0.375 0.794444 0.375 0.783333 0.373437 0.780556 0.373437 0.775 0.371875 0.772222 0.371875 0.766667 0.370313 0.763889 0.370313 0.758333 0.36875 0.755556 0.36875 0.744444 0.367188 0.741667 0.367188 0.736111 0.365625 0.733333 0.365625 0.730556 0.364062 0.727778 0.364062 0.722222 0.3625 0.719444 0.3625 0.705556
2 0.721875 0.338889 0.721875 0.347222 0.71875 0.352778 0.717188 0.352778 0.714063 0.358333 0.7125 0.358333 0.709375 0.363889 0.707812 0.363889 0.704687 0.369444 0.703125 0.369444 0.7 0.375 0.698438 0.375 0.696875 0.377778 0.692187 0.377778 0.690625 0.380556 0.6875 0.380556 0.685938 0.383333 0.684375 0.383333 0.68125 0.388889 0.679688 0.388889 0.676562 0.394444 0.671875 0.394444 0.671875 0.452778 0.678125 0.452778 0.679688 0.455556 0.679688 0.458333 0.684375 0.466667 0.6875 0.466667 0.689062 0.469444 0.690625 0.469444 0.692187 0.466667 0.696875 0.466667 0.707812 0.447222 0.720312 0.447222 0.721875 0.45 0.723437 0.447222 0.732813 0.447222 0.734375 0.45 0.7375 0.45 0.742188 0.458333 0.742188 0.461111 0.748438 0.472222 0.748438 0.480556 0.754687 0.480556 0.754687 0.472222 0.75625 0.469444 0.757812 0.469444 0.759375 0.466667 0.759375 0.463889 0.7625 0.458333 0.7625 0.455556 0.764063 0.452778 0.764063 0.45 0.76875 0.441667 0.770312 0.441667 0.771875 0.438889 0.775 0.438889 0.776563 0.436111 0.784375 0.436111 0.7875 0.441667 0.7875 0.444444 0.789062 0.447222 0.789062 0.45 0.79375 0.45 0.795313 0.452778 0.796875 0.452778 0.798437 0.45 0.801562 0.45 0.803125 0.447222 0.803125 0.438889 0.804688 0.436111 0.804688 0.427778 0.80625 0.425 0.80625 0.391667 0.804688 0.388889 0.804688 0.380556 0.803125 0.377778 0.803125 0.375 0.8 0.369444 0.8 0.366667 0.798437 0.363889 0.798437 0.361111 0.796875 0.358333 0.796875 0.355556 0.79375 0.35 0.79375 0.338889
0 0.3375 0.694444 0.3375 0.705556 0.335938 0.708333 0.334375 0.708333 0.332812 0.711111 0.332812 0.713889 0.328125 0.722222 0.328125 0.725 0.326562 0.727778 0.326562 0.730556 0.325 0.733333 0.325 0.736111 0.323438 0.738889 0.323438 0.741667 0.321875 0.744444 0.321875 0.755556 0.320312 0.758333 0.320312 0.783333 0.31875 0.786111 0.31875 0.794444 0.317187 0.797222 0.317187 0.808333 0.315625 0.811111 0.315625 0.816667 0.314063 0.819444 0.314063 0.822222 0.3125 0.825 0.3125 0.830556 0.310937 0.833333 0.310937 0.836111 0.309375 0.838889 0.309375 0.844444 0.307813 0.847222 0.307813 0.85 0.30625 0.852778 0.30625 0.861111 0.304688 0.863889 0.304688 0.869444 0.303125 0.872222 0.303125 0.880556 0.301562 0.883333 0.301562 0.888889 0.3 0.891667 0.3 0.897222 0.298438 0.9 0.298438 0.905556 0.296875 0.908333 0.296875 0.913889 0.295312 0.916667 0.295312 0.919444 0.29375 0.922222 0.29375 0.925 0.290625 0.930556 0.290625 0.933333 0.289062 0.936111 0.289062 0.938889 0.285937 0.944444 0.285937 0.947222 0.275 0.966667 0.275 0.969444 0.271875 0.975 0.270312 0.975 0.267188 0.980556 0.265625 0.980556 0.2625 0.986111 0.260938 0.986111 0.259375 0.988889 0.253125 0.988889 0.253125 1 0.401563 1 0.401563 0.986111 0.396875 0.986111 0.39375 0.980556 0.39375 0.977778 0.38125 0.955556 0.38125 0.952778 0.379687 0.952778 0.376563 0.947222 0.376563 0.944444 0.375 0.941667 0.375 0.905556 0.376563 0.902778 0.376563 0.888889 0.378125 0.886111 0.378125 0.858333 0.379687 0.855556 0.379687 0.825 0.378125 0.822222 0.378125 0.805556 0.376563 0.802778 0.376563 0.791667 0.375 0.788889 0.375 0.780556 0.373437 0.777778 0.373437 0.769444 0.371875 0.766667 0.371875 0.763889 0.370313 0.761111 0.370313 0.75 0.36875 0.747222 0.36875 0.741667 0.367188 0.738889 0.367188 0.733333 0.365625 0.730556 0.365625 0.727778 0.364062 0.725 0.364062 0.719444 0.3625 0.716667 0.3625 0.711111 0.359375 0.705556 0.359375 0.694444
0 0.33125 0.705556 0.33125 0.716667 0.329688 0.719444 0.329688 0.722222 0.328125 0.725 0.328125 0.727778 0.326562 0.730556 0.326562 0.733333 0.325 0.736111 0.325 0.738889 0.323438 0.741667 0.323438 0.747222 0.321875 0.75 0.321875 0.763889 0.320312 0.766667 0.320312 0.788889 0.31875 0.791667 0.31875 0.8 0.317187 0.802778 0.317187 0.813889 0.315625 0.816667 0.315625 0.819444 0.314063 0.822222 0.314063 0.827778 0.3125 0.830556 0.3125 0.833333 0.310937 0.836111 0.310937 0.841667 0.309375 0.844444 0.309375 0.85 0.307813 0.852778 0.307813 0.855556 0.30625 0.858333 0.30625 0.863889 0.304688 0.866667 0.304688 0.872222 0.303125 0.875 0.303125 0.883333 0.301562 0.886111 0.301562 0.891667 0.3 0.894444 0.3 0.9 0.298438 0.902778 0.298438 0.908333 0.296875 0.911111 0.296875 0.916667 0.295312 0.919444 0.295312 0.922222 0.29375 0.925 0.29375 0.927778 0.290625 0.933333 0.290625 0.936111 0.289062 0.938889 0.289062 0.941667 0.285937 0.947222 0.285937 0.95 0.279687 0.961111 0.279687 0.963889 0.271875 0.977778 0.270312 0.977778 0.267188 0.983333 0.265625 0.983333 0.264062 0.986111 0.259375 0.986111 0.259375 1 0.401563 1 0.401563 0.988889 0.396875 0.988889 0.392188 0.980556 0.392188 0.977778 0.375 0.947222 0.375 0.941667 0.373437 0.938889 0.373437 0.919444 0.375 0.916667 0.375 0.894444 0.376563 0.891667 0.376563 0.869444 0.378125 0.866667 0.378125 0.813889 0.376563 0.811111 0.376563 0.797222 0.375 0.794444 0.375 0.783333 0.373437 0.780556 0.373437 0.775 0.371875 0.772222 0.371875 0.766667 0.370313 0.763889 0.370313 0.758333 0.36875 0.755556 0.36875 0.744444 0.367188 0.741667 0.367188 0.736111 0.365625 0.733333 0.365625 0.730556 0.364062 0.727778 0.364062 0.722222 0.3625 0.719444 0.3625 0.705556
