67 0.090625 0.0166667 0.090625 0.75 0.0953125 0.75 0.096875 0.752778 0.096875 0.777778 0.0984375 0.780556 0.0984375 0.822222 0.1 0.825 0.1 0.858333 0.101562 0.861111 0.101562 0.886111 0.103125 0.888889 0.103125 0.9 0.104687 0.902778 0.104687 0.905556 0.10625 0.908333 0.10625 0.911111 0.107813 0.913889 0.107813 0.916667 0.115625 0.930556 0.117188 0.930556 0.121875 0.938889 0.123438 0.938889 0.126563 0.944444 0.128125 0.944444 0.132812 0.952778 0.134375 0.952778 0.135937 0.955556 0.1375 0.955556 0.140625 0.961111 0.142188 0.961111 0.14375 0.963889 0.145313 0.963889 0.146875 0.966667 0.148438 0.966667 0.151562 0.972222 0.151562 0.980556 0.378125 0.980556 0.378125 0.972222 0.38125 0.966667 0.390625 0.966667 0.392188 0.963889 0.39375 0.963889 0.395312 0.961111 0.4 0.961111 0.401563 0.963889 0.403125 0.961111 0.40625 0.961111 0.407813 0.958333 0.4125 0.958333 0.414062 0.961111 0.415625 0.958333 0.423438 0.958333 0.425 0.955556 0.45625 0.955556 0.457812 0.952778 0.484375 0.952778 0.485938 0.95 0.504687 0.95 0.50625 0.952778 0.515625 0.952778 0.517187 0.955556 0.529688 0.955556 0.53125 0.952778 0.542188 0.952778 0.54375 0.95 0.548437 0.95 0.55 0.952778 0.575 0.952778 0.576563 0.95 0.578125 0.952778 0.598437 0.952778 0.6 0.95 0.682813 0.95 0.684375 0.947222 0.739062 0.947222 0.740625 0.944444 0.754687 0.944444 0.75625 0.941667 0.7625 0.941667 0.764063 0.944444 0.765625 0.941667 0.779688 0.941667 0.78125 0.938889 0.79375 0.938889 0.795313 0.936111 0.796875 0.936111 0.798437 0.938889 0.814062 0.938889 0.815625 0.936111 0.820312 0.936111 0.821875 0.933333 0.823438 0.933333 0.825 0.936111 0.828125 0.936111 0.829687 0.933333 0.848437 0.933333 0.85 0.930556 0.867188 0.930556 0.86875 0.927778 0.875 0.927778 0.876562 0.925 0.878125 0.925 0.88125 0.919444 0.882812 0.919444 0.884375 0.916667 0.885938 0.916667 0.8875 0.913889 0.889063 0.913889 0.89375 0.905556 0.895312 0.905556 0.901563 0.894444 0.903125 0.894444 0.907812 0.886111 0.909375 0.886111 0.910937 0.883333 0.910937 0.880556 0.915625 0.872222 0.915625 0.863889 0.917188 0.861111 0.917188 0.841667 0.91875 0.838889 0.91875 0.813889 0.920313 0.811111 0.920313 0.763889 0.921875 0.761111 0.921875 0.688889 0.923437 0.686111 0.923437 0.619444 0.925 0.616667 0.925 0.594444 0.926562 0.591667 0.926562 0.547222 0.928125 0.544444 0.928125 0.486111 0.929688 0.483333 0.929688 0.441667 0.93125 0.438889 0.93125 0.402778 0.932813 0.4 0.932813 0.377778 0.934375 0.375 0.934375 0.322222 0.935938 0.319444 0.935938 0.241667 0.9375 0.238889 0.9375 0.197222 0.939062 0.194444 0.939062 0.186111 0.9375 0.183333 0.939062 0.180556 0.939062 0.172222 0.940625 0.169444 0.945312 0.169444 0.945312 0.0166667
62 0.090625 0.0166667 0.090625 0.75 0.0953125 0.75 0.096875 0.752778 0.096875 0.777778 0.0984375 0.780556 0.0984375 0.822222 0.1 0.825 0.1 0.858333 0.101562 0.861111 0.101562 0.886111 0.103125 0.888889 0.103125 0.9 0.104687 0.902778 0.104687 0.905556 0.10625 0.908333 0.10625 0.911111 0.107813 0.913889 0.107813 0.916667 0.115625 0.930556 0.117188 0.930556 0.121875 0.938889 0.123438 0.938889 0.126563 0.944444 0.128125 0.944444 0.132812 0.952778 0.134375 0.952778 0.135937 0.955556 0.1375 0.955556 0.140625 0.961111 0.142188 0.961111 0.14375 0.963889 0.145313 0.963889 0.146875 0.966667 0.148438 0.966667 0.151562 0.972222 0.151562 0.980556 0.378125 0.980556 0.378125 0.972222 0.38125 0.966667 0.390625 0.966667 0.392188 0.963889 0.39375 0.963889 0.395312 0.961111 0.4 0.961111 0.401563 0.963889 0.403125 0.961111 0.40625 0.961111 0.407813 0.958333 0.4125 0.958333 0.414062 0.961111 0.415625 0.958333 0.423438 0.958333 0.425 0.955556 0.45625 0.955556 0.457812 0.952778 0.484375 0.952778 0.485938 0.95 0.504687 0.95 0.50625 0.952778 0.515625 0.952778 0.517187 0.955556 0.529688 0.955556 0.53125 0.952778 0.542188 0.952778 0.54375 0.95 0.548437 0.95 0.55 0.952778 0.575 0.952778 0.576563 0.95 0.578125 0.952778 0.598437 0.952778 0.6 0.95 0.682813 0.95 0.684375 0.947222 0.739062 0.947222 0.740625 0.944444 0.754687 0.944444 0.75625 0.941667 0.7625 0.941667 0.764063 0.944444 0.765625 0.941667 0.779688 0.941667 0.78125 0.938889 0.79375 0.938889 0.795313 0.936111 0.796875 0.936111 0.798437 0.938889 0.814062 0.938889 0.815625 0.936111 0.820312 0.936111 0.821875 0.933333 0.823438 0.933333 0.825 0.936111 0.828125 0.936111 0.829687 0.933333 0.848437 0.933333 0.85 0.930556 0.867188 0.930556 0.86875 0.927778 0.875 0.927778 0.876562 0.925 0.878125 0.925 0.88125 0.919444 0.882812 0.919444 0.884375 0.916667 0.885938 0.916667 0.8875 0.913889 0.889063 0.913889 0.89375 0.905556 0.895312 0.905556 0.901563 0.894444 0.903125 0.894444 0.907812 0.886111 0.909375 0.886111 0.910937 0.883333 0.910937 0.880556 0.915625 0.872222 0.915625 0.863889 0.917188 0.861111 0.917188 0.841667 0.91875 0.838889 0.91875 0.813889 0.920313 0.811111 0.920313 0.763889 0.921875 0.761111 0.921875 0.688889 0.923437 0.686111 0.923437 0.619444 0.925 0.616667 0.925 0.594444 0.926562 0.591667 0.926562 0.547222 0.928125 0.544444 0.928125 0.486111 0.929688 0.483333 0.929688 0.441667 0.93125 0.438889 0.93125 0.402778 0.932813 0.4 0.932813 0.377778 0.934375 0.375 0.934375 0.322222 0.935938 0.319444 0.935938 0.241667 0.9375 0.238889 0.9375 0.197222 0.939062 0.194444 0.939062 0.186111 0.9375 0.183333 0.939062 0.180556 0.939062 0.172222 0.940625 0.169444 0.945312 0.169444 0.945312 0.0166667
67 0.090625 0.0166667 0.090625 0.75 0.0953125 0.75 0.096875 0.752778 0.096875 0.777778 0.0984375 0.780556 0.0984375 0.822222 0.1 0.825 0.1 0.858333 0.101562 0.861111 0.101562 0.886111 0.103125 0.888889 0.103125 0.9 0.104687 0.902778 0.104687 0.905556 0.10625 0.908333 0.10625 0.911111 0.107813 0.913889 0.107813 0.916667 0.115625 0.930556 0.117188 0.930556 0.121875 0.938889 0.123438 0.938889 0.126563 0.944444 0.128125 0.944444 0.132812 0.952778 0.134375 0.952778 0.135937 0.955556 0.1375 0.955556 0.140625 0.961111 0.142188 0.961111 0.14375 0.963889 0.145313 0.963889 0.146875 0.966667 0.148438 0.966667 0.151562 0.972222 0.151562 0.980556 0.378125 0.980556 0.378125 0.972222 0.38125 0.966667 0.390625 0.966667 0.392188 0.963889 0.39375 0.963889 0.395312 0.961111 0.4 0.961111 0.401563 0.963889 0.403125 0.961111 0.40625 0.961111 0.407813 0.958333 0.4125 0.958333 0.414062 0.961111 0.415625 0.958333 0.423438 0.958333 0.425 0.955556 0.45625 0.955556 0.457812 0.952778 0.484375 0.952778 0.485938 0.95 0.504687 0.95 0.50625 0.952778 0.515625 0.952778 0.517187 0.955556 0.529688 0.955556 0.53125 0.952778 0.542188 0.952778 0.54375 0.95 0.548437 0.95 0.55 0.952778 0.575 0.952778 0.576563 0.95 0.578125 0.952778 0.598437 0.952778 0.6 0.95 0.682813 0.95 0.684375 0.947222 0.739062 0.947222 0.740625 0.944444 0.754687 0.944444 0.75625 0.941667 0.7625 0.941667 0.764063 0.944444 0.765625 0.941667 0.779688 0.941667 0.78125 0.938889 0.79375 0.938889 0.795313 0.936111 0.796875 0.936111 0.798437 0.938889 0.814062 0.938889 0.815625 0.936111 0.820312 0.936111 0.821875 0.933333 0.823438 0.933333 0.825 0.936111 0.828125 0.936111 0.829687 0.933333 0.848437 0.933333 0.85 0.930556 0.867188 0.930556 0.86875 0.927778 0.875 0.927778 0.876562 0.925 0.878125 0.925 0.88125 0.919444 0.882812 0.919444 0.884375 0.916667 0.885938 0.916667 0.8875 0.913889 0.889063 0.913889 0.89375 0.905556 0.895312 0.905556 0.901563 0.894444 0.903125 0.894444 0.907812 0.886111 0.909375 0.886111 0.910937 0.883333 0.910937 0.880556 0.915625 0.872222 0.915625 0.863889 0.917188 0.861111 0.917188 0.841667 0.91875 0.838889 0.91875 0.813889 0.920313 0.811111 0.920313 0.763889 0.921875 0.761111 0.921875 0.688889 0.923437 0.686111 0.923437 0.619444 0.925 0.616667 0.925 0.594444 0.926562 0.591667 0.926562 0.547222 0.928125 0.544444 0.928125 0.486111 0.929688 0.483333 0.929688 0.441667 0.93125 0.438889 0.93125 0.402778 0.932813 0.4 0.932813 0.377778 0.934375 0.375 0.934375 0.322222 0.935938 0.319444 0.935938 0.241667 0.9375 0.238889 0.9375 0.197222 0.939062 0.194444 0.939062 0.186111 0.9375 0.183333 0.939062 0.180556 0.939062 0.172222 0.940625 0.169444 0.945312 0.169444 0.945312 0.0166667
62 0.090625 0.0166667 0.090625 0.75 0.0953125 0.75 0.096875 0.752778 0.096875 0.777778 0.0984375 0.780556 0.0984375 0.822222 0.1 0.825 0.1 0.858333 0.101562 0.861111 0.101562 0.886111 0.103125 0.888889 0.103125 0.9 0.104687 0.902778 0.104687 0.905556 0.10625 0.908333 0.10625 0.911111 0.107813 0.913889 0.107813 0.916667 0.115625 0.930556 0.117188 0.930556 0.121875 0.938889 0.123438 0.938889 0.126563 0.944444 0.128125 0.944444 0.132812 0.952778 0.134375 0.952778 0.135937 0.955556 0.1375 0.955556 0.140625 0.961111 0.142188 0.961111 0.14375 0.963889 0.145313 0.963889 0.146875 0.966667 0.148438 0.966667 0.151562 0.972222 0.151562 0.980556 0.378125 0.980556 0.378125 0.972222 0.38125 0.966667 0.390625 0.966667 0.392188 0.963889 0.39375 0.963889 0.395312 0.961111 0.4 0.961111 0.401563 0.963889 0.403125 0.961111 0.40625 0.961111 0.407813 0.958333 0.4125 0.958333 0.414062 0.961111 0.415625 0.958333 0.423438 0.958333 0.425 0.955556 0.45625 0.955556 0.457812 0.952778 0.484375 0.952778 0.485938 0.95 0.504687 0.95 0.50625 0.952778 0.515625 0.952778 0.517187 0.955556 0.529688 0.955556 0.53125 0.952778 0.542188 0.952778 0.54375 0.95 0.548437 0.95 0.55 0.952778 0.575 0.952778 0.576563 0.95 0.578125 0.952778 0.598437 0.952778 0.6 0.95 0.682813 0.95 0.684375 0.947222 0.739062 0.947222 0.740625 0.944444 0.754687 0.944444 0.75625 0.941667 0.7625 0.941667 0.764063 0.944444 0.765625 0.941667 0.779688 0.941667 0.78125 0.938889 0.79375 0.938889 0.795313 0.936111 0.796875 0.936111 0.798437 0.938889 0.814062 0.938889 0.815625 0.936111 0.820312 0.936111 0.821875 0.933333 0.823438 0.933333 0.825 0.936111 0.828125 0.936111 0.829687 0.933333 0.848437 0.933333 0.85 0.930556 0.867188 0.930556 0.86875 0.927778 0.875 0.927778 0.876562 0.925 0.878125 0.925 0.88125 0.919444 0.882812 0.919444 0.884375 0.916667 0.885938 0.916667 0.8875 0.913889 0.889063 0.913889 0.89375 0.905556 0.895312 0.905556 0.901563 0.894444 0.903125 0.894444 0.907812 0.886111 0.909375 0.886111 0.910937 0.883333 0.910937 0.880556 0.915625 0.872222 0.915625 0.863889 0.917188 0.861111 0.917188 0.841667 0.91875 0.838889 0.91875 0.813889 0.920313 0.811111 0.920313 0.763889 0.921875 0.761111 0.921875 0.688889 0.923437 0.686111 0.923437 0.619444 0.925 0.616667 0.925 0.594444 0.926562 0.591667 0.926562 0.547222 0.928125 0.544444 0.928125 0.486111 0.929688 0.483333 0.929688 0.441667 0.93125 0.438889 0.93125 0.402778 0.932813 0.4 0.932813 0.377778 0.934375 0.375 0.934375 0.322222 0.935938 0.319444 0.935938 0.241667 0.9375 0.238889 0.9375 0.197222 0.939062 0.194444 0.939062 0.186111 0.9375 0.183333 0.939062 0.180556 0.939062 0.172222 0.940625 0.169444 0.945312 0.169444 0.945312 0.0166667
67 0.090625 0.0166667 0.090625 0.75 0.0953125 0.75 0.096875 0.752778 0.096875 0.777778 0.0984375 0.780556 0.0984375 0.822222 0.1 0.825 0.1 0.858333 0.101562 0.861111 0.101562 0.886111 0.103125 0.888889 0.103125 0.9 0.104687 0.902778 0.104687 0.905556 0.10625 0.908333 0.10625 0.911111 0.107813 0.913889 0.107813 0.916667 0.115625 0.930556 0.117188 0.930556 0.121875 0.938889 0.123438 0.938889 0.126563 0.944444 0.128125 0.944444 0.132812 0.952778 0.134375 0.952778 0.135937 0.955556 0.1375 0.955556 0.140625 0.961111 0.142188 0.961111 0.14375 0.963889 0.145313 0.963889 0.146875 0.966667 0.148438 0.966667 0.151562 0.972222 0.151562 0.980556 0.378125 0.980556 0.378125 0.972222 0.38125 0.966667 0.390625 0.966667 0.392188 0.963889 0.39375 0.963889 0.395312 0.961111 0.4 0.961111 0.401563 0.963889 0.403125 0.961111 0.40625 0.961111 0.407813 0.958333 0.4125 0.958333 0.414062 0.961111 0.415625 0.958333 0.423438 0.958333 0.425 0.955556 0.45625 0.955556 0.457812 0.952778 0.484375 0.952778 0.485938 0.95 0.504687 0.95 0.50625 0.952778 0.515625 0.952778 0.517187 0.955556 0.529688 0.955556 0.53125 0.952778 0.542188 0.952778 0.54375 0.95 0.548437 0.95 0.55 0.952778 0.575 0.952778 0.576563 0.95 0.578125 0.952778 0.598437 0.952778 0.6 0.95 0.682813 0.95 0.684375 0.947222 0.739062 0.947222 0.740625 0.944444 0.754687 0.944444 0.75625 0.941667 0.7625 0.941667 0.764063 0.944444 0.765625 0.941667 0.779688 0.941667 0.78125 0.938889 0.79375 0.938889 0.795313 0.936111 0.796875 0.936111 0.798437 0.938889 0.814062 0.938889 0.815625 0.936111 0.820312 0.936111 0.821875 0.933333 0.823438 0.933333 0.825 0.936111 0.828125 0.936111 0.829687 0.933333 0.848437 0.933333 0.85 0.930556 0.867188 0.930556 0.86875 0.927778 0.875 0.927778 0.876562 0.925 0.878125 0.925 0.88125 0.919444 0.882812 0.919444 0.884375 0.916667 0.885938 0.916667 0.8875 0.913889 0.889063 0.913889 0.89375 0.905556 0.895312 0.905556 0.901563 0.894444 0.903125 0.894444 0.907812 0.886111 0.909375 0.886111 0.910937 0.883333 0.910937 0.880556 0.915625 0.872222 0.915625 0.863889 0.917188 0.861111 0.917188 0.841667 0.91875 0.838889 0.91875 0.813889 0.920313 0.811111 0.920313 0.763889 0.921875 0.761111 0.921875 0.688889 0.923437 0.686111 0.923437 0.619444 0.925 0.616667 0.925 0.594444 0.926562 0.591667 0.926562 0.547222 0.928125 0.544444 0.928125 0.486111 0.929688 0.483333 0.929688 0.441667 0.93125 0.438889 0.93125 0.402778 0.932813 0.4 0.932813 0.377778 0.934375 0.375 0.934375 0.322222 0.935938 0.319444 0.935938 0.241667 0.9375 0.238889 0.9375 0.197222 0.939062 0.194444 0.939062 0.186111 0.9375 0.183333 0.939062 0.180556 0.939062 0.172222 0.940625 0.169444 0.945312 0.169444 0.945312 0.0166667
62 0.090625 0.0166667 0.090625 0.75 0.0953125 0.75 0.096875 0.752778 0.096875 0.777778 0.0984375 0.780556 0.0984375 0.822222 0.1 0.825 0.1 0.858333 0.101562 0.861111 0.101562 0.886111 0.103125 0.888889 0.103125 0.9 0.104687 0.902778 0.104687 0.905556 0.10625 0.908333 0.10625 0.911111 0.107813 0.913889 0.107813 0.916667 0.115625 0.930556 0.117188 0.930556 0.121875 0.938889 0.123438 0.938889 0.126563 0.944444 0.128125 0.944444 0.132812 0.952778 0.134375 0.952778 0.135937 0.955556 0.1375 0.955556 0.140625 0.961111 0.142188 0.961111 0.14375 0.963889 0.145313 0.963889 0.146875 0.966667 0.148438 0.966667 0.151562 0.972222 0.151562 0.980556 0.378125 0.980556 0.378125 0.972222 0.38125 0.966667 0.390625 0.966667 0.392188 0.963889 0.39375 0.963889 0.395312 0.961111 0.4 0.961111 0.401563 0.963889 0.403125 0.961111 0.40625 0.961111 0.407813 0.958333 0.4125 0.958333 0.414062 0.961111 0.415625 0.958333 0.423438 0.958333 0.425 0.955556 0.45625 0.955556 0.457812 0.952778 0.484375 0.952778 0.485938 0.95 0.504687 0.95 0.50625 0.952778 0.515625 0.952778 0.517187 0.955556 0.529688 0.955556 0.53125 0.952778 0.542188 0.952778 0.54375 0.95 0.548437 0.95 0.55 0.952778 0.575 0.952778 0.576563 0.95 0.578125 0.952778 0.598437 0.952778 0.6 0.95 0.682813 0.95 0.684375 0.947222 0.739062 0.947222 0.740625 0.944444 0.754687 0.944444 0.75625 0.941667 0.7625 0.941667 0.764063 0.944444 0.765625 0.941667 0.779688 0.941667 0.78125 0.938889 0.79375 0.938889 0.795313 0.936111 0.796875 0.936111 0.798437 0.938889 0.814062 0.938889 0.815625 0.936111 0.820312 0.936111 0.821875 0.933333 0.823438 0.933333 0.825 0.936111 0.828125 0.936111 0.829687 0.933333 0.848437 0.933333 0.85 0.930556 0.867188 0.930556 0.86875 0.927778 0.875 0.927778 0.876562 0.925 0.878125 0.925 0.88125 0.919444 0.882812 0.919444 0.884375 0.916667 0.885938 0.916667 0.8875 0.913889 0.889063 0.913889 0.89375 0.905556 0.895312 0.905556 0.901563 0.894444 0.903125 0.894444 0.907812 0.886111 0.909375 0.886111 0.910937 0.883333 0.910937 0.880556 0.915625 0.872222 0.915625 0.863889 0.917188 0.861111 0.917188 0.841667 0.91875 0.838889 0.91875 0.813889 0.920313 0.811111 0.920313 0.763889 0.921875 0.761111 0.921875 0.688889 0.923437 0.686111 0.923437 0.619444 0.925 0.616667 0.925 0.594444 0.926562 0.591667 0.926562 0.547222 0.928125 0.544444 0.928125 0.486111 0.929688 0.483333 0.929688 0.441667 0.93125 0.438889 0.93125 0.402778 0.932813 0.4 0.932813 0.377778 0.934375 0.375 0.934375 0.322222 0.935938 0.319444 0.935938 0.241667 0.9375 0.238889 0.9375 0.197222 0.939062 0.194444 0.939062 0.186111 0.9375 0.183333 0.939062 0.180556 0.939062 0.172222 0.940625 0.169444 0.945312 0.169444 0.945312 0.0166667
67 0.090625 0.0166667 0.090625 0.75 0.0953125 0.75 0.096875 0.752778 0.096875 0.777778 0.0984375 0.780556 0.0984375 0.822222 0.1 0.825 0.1 0.858333 0.101562 0.861111 0.101562 0.886111 0.103125 0.888889 0.103125 0.9 0.104687 0.902778 0.104687 0.905556 0.10625 0.908333 0.10625 0.911111 0.107813 0.913889 0.107813 0.916667 0.115625 0.930556 0.117188 0.930556 0.121875 0.938889 0.123438 0.938889 0.126563 0.944444 0.128125 0.944444 0.132812 0.952778 0.134375 0.952778 0.135937 0.955556 0.1375 0.955556 0.140625 0.961111 0.142188 0.961111 0.14375 0.963889 0.145313 0.963889 0.146875 0.966667 0.148438 0.966667 0.151562 0.972222 0.151562 0.980556 0.378125 0.980556 0.378125 0.972222 0.38125 0.966667 0.390625 0.966667 0.392188 0.963889 0.39375 0.963889 0.395312 0.961111 0.4 0.961111 0.401563 0.963889 0.403125 0.961111 0.40625 0.961111 0.407813 0.958333 0.4125 0.958333 0.414062 0.961111 0.415625 0.958333 0.423438 0.958333 0.425 0.955556 0.45625 0.955556 0.457812 0.952778 0.484375 0.952778 0.485938 0.95 0.504687 0.95 0.50625 0.952778 0.515625 0.952778 0.517187 0.955556 0.529688 0.955556 0.53125 0.952778 0.542188 0.952778 0.54375 0.95 0.548437 0.95 0.55 0.952778 0.575 0.952778 0.576563 0.95 0.578125 0.952778 0.598437 0.952778 0.6 0.95 0.682813 0.95 0.684375 0.947222 0.739062 0.947222 0.740625 0.944444 0.754687 0.944444 0.75625 0.941667 0.7625 0.941667 0.764063 0.944444 0.765625 0.941667 0.779688 0.941667 0.78125 0.938889 0.79375 0.938889 0.795313 0.936111 0.796875 0.936111 0.798437 0.938889 0.814062 0.938889 0.815625 0.936111 0.820312 0.936111 0.821875 0.933333 0.823438 0.933333 0.825 0.936111 0.828125 0.936111 0.829687 0.933333 0.848437 0.933333 0.85 0.930556 0.867188 0.930556 0.86875 0.927778 0.875 0.927778 0.876562 0.925 0.878125 0.925 0.88125 0.919444 0.882812 0.919444 0.884375 0.916667 0.885938 0.916667 0.8875 0.913889 0.889063 0.913889 0.89375 0.905556 0.895312 0.905556 0.901563 0.894444 0.903125 0.894444 0.907812 0.886111 0.909375 0.886111 0.910937 0.883333 0.910937 0.880556 0.915625 0.872222 0.915625 0.863889 0.917188 0.861111 0.917188 0.841667 0.91875 0.838889 0.91875 0.813889 0.920313 0.811111 0.920313 0.763889 0.921875 0.761111 0.921875 0.688889 0.923437 0.686111 0.923437 0.619444 0.925 0.616667 0.925 0.594444 0.926562 0.591667 0.926562 0.547222 0.928125 0.544444 0.928125 0.486111 0.929688 0.483333 0.929688 0.441667 0.93125 0.438889 0.93125 0.402778 0.932813 0.4 0.932813 0.377778 0.934375 0.375 0.934375 0.322222 0.935938 0.319444 0.935938 0.241667 0.9375 0.238889 0.9375 0.197222 0.939062 0.194444 0.939062 0.186111 0.9375 0.183333 0.939062 0.180556 0.939062 0.172222 0.940625 0.169444 0.945312 0.169444 0.945312 0.0166667
62 0.090625 0.0166667 0.090625 0.75 0.0953125 0.75 0.096875 0.752778 0.096875 0.777778 0.0984375 0.780556 0.0984375 0.822222 0.1 0.825 0.1 0.858333 0.101562 0.861111 0.101562 0.886111 0.103125 0.888889 0.103125 0.9 0.104687 0.902778 0.104687 0.905556 0.10625 0.908333 0.10625 0.911111 0.107813 0.913889 0.107813 0.916667 0.115625 0.930556 0.117188 0.930556 0.121875 0.938889 0.123438 0.938889 0.126563 0.944444 0.128125 0.944444 0.132812 0.952778 0.134375 0.952778 0.135937 0.955556 0.1375 0.955556 0.140625 0.961111 0.142188 0.961111 0.14375 0.963889 0.145313 0.963889 0.146875 0.966667 0.148438 0.966667 0.151562 0.972222 0.151562 0.980556 0.378125 0.980556 0.378125 0.972222 0.38125 0.966667 0.390625 0.966667 0.392188 0.963889 0.39375 0.963889 0.395312 0.961111 0.4 0.961111 0.401563 0.963889 0.403125 0.961111 0.40625 0.961111 0.407813 0.958333 0.4125 0.958333 0.414062 0.961111 0.415625 0.958333 0.423438 0.958333 0.425 0.955556 0.45625 0.955556 0.457812 0.952778 0.484375 0.952778 0.485938 0.95 0.504687 0.95 0.50625 0.952778 0.515625 0.952778 0.517187 0.955556 0.529688 0.955556 0.53125 0.952778 0.542188 0.952778 0.54375 0.95 0.548437 0.95 0.55 0.952778 0.575 0.952778 0.576563 0.95 0.578125 0.952778 0.598437 0.952778 0.6 0.95 0.682813 0.95 0.684375 0.947222 0.739062 0.947222 0.740625 0.944444 0.754687 0.944444 0.75625 0.941667 0.7625 0.941667 0.764063 0.944444 0.765625 0.941667 0.779688 0.941667 0.78125 0.938889 0.79375 0.938889 0.795313 0.936111 0.796875 0.936111 0.798437 0.938889 0.814062 0.938889 0.815625 0.936111 0.820312 0.936111 0.821875 0.933333 0.823438 0.933333 0.825 0.936111 0.828125 0.936111 0.829687 0.933333 0.848437 0.933333 0.85 0.930556 0.867188 0.930556 0.86875 0.927778 0.875 0.927778 0.876562 0.925 0.878125 0.925 0.88125 0.919444 0.882812 0.919444 0.884375 0.916667 0.885938 0.916667 0.8875 0.913889 0.889063 0.913889 0.89375 0.905556 0.895312 0.905556 0.901563 0.894444 0.903125 0.894444 0.907812 0.886111 0.909375 0.886111 0.910937 0.883333 0.910937 0.880556 0.915625 0.872222 0.915625 0.863889 0.917188 0.861111 0.917188 0.841667 0.91875 0.838889 0.91875 0.813889 0.920313 0.811111 0.920313 0.763889 0.921875 0.761111 0.921875 0.688889 0.923437 0.686111 0.923437 0.619444 0.925 0.616667 0.925 0.594444 0.926562 0.591667 0.926562 0.547222 0.928125 0.544444 0.928125 0.486111 0.929688 0.483333 0.929688 0.441667 0.93125 0.438889 0.93125 0.402778 0.932813 0.4 0.932813 0.377778 0.934375 0.375 0.934375 0.322222 0.935938 0.319444 0.935938 0.241667 0.9375 0.238889 0.9375 0.197222 0.939062 0.194444 0.939062 0.186111 0.9375 0.183333 0.939062 0.180556 0.939062 0.172222 0.940625 0.169444 0.945312 0.169444 0.945312 0.0166667
67 0.090625 0.0166667 0.090625 0.75 0.0953125 0.75 0.096875 0.752778 0.096875 0.777778 0.0984375 0.780556 0.0984375 0.822222 0.1 0.825 0.1 0.858333 0.101562 0.861111 0.101562 0.886111 0.103125 0.888889 0.103125 0.9 0.104687 0.902778 0.104687 0.905556 0.10625 0.908333 0.10625 0.911111 0.107813 0.913889 0.107813 0.916667 0.115625 0.930556 0.117188 0.930556 0.121875 0.938889 0.123438 0.938889 0.126563 0.944444 0.128125 0.944444 0.132812 0.952778 0.134375 0.952778 0.135937 0.955556 0.1375 0.955556 0.140625 0.961111 0.142188 0.961111 0.14375 0.963889 0.145313 0.963889 0.146875 0.966667 0.148438 0.966667 0.151562 0.972222 0.151562 0.980556 0.378125 0.980556 0.378125 0.972222 0.38125 0.966667 0.390625 0.966667 0.392188 0.963889 0.39375 0.963889 0.395312 0.961111 0.4 0.961111 0.401563 0.963889 0.403125 0.961111 0.40625 0.961111 0.407813 0.958333 0.4125 0.958333 0.414062 0.961111 0.415625 0.958333 0.423438 0.958333 0.425 0.955556 0.45625 0.955556 0.457812 0.952778 0.484375 0.952778 0.485938 0.95 0.504687 0.95 0.50625 0.952778 0.515625 0.952778 0.517187 0.955556 0.529688 0.955556 0.53125 0.952778 0.542188 0.952778 0.54375 0.95 0.548437 0.95 0.55 0.952778 0.575 0.952778 0.576563 0.95 0.578125 0.952778 0.598437 0.952778 0.6 0.95 0.682813 0.95 0.684375 0.947222 0.739062 0.947222 0.740625 0.944444 0.754687 0.944444 0.75625 0.941667 0.7625 0.941667 0.764063 0.944444 0.765625 0.941667 0.779688 0.941667 0.78125 0.938889 0.79375 0.938889 0.795313 0.936111 0.796875 0.936111 0.798437 0.938889 0.814062 0.938889 0.815625 0.936111 0.820312 0.936111 0.821875 0.933333 0.823438 0.933333 0.825 0.936111 0.828125 0.936111 0.829687 0.933333 0.848437 0.933333 0.85 0.930556 0.867188 0.930556 0.86875 0.927778 0.875 0.927778 0.876562 0.925 0.878125 0.925 0.88125 0.919444 0.882812 0.919444 0.884375 0.916667 0.885938 0.916667 0.8875 0.913889 0.889063 0.913889 0.89375 0.905556 0.895312 0.905556 0.901563 0.894444 0.903125 0.894444 0.907812 0.886111 0.909375 0.886111 0.910937 0.883333 0.910937 0.880556 0.915625 0.872222 0.915625 0.863889 0.917188 0.861111 0.917188 0.841667 0.91875 0.838889 0.91875 0.813889 0.920313 0.811111 0.920313 0.763889 0.921875 0.761111 0.921875 0.688889 0.923437 0.686111 0.923437 0.619444 0.925 0.616667 0.925 0.594444 0.926562 0.591667 0.926562 0.547222 0.928125 0.544444 0.928125 0.486111 0.929688 0.483333 0.929688 0.441667 0.93125 0.438889 0.93125 0.402778 0.932813 0.4 0.932813 0.377778 0.934375 0.375 0.934375 0.322222 0.935938 0.319444 0.935938 0.241667 0.9375 0.238889 0.9375 0.197222 0.939062 0.194444 0.939062 0.186111 0.9375 0.183333 0.939062 0.180556 0.939062 0.172222 0.940625 0.169444 0.945312 0.169444 0.945312 0.0166667
62 0.090625 0.0166667 0.090625 0.75 0.0953125 0.75 0.096875 0.752778 0.096875 0.777778 0.0984375 0.780556 0.0984375 0.822222 0.1 0.825 0.1 0.858333 0.101562 0.861111 0.101562 0.886111 0.103125 0.888889 0.103125 0.9 0.104687 0.902778 0.104687 0.905556 0.10625 0.908333 0.10625 0.911111 0.107813 0.913889 0.107813 0.916667 0.115625 0.930556 0.117188 0.930556 0.121875 0.938889 0.123438 0.938889 0.126563 0.944444 0.128125 0.944444 0.132812 0.952778 0.134375 0.952778 0.135937 0.955556 0.1375 0.955556 0.140625 0.961111 0.142188 0.961111 0.14375 0.963889 0.145313 0.963889 0.146875 0.966667 0.148438 0.966667 0.151562 0.972222 0.151562 0.980556 0.378125 0.980556 0.378125 0.972222 0.38125 0.966667 0.390625 0.966667 0.392188 0.963889 0.39375 0.963889 0.395312 0.961111 0.4 0.961111 0.401563 0.963889 0.403125 0.961111 0.40625 0.961111 0.407813 0.958333 0.4125 0.958333 0.414062 0.961111 0.415625 0.958333 0.423438 0.958333 0.425 0.955556 0.45625 0.955556 0.457812 0.952778 0.484375 0.952778 0.485938 0.95 0.504687 0.95 0.50625 0.952778 0.515625 0.952778 0.517187 0.955556 0.529688 0.955556 0.53125 0.952778 0.542188 0.952778 0.54375 0.95 0.548437 0.95 0.55 0.952778 0.575 0.952778 0.576563 0.95 0.578125 0.952778 0.598437 0.952778 0.6 0.95 0.682813 0.95 0.684375 0.947222 0.739062 0.947222 0.740625 0.944444 0.754687 0.944444 0.75625 0.941667 0.7625 0.941667 0.764063 0.944444 0.765625 0.941667 0.779688 0.941667 0.78125 0.938889 0.79375 0.938889 0.795313 0.936111 0.796875 0.936111 0.798437 0.938889 0.814062 0.938889 0.815625 0.936111 0.820312 0.936111 0.821875 0.933333 0.823438 0.933333 0.825 0.936111 0.828125 0.936111 0.829687 0.933333 0.848437 0.933333 0.85 0.930556 0.867188 0.930556 0.86875 0.927778 0.875 0.927778 0.876562 0.925 0.878125 0.925 0.88125 0.919444 0.882812 0.919444 0.884375 0.916667 0.885938 0.916667 0.8875 0.913889 0.889063 0.913889 0.89375 0.905556 0.895312 0.905556 0.901563 0.894444 0.903125 0.894444 0.907812 0.886111 0.909375 0.886111 0.910937 0.883333 0.910937 0.880556 0.915625 0.872222 0.915625 0.863889 0.917188 0.861111 0.917188 0.841667 0.91875 0.838889 0.91875 0.813889 0.920313 0.811111 0.920313 0.763889 0.921875 0.761111 0.921875 0.688889 0.923437 0.686111 0.923437 0.619444 0.925 0.616667 0.925 0.594444 0.926562 0.591667 0.926562 0.547222 0.928125 0.544444 0.928125 0.486111 0.929688 0.483333 0.929688 0.441667 0.93125 0.438889 0.93125 0.402778 0.932813 0.4 0.932813 0.377778 0.934375 0.375 0.934375 0.322222 0.935938 0.319444 0.935938 0.241667 0.9375 0.238889 0.9375 0.197222 0.939062 0.194444 0.939062 0.186111 0.9375 0.183333 0.939062 0.180556 0.939062 0.172222 0.940625 0.169444 0.945312 0.169444 0.945312 0.0166667
67 0.090625 0.0166667 0.090625 0.75 0.0953125 0.75 0.096875 0.752778 0.096875 0.777778 0.0984375 0.780556 0.0984375 0.822222 0.1 0.825 0.1 0.858333 0.101562 0.861111 0.101562 0.886111 0.103125 0.888889 0.103125 0.9 0.104687 0.902778 0.104687 0.905556 0.10625 0.908333 0.10625 0.911111 0.107813 0.913889 0.107813 0.916667 0.115625 0.930556 0.117188 0.930556 0.121875 0.938889 0.123438 0.938889 0.126563 0.944444 0.128125 0.944444 0.132812 0.952778 0.134375 0.952778 0.135937 0.955556 0.1375 0.955556 0.140625 0.961111 0.142188 0.961111 0.14375 0.963889 0.145313 0.963889 0.146875 0.966667 0.148438 0.966667 0.151562 0.972222 0.151562 0.980556 0.378125 0.980556 0.378125 0.972222 0.38125 0.966667 0.390625 0.966667 0.392188 0.963889 0.39375 0.963889 0.395312 0.961111 0.4 0.961111 0.401563 0.963889 0.403125 0.961111 0.40625 0.961111 0.407813 0.958333 0.4125 0.958333 0.414062 0.961111 0.415625 0.958333 0.423438 0.958333 0.425 0.955556 0.45625 0.955556 0.457812 0.952778 0.484375 0.952778 0.485938 0.95 0.504687 0.95 0.50625 0.952778 0.515625 0.952778 0.517187 0.955556 0.529688 0.955556 0.53125 0.952778 0.542188 0.952778 0.54375 0.95 0.548437 0.95 0.55 0.952778 0.575 0.952778 0.576563 0.95 0.578125 0.952778 0.598437 0.952778 0.6 0.95 0.682813 0.95 0.684375 0.947222 0.739062 0.947222 0.740625 0.944444 0.754687 0.944444 0.75625 0.941667 0.7625 0.941667 0.764063 0.944444 0.765625 0.941667 0.779688 0.941667 0.78125 0.938889 0.79375 0.938889 0.795313 0.936111 0.796875 0.936111 0.798437 0.938889 0.814062 0.938889 0.815625 0.936111 0.820312 0.936111 0.821875 0.933333 0.823438 0.933333 0.825 0.936111 0.828125 0.936111 0.829687 0.933333 0.848437 0.933333 0.85 0.930556 0.867188 0.930556 0.86875 0.927778 0.875 0.927778 0.876562 0.925 0.878125 0.925 0.88125 0.919444 0.882812 0.919444 0.884375 0.916667 0.885938 0.916667 0.8875 0.913889 0.889063 0.913889 0.89375 0.905556 0.895312 0.905556 0.901563 0.894444 0.903125 0.894444 0.907812 0.886111 0.909375 0.886111 0.910937 0.883333 0.910937 0.880556 0.915625 0.872222 0.915625 0.863889 0.917188 0.861111 0.917188 0.841667 0.91875 0.838889 0.91875 0.813889 0.920313 0.811111 0.920313 0.763889 0.921875 0.761111 0.921875 0.688889 0.923437 0.686111 0.923437 0.619444 0.925 0.616667 0.925 0.594444 0.926562 0.591667 0.926562 0.547222 0.928125 0.544444 0.928125 0.486111 0.929688 0.483333 0.929688 0.441667 0.93125 0.438889 0.93125 0.402778 0.932813 0.4 0.932813 0.377778 0.934375 0.375 0.934375 0.322222 0.935938 0.319444 0.935938 0.241667 0.9375 0.238889 0.9375 0.197222 0.939062 0.194444 0.939062 0.186111 0.9375 0.183333 0.939062 0.180556 0.939062 0.172222 0.940625 0.169444 0.945312 0.169444 0.945312 0.0166667
62 0.090625 0.0166667 0.090625 0.75 0.0953125 0.75 0.096875 0.752778 0.096875 0.777778 0.0984375 0.780556 0.0984375 0.822222 0.1 0.825 0.1 0.858333 0.101562 0.861111 0.101562 0.886111 0.103125 0.888889 0.103125 0.9 0.104687 0.902778 0.104687 0.905556 0.10625 0.908333 0.10625 0.911111 0.107813 0.913889 0.107813 0.916667 0.115625 0.930556 0.117188 0.930556 0.121875 0.938889 0.123438 0.938889 0.126563 0.944444 0.128125 0.944444 0.132812 0.952778 0.134375 0.952778 0.135937 0.955556 0.1375 0.955556 0.140625 0.961111 0.142188 0.961111 0.14375 0.963889 0.145313 0.963889 0.146875 0.966667 0.148438 0.966667 0.151562 0.972222 0.151562 0.980556 0.378125 0.980556 0.378125 0.972222 0.38125 0.966667 0.390625 0.966667 0.392188 0.963889 0.39375 0.963889 0.395312 0.961111 0.4 0.961111 0.401563 0.963889 0.403125 0.961111 0.40625 0.961111 0.407813 0.958333 0.4125 0.958333 0.414062 0.961111 0.415625 0.958333 0.423438 0.958333 0.425 0.955556 0.45625 0.955556 0.457812 0.952778 0.484375 0.952778 0.485938 0.95 0.504687 0.95 0.50625 0.952778 0.515625 0.952778 0.517187 0.955556 0.529688 0.955556 0.53125 0.952778 0.542188 0.952778 0.54375 0.95 0.548437 0.95 0.55 0.952778 0.575 0.952778 0.576563 0.95 0.578125 0.952778 0.598437 0.952778 0.6 0.95 0.682813 0.95 0.684375 0.947222 0.739062 0.947222 0.740625 0.944444 0.754687 0.944444 0.75625 0.941667 0.7625 0.941667 0.764063 0.944444 0.765625 0.941667 0.779688 0.941667 0.78125 0.938889 0.79375 0.938889 0.795313 0.936111 0.796875 0.936111 0.798437 0.938889 0.814062 0.938889 0.815625 0.936111 0.820312 0.936111 0.821875 0.933333 0.823438 0.933333 0.825 0.936111 0.828125 0.936111 0.829687 0.933333 0.848437 0.933333 0.85 0.930556 0.867188 0.930556 0.86875 0.927778 0.875 0.927778 0.876562 0.925 0.878125 0.925 0.88125 0.919444 0.882812 0.919444 0.884375 0.916667 0.885938 0.916667 0.8875 0.913889 0.889063 0.913889 0.89375 0.905556 0.895312 0.905556 0.901563 0.894444 0.903125 0.894444 0.907812 0.886111 0.909375 0.886111 0.910937 0.883333 0.910937 0.880556 0.915625 0.872222 0.915625 0.863889 0.917188 0.861111 0.917188 0.841667 0.91875 0.838889 0.91875 0.813889 0.920313 0.811111 0.920313 0.763889 0.921875 0.761111 0.921875 0.688889 0.923437 0.686111 0.923437 0.619444 0.925 0.616667 0.925 0.594444 0.926562 0.591667 0.926562 0.547222 0.928125 0.544444 0.928125 0.486111 0.929688 0.483333 0.929688 0.441667 0.93125 0.438889 0.93125 0.402778 0.932813 0.4 0.932813 0.377778 0.934375 0.375 0.934375 0.322222 0.935938 0.319444 0.935938 0.241667 0.9375 0.238889 0.9375 0.197222 0.939062 0.194444 0.939062 0.186111 0.9375 0.183333 0.939062 0.180556 0.939062 0.172222 0.940625 0.169444 0.945312 0.169444 0.945312 0.0166667
67 0.090625 0.0166667 0.090625 0.75 0.0953125 0.75 0.096875 0.752778 0.096875 0.777778 0.0984375 0.780556 0.0984375 0.822222 0.1 0.825 0.1 0.858333 0.101562 0.861111 0.101562 0.886111 0.103125 0.888889 0.103125 0.9 0.104687 0.902778 0.104687 0.905556 0.10625 0.908333 0.10625 0.911111 0.107813 0.913889 0.107813 0.916667 0.115625 0.930556 0.117188 0.930556 0.121875 0.938889 0.123438 0.938889 0.126563 0.944444 0.128125 0.944444 0.132812 0.952778 0.134375 0.952778 0.135937 0.955556 0.1375 0.955556 0.140625 0.961111 0.142188 0.961111 0.14375 0.963889 0.145313 0.963889 0.146875 0.966667 0.148438 0.966667 0.151562 0.972222 0.151562 0.980556 0.378125 0.980556 0.378125 0.972222 0.38125 0.966667 0.390625 0.966667 0.392188 0.963889 0.39375 0.963889 0.395312 0.961111 0.4 0.961111 0.401563 0.963889 0.403125 0.961111 0.40625 0.961111 0.407813 0.958333 0.4125 0.958333 0.414062 0.961111 0.415625 0.958333 0.423438 0.958333 0.425 0.955556 0.45625 0.955556 0.457812 0.952778 0.484375 0.952778 0.485938 0.95 0.504687 0.95 0.50625 0.952778 0.515625 0.952778 0.517187 0.955556 0.529688 0.955556 0.53125 0.952778 0.542188 0.952778 0.54375 0.95 0.548437 0.95 0.55 0.952778 0.575 0.952778 0.576563 0.95 0.578125 0.952778 0.598437 0.952778 0.6 0.95 0.682813 0.95 0.684375 0.947222 0.739062 0.947222 0.740625 0.944444 0.754687 0.944444 0.75625 0.941667 0.7625 0.941667 0.764063 0.944444 0.765625 0.941667 0.779688 0.941667 0.78125 0.938889 0.79375 0.938889 0.795313 0.936111 0.796875 0.936111 0.798437 0.938889 0.814062 0.938889 0.815625 0.936111 0.820312 0.936111 0.821875 0.933333 0.823438 0.933333 0.825 0.936111 0.828125 0.936111 0.829687 0.933333 0.848437 0.933333 0.85 0.930556 0.867188 0.930556 0.86875 0.927778 0.875 0.927778 0.876562 0.925 0.878125 0.925 0.88125 0.919444 0.882812 0.919444 0.884375 0.916667 0.885938 0.916667 0.8875 0.913889 0.889063 0.913889 0.89375 0.905556 0.895312 0.905556 0.901563 0.894444 0.903125 0.894444 0.907812 0.886111 0.909375 0.886111 0.910937 0.883333 0.910937 0.880556 0.915625 0.872222 0.915625 0.863889 0.917188 0.861111 0.917188 0.841667 0.91875 0.838889 0.91875 0.813889 0.920313 0.811111 0.920313 0.763889 0.921875 0.761111 0.921875 0.688889 0.923437 0.686111 0.923437 0.619444 0.925 0.616667 0.925 0.594444 0.926562 0.591667 0.926562 0.547222 0.928125 0.544444 0.928125 0.486111 0.929688 0.483333 0.929688 0.441667 0.93125 0.438889 0.93125 0.402778 0.932813 0.4 0.932813 0.377778 0.934375 0.375 0.934375 0.322222 0.935938 0.319444 0.935938 0.241667 0.9375 0.238889 0.9375 0.197222 0.939062 0.194444 0.939062 0.186111 0.9375 0.183333 0.939062 0.180556 0.939062 0.172222 0.940625 0.169444 0.945312 0.169444 0.945312 0.0166667
62 0.090625 0.0166667 0.090625 0.75 0.0953125 0.75 0.096875 0.752778 0.096875 0.777778 0.0984375 0.780556 0.0984375 0.822222 0.1 0.825 0.1 0.858333 0.101562 0.861111 0.101562 0.886111 0.103125 0.888889 0.103125 0.9 0.104687 0.902778 0.104687 0.905556 0.10625 0.908333 0.10625 0.911111 0.107813 0.913889 0.107813 0.916667 0.115625 0.930556 0.117188 0.930556 0.121875 0.938889 0.123438 0.938889 0.126563 0.944444 0.128125 0.944444 0.132812 0.952778 0.134375 0.952778 0.135937 0.955556 0.1375 0.955556 0.140625 0.961111 0.142188 0.961111 0.14375 0.963889 0.145313 0.963889 0.146875 0.966667 0.148438 0.966667 0.151562 0.972222 0.151562 0.980556 0.378125 0.980556 0.378125 0.972222 0.38125 0.966667 0.390625 0.966667 0.392188 0.963889 0.39375 0.963889 0.395312 0.961111 0.4 0.961111 0.401563 0.963889 0.403125 0.961111 0.40625 0.961111 0.407813 0.958333 0.4125 0.958333 0.414062 0.961111 0.415625 0.958333 0.423438 0.958333 0.425 0.955556 0.45625 0.955556 0.457812 0.952778 0.484375 0.952778 0.485938 0.95 0.504687 0.95 0.50625 0.952778 0.515625 0.952778 0.517187 0.955556 0.529688 0.955556 0.53125 0.952778 0.542188 0.952778 0.54375 0.95 0.548437 0.95 0.55 0.952778 0.575 0.952778 0.576563 0.95 0.578125 0.952778 0.598437 0.952778 0.6 0.95 0.682813 0.95 0.684375 0.947222 0.739062 0.947222 0.740625 0.944444 0.754687 0.944444 0.75625 0.941667 0.7625 0.941667 0.764063 0.944444 0.765625 0.941667 0.779688 0.941667 0.78125 0.938889 0.79375 0.938889 0.795313 0.936111 0.796875 0.936111 0.798437 0.938889 0.814062 0.938889 0.815625 0.936111 0.820312 0.936111 0.821875 0.933333 0.823438 0.933333 0.825 0.936111 0.828125 0.936111 0.829687 0.933333 0.848437 0.933333 0.85 0.930556 0.867188 0.930556 0.86875 0.927778 0.875 0.927778 0.876562 0.925 0.878125 0.925 0.88125 0.919444 0.882812 0.919444 0.884375 0.916667 0.885938 0.916667 0.8875 0.913889 0.889063 0.913889 0.89375 0.905556 0.895312 0.905556 0.901563 0.894444 0.903125 0.894444 0.907812 0.886111 0.909375 0.886111 0.910937 0.883333 0.910937 0.880556 0.915625 0.872222 0.915625 0.863889 0.917188 0.861111 0.917188 0.841667 0.91875 0.838889 0.91875 0.813889 0.920313 0.811111 0.920313 0.763889 0.921875 0.761111 0.921875 0.688889 0.923437 0.686111 0.923437 0.619444 0.925 0.616667 0.925 0.594444 0.926562 0.591667 0.926562 0.547222 0.928125 0.544444 0.928125 0.486111 0.929688 0.483333 0.929688 0.441667 0.93125 0.438889 0.93125 0.402778 0.932813 0.4 0.932813 0.377778 0.934375 0.375 0.934375 0.322222 0.935938 0.319444 0.935938 0.241667 0.9375 0.238889 0.9375 0.197222 0.939062 0.194444 0.939062 0.186111 0.9375 0.183333 0.939062 0.180556 0.939062 0.172222 0.940625 0.169444 0.945312 0.169444 0.945312 0.0166667
67 0.090625 0.0166667 0.090625 0.75 0.0953125 0.75 0.096875 0.752778 0.096875 0.777778 0.0984375 0.780556 0.0984375 0.822222 0.1 0.825 0.1 0.858333 0.101562 0.861111 0.101562 0.886111 0.103125 0.888889 0.103125 0.9 0.104687 0.902778 0.104687 0.905556 0.10625 0.908333 0.10625 0.911111 0.107813 0.913889 0.107813 0.916667 0.115625 0.930556 0.117188 0.930556 0.121875 0.938889 0.123438 0.938889 0.126563 0.944444 0.128125 0.944444 0.132812 0.952778 0.134375 0.952778 0.135937 0.955556 0.1375 0.955556 0.140625 0.961111 0.142188 0.961111 0.14375 0.963889 0.145313 0.963889 0.146875 0.966667 0.148438 0.966667 0.151562 0.972222 0.151562 0.980556 0.378125 0.980556 0.378125 0.972222 0.38125 0.966667 0.390625 0.966667 0.392188 0.963889 0.39375 0.963889 0.395312 0.961111 0.4 0.961111 0.401563 0.963889 0.403125 0.961111 0.40625 0.961111 0.407813 0.958333 0.4125 0.958333 0.414062 0.961111 0.415625 0.958333 0.423438 0.958333 0.425 0.955556 0.45625 0.955556 0.457812 0.952778 0.484375 0.952778 0.485938 0.95 0.504687 0.95 0.50625 0.952778 0.515625 0.952778 0.517187 0.955556 0.529688 0.955556 0.53125 0.952778 0.542188 0.952778 0.54375 0.95 0.548437 0.95 0.55 0.952778 0.575 0.952778 0.576563 0.95 0.578125 0.952778 0.598437 0.952778 0.6 0.95 0.682813 0.95 0.684375 0.947222 0.739062 0.947222 0.740625 0.944444 0.754687 0.944444 0.75625 0.941667 0.7625 0.941667 0.764063 0.944444 0.765625 0.941667 0.779688 0.941667 0.78125 0.938889 0.79375 0.938889 0.795313 0.936111 0.796875 0.936111 0.798437 0.938889 0.814062 0.938889 0.815625 0.936111 0.820312 0.936111 0.821875 0.933333 0.823438 0.933333 0.825 0.936111 0.828125 0.936111 0.829687 0.933333 0.848437 0.933333 0.85 0.930556 0.867188 0.930556 0.86875 0.927778 0.875 0.927778 0.876562 0.925 0.878125 0.925 0.88125 0.919444 0.882812 0.919444 0.884375 0.916667 0.885938 0.916667 0.8875 0.913889 0.889063 0.913889 0.89375 0.905556 0.895312 0.905556 0.901563 0.894444 0.903125 0.894444 0.907812 0.886111 0.909375 0.886111 0.910937 0.883333 0.910937 0.880556 0.915625 0.872222 0.915625 0.863889 0.917188 0.861111 0.917188 0.841667 0.91875 0.838889 0.91875 0.813889 0.920313 0.811111 0.920313 0.763889 0.921875 0.761111 0.921875 0.688889 0.923437 0.686111 0.923437 0.619444 0.925 0.616667 0.925 0.594444 0.926562 0.591667 0.926562 0.547222 0.928125 0.544444 0.928125 0.486111 0.929688 0.483333 0.929688 0.441667 0.93125 0.438889 0.93125 0.402778 0.932813 0.4 0.932813 0.377778 0.934375 0.375 0.934375 0.322222 0.935938 0.319444 0.935938 0.241667 0.9375 0.238889 0.9375 0.197222 0.939062 0.194444 0.939062 0.186111 0.9375 0.183333 0.939062 0.180556 0.939062 0.172222 0.940625 0.169444 0.945312 0.169444 0.945312 0.0166667
62 0.090625 0.0166667 0.090625 0.75 0.0953125 0.75 0.096875 0.752778 0.096875 0.777778 0.0984375 0.780556 0.0984375 0.822222 0.1 0.825 0.1 0.858333 0.101562 0.861111 0.101562 0.886111 0.103125 0.888889 0.103125 0.9 0.104687 0.902778 0.104687 0.905556 0.10625 0.908333 0.10625 0.911111 0.107813 0.913889 0.107813 0.916667 0.115625 0.930556 0.117188 0.930556 0.121875 0.938889 0.123438 0.938889 0.126563 0.944444 0.128125 0.944444 0.132812 0.952778 0.134375 0.952778 0.135937 0.955556 0.1375 0.955556 0.140625 0.961111 0.142188 0.961111 0.14375 0.963889 0.145313 0.963889 0.146875 0.966667 0.148438 0.966667 0.151562 0.972222 0.151562 0.980556 0.378125 0.980556 0.378125 0.972222 0.38125 0.966667 0.390625 0.966667 0.392188 0.963889 0.39375 0.963889 0.395312 0.961111 0.4 0.961111 0.401563 0.963889 0.403125 0.961111 0.40625 0.961111 0.407813 0.958333 0.4125 0.958333 0.414062 0.961111 0.415625 0.958333 0.423438 0.958333 0.425 0.955556 0.45625 0.955556 0.457812 0.952778 0.484375 0.952778 0.485938 0.95 0.504687 0.95 0.50625 0.952778 0.515625 0.952778 0.517187 0.955556 0.529688 0.955556 0.53125 0.952778 0.542188 0.952778 0.54375 0.95 0.548437 0.95 0.55 0.952778 0.575 0.952778 0.576563 0.95 0.578125 0.952778 0.598437 0.952778 0.6 0.95 0.682813 0.95 0.684375 0.947222 0.739062 0.947222 0.740625 0.944444 0.754687 0.944444 0.75625 0.941667 0.7625 0.941667 0.764063 0.944444 0.765625 0.941667 0.779688 0.941667 0.78125 0.938889 0.79375 0.938889 0.795313 0.936111 0.796875 0.936111 0.798437 0.938889 0.814062 0.938889 0.815625 0.936111 0.820312 0.936111 0.821875 0.933333 0.823438 0.933333 0.825 0.936111 0.828125 0.936111 0.829687 0.933333 0.848437 0.933333 0.85 0.930556 0.867188 0.930556 0.86875 0.927778 0.875 0.927778 0.876562 0.925 0.878125 0.925 0.88125 0.919444 0.882812 0.919444 0.884375 0.916667 0.885938 0.916667 0.8875 0.913889 0.889063 0.913889 0.89375 0.905556 0.895312 0.905556 0.901563 0.894444 0.903125 0.894444 0.907812 0.886111 0.909375 0.886111 0.910937 0.883333 0.910937 0.880556 0.915625 0.872222 0.915625 0.863889 0.917188 0.861111 0.917188 0.841667 0.91875 0.838889 0.91875 0.813889 0.920313 0.811111 0.920313 0.763889 0.921875 0.761111 0.921875 0.688889 0.923437 0.686111 0.923437 0.619444 0.925 0.616667 0.925 0.594444 0.926562 0.591667 0.926562 0.547222 0.928125 0.544444 0.928125 0.486111 0.929688 0.483333 0.929688 0.441667 0.93125 0.438889 0.93125 0.402778 0.932813 0.4 0.932813 0.377778 0.934375 0.375 0.934375 0.322222 0.935938 0.319444 0.935938 0.241667 0.9375 0.238889 0.9375 0.197222 0.939062 0.194444 0.939062 0.186111 0.9375 0.183333 0.939062 0.180556 0.939062 0.172222 0.940625 0.169444 0.945312 0.169444 0.945312 0.0166667
