62 0.159375 0.0388889 0.159375 0.844444 0.164062 0.844444 0.16875 0.852778 0.16875 0.855556 0.171875 0.861111 0.175 0.861111 0.176563 0.863889 0.178125 0.863889 0.179688 0.866667 0.18125 0.866667 0.184375 0.872222 0.189063 0.872222 0.190625 0.875 0.19375 0.875 0.195312 0.877778 0.201562 0.877778 0.203125 0.880556 0.207813 0.880556 0.209375 0.883333 0.217187 0.883333 0.21875 0.886111 0.223438 0.886111 0.225 0.888889 0.232812 0.888889 0.234375 0.891667 0.254687 0.891667 0.25625 0.894444 0.2625 0.894444 0.264062 0.897222 0.273438 0.897222 0.275 0.9 0.284375 0.9 0.285937 0.902778 0.314063 0.902778 0.315625 0.905556 0.329688 0.905556 0.33125 0.908333 0.342187 0.908333 0.34375 0.911111 0.353125 0.911111 0.354688 0.913889 0.365625 0.913889 0.367188 0.916667 0.392188 0.916667 0.39375 0.919444 0.398438 0.919444 0.4 0.922222 0.40625 0.922222 0.407813 0.925 0.4625 0.925 0.464063 0.922222 0.476562 0.922222 0.478125 0.925 0.490625 0.925 0.492188 0.927778 0.5 0.927778 0.501562 0.930556 0.515625 0.930556 0.517187 0.933333 0.521875 0.933333 0.523438 0.936111 0.534375 0.936111 0.535937 0.938889 0.56875 0.938889 0.570312 0.941667 0.58125 0.941667 0.582812 0.944444 0.589063 0.944444 0.590625 0.947222 0.598437 0.947222 0.6 0.95 0.61875 0.95 0.620313 0.952778 0.64375 0.952778 0.645312 0.955556 0.664062 0.955556 0.665625 0.958333 0.673437 0.958333 0.675 0.961111 0.682813 0.961111 0.684375 0.963889 0.698438 0.963889 0.7 0.966667 0.714063 0.966667 0.715625 0.969444 0.71875 0.969444 0.720312 0.972222 0.720312 0.980556 0.839063 0.980556 0.839063 0.972222 0.84375 0.963889 0.845312 0.963889 0.846875 0.961111 0.851562 0.961111 0.853125 0.958333 0.854688 0.958333 0.85625 0.955556 0.857813 0.955556 0.859375 0.952778 0.8625 0.952778 0.864062 0.95 0.865625 0.95 0.871875 0.938889 0.873438 0.938889 0.875 0.936111 0.876562 0.936111 0.88125 0.927778 0.882812 0.927778 0.885938 0.922222 0.885938 0.919444 0.889063 0.913889 0.889063 0.908333 0.890625 0.905556 0.890625 0.880556 0.892187 0.877778 0.892187 0.833333 0.89375 0.830556 0.89375 0.791667 0.895312 0.788889 0.895312 0.772222 0.896875 0.769444 0.896875 0.758333 0.898438 0.755556 0.898438 0.75 0.9 0.747222 0.9 0.713889 0.901563 0.711111 0.901563 0.677778 0.9 0.675 0.9 0.613889 0.901563 0.611111 0.901563 0.536111 0.903125 0.533333 0.903125 0.483333 0.904688 0.480556 0.904688 0.447222 0.90625 0.444444 0.90625 0.416667 0.907812 0.413889 0.907812 0.355556 0.909375 0.352778 0.909375 0.313889 0.910937 0.311111 0.910937 0.286111 0.9125 0.283333 0.9125 0.266667 0.914062 0.263889 0.914062 0.247222 0.915625 0.244444 0.915625 0.233333 0.914062 0.230556 0.914062 0.225 0.915625 0.222222 0.915625 0.177778 0.917188 0.175 0.917188 0.130556 0.91875 0.127778 0.91875 0.111111 0.920313 0.108333 0.920313 0.105556 0.91875 0.102778 0.91875 0.0972222 0.915625 0.0916667 0.915625 0.0888889 0.914062 0.0861111 0.910937 0.0861111 0.909375 0.0833333 0.904688 0.0833333 0.903125 0.0805556 0.8875 0.0805556 0.885938 0.0777778 0.859375 0.0777778 0.857813 0.075 0.84375 0.075 0.842188 0.0722222 0.817187 0.0722222 0.815625 0.0694444 0.8125 0.0694444 0.810938 0.0722222 0.809375 0.0722222 0.807813 0.0694444 0.792188 0.0694444 0.790625 0.0666667 0.765625 0.0666667 0.764063 0.0638889 0.745313 0.0638889 0.74375 0.0611111 0.715625 0.0611111 0.714063 0.0638889 0.7125 0.0611111 0.629687 0.0611111 0.628125 0.0583333 0.585938 0.0583333 0.584375 0.0555556 0.525 0.0555556 0.523438 0.0527778 0.492188 0.0527778 0.490625 0.05 0.478125 0.05 0.476562 0.0472222 0.476562 0.0388889
67 0.159375 0.0388889 0.159375 0.844444 0.164062 0.844444 0.16875 0.852778 0.16875 0.855556 0.171875 0.861111 0.175 0.861111 0.176563 0.863889 0.178125 0.863889 0.179688 0.866667 0.18125 0.866667 0.184375 0.872222 0.189063 0.872222 0.190625 0.875 0.19375 0.875 0.195312 0.877778 0.201562 0.877778 0.203125 0.880556 0.207813 0.880556 0.209375 0.883333 0.217187 0.883333 0.21875 0.886111 0.223438 0.886111 0.225 0.888889 0.232812 0.888889 0.234375 0.891667 0.254687 0.891667 0.25625 0.894444 0.2625 0.894444 0.264062 0.897222 0.273438 0.897222 0.275 0.9 0.284375 0.9 0.285937 0.902778 0.314063 0.902778 0.315625 0.905556 0.329688 0.905556 0.33125 0.908333 0.342187 0.908333 0.34375 0.911111 0.353125 0.911111 0.354688 0.913889 0.365625 0.913889 0.367188 0.916667 0.392188 0.916667 0.39375 0.919444 0.398438 0.919444 0.4 0.922222 0.40625 0.922222 0.407813 0.925 0.4625 0.925 0.464063 0.922222 0.476562 0.922222 0.478125 0.925 0.490625 0.925 0.492188 0.927778 0.5 0.927778 0.501562 0.930556 0.515625 0.930556 0.517187 0.933333 0.521875 0.933333 0.523438 0.936111 0.534375 0.936111 0.535937 0.938889 0.56875 0.938889 0.570312 0.941667 0.58125 0.941667 0.582812 0.944444 0.589063 0.944444 0.590625 0.947222 0.598437 0.947222 0.6 0.95 0.61875 0.95 0.620313 0.952778 0.64375 0.952778 0.645312 0.955556 0.664062 0.955556 0.665625 0.958333 0.673437 0.958333 0.675 0.961111 0.682813 0.961111 0.684375 0.963889 0.698438 0.963889 0.7 0.966667 0.714063 0.966667 0.715625 0.969444 0.71875 0.969444 0.720312 0.972222 0.720312 0.980556 0.839063 0.980556 0.839063 0.972222 0.84375 0.963889 0.845312 0.963889 0.846875 0.961111 0.851562 0.961111 0.853125 0.958333 0.854688 0.958333 0.85625 0.955556 0.857813 0.955556 0.859375 0.952778 0.8625 0.952778 0.864062 0.95 0.865625 0.95 0.871875 0.938889 0.873438 0.938889 0.875 0.936111 0.876562 0.936111 0.88125 0.927778 0.882812 0.927778 0.885938 0.922222 0.885938 0.919444 0.889063 0.913889 0.889063 0.908333 0.890625 0.905556 0.890625 0.880556 0.892187 0.877778 0.892187 0.833333 0.89375 0.830556 0.89375 0.791667 0.895312 0.788889 0.895312 0.772222 0.896875 0.769444 0.896875 0.758333 0.898438 0.755556 0.898438 0.75 0.9 0.747222 0.9 0.713889 0.901563 0.711111 0.901563 0.677778 0.9 0.675 0.9 0.613889 0.901563 0.611111 0.901563 0.536111 0.903125 0.533333 0.903125 0.483333 0.904688 0.480556 0.904688 0.447222 0.90625 0.444444 0.90625 0.416667 0.907812 0.413889 0.907812 0.355556 0.909375 0.352778 0.909375 0.313889 0.910937 0.311111 0.910937 0.286111 0.9125 0.283333 0.9125 0.266667 0.914062 0.263889 0.914062 0.247222 0.915625 0.244444 0.915625 0.233333 0.914062 0.230556 0.914062 0.225 0.915625 0.222222 0.915625 0.177778 0.917188 0.175 0.917188 0.130556 0.91875 0.127778 0.91875 0.111111 0.920313 0.108333 0.920313 0.105556 0.91875 0.102778 0.91875 0.0972222 0.915625 0.0916667 0.915625 0.0888889 0.914062 0.0861111 0.910937 0.0861111 0.909375 0.0833333 0.904688 0.0833333 0.903125 0.0805556 0.8875 0.0805556 0.885938 0.0777778 0.859375 0.0777778 0.857813 0.075 0.84375 0.075 0.842188 0.0722222 0.817187 0.0722222 0.815625 0.0694444 0.8125 0.0694444 0.810938 0.0722222 0.809375 0.0722222 0.807813 0.0694444 0.792188 0.0694444 0.790625 0.0666667 0.765625 0.0666667 0.764063 0.0638889 0.745313 0.0638889 0.74375 0.0611111 0.715625 0.0611111 0.714063 0.0638889 0.7125 0.0611111 0.629687 0.0611111 0.628125 0.0583333 0.585938 0.0583333 0.584375 0.0555556 0.525 0.0555556 0.523438 0.0527778 0.492188 0.0527778 0.490625 0.05 0.478125 0.05 0.476562 0.0472222 0.476562 0.0388889
62 0.159375 0.0388889 0.159375 0.844444 0.164062 0.844444 0.16875 0.852778 0.16875 0.855556 0.171875 0.861111 0.175 0.861111 0.176563 0.863889 0.178125 0.863889 0.179688 0.866667 0.18125 0.866667 0.184375 0.872222 0.189063 0.872222 0.190625 0.875 0.19375 0.875 0.195312 0.877778 0.201562 0.877778 0.203125 0.880556 0.207813 0.880556 0.209375 0.883333 0.217187 0.883333 0.21875 0.886111 0.223438 0.886111 0.225 0.888889 0.232812 0.888889 0.234375 0.891667 0.254687 0.891667 0.25625 0.894444 0.2625 0.894444 0.264062 0.897222 0.273438 0.897222 0.275 0.9 0.284375 0.9 0.285937 0.902778 0.314063 0.902778 0.315625 0.905556 0.329688 0.905556 0.33125 0.908333 0.342187 0.908333 0.34375 0.911111 0.353125 0.911111 0.354688 0.913889 0.365625 0.913889 0.367188 0.916667 0.392188 0.916667 0.39375 0.919444 0.398438 0.919444 0.4 0.922222 0.40625 0.922222 0.407813 0.925 0.4625 0.925 0.464063 0.922222 0.476562 0.922222 0.478125 0.925 0.490625 0.925 0.492188 0.927778 0.5 0.927778 0.501562 0.930556 0.515625 0.930556 0.517187 0.933333 0.521875 0.933333 0.523438 0.936111 0.534375 0.936111 0.535937 0.938889 0.56875 0.938889 0.570312 0.941667 0.58125 0.941667 0.582812 0.944444 0.589063 0.944444 0.590625 0.947222 0.598437 0.947222 0.6 0.95 0.61875 0.95 0.620313 0.952778 0.64375 0.952778 0.645312 0.955556 0.664062 0.955556 0.665625 0.958333 0.673437 0.958333 0.675 0.961111 0.682813 0.961111 0.684375 0.963889 0.698438 0.963889 0.7 0.966667 0.714063 0.966667 0.715625 0.969444 0.71875 0.969444 0.720312 0.972222 0.720312 0.980556 0.839063 0.980556 0.839063 0.972222 0.84375 0.963889 0.845312 0.963889 0.846875 0.961111 0.851562 0.961111 0.853125 0.958333 0.854688 0.958333 0.85625 0.955556 0.857813 0.955556 0.859375 0.952778 0.8625 0.952778 0.864062 0.95 0.865625 0.95 0.871875 0.938889 0.873438 0.938889 0.875 0.936111 0.876562 0.936111 0.88125 0.927778 0.882812 0.927778 0.885938 0.922222 0.885938 0.919444 0.889063 0.913889 0.889063 0.908333 0.890625 0.905556 0.890625 0.880556 0.892187 0.877778 0.892187 0.833333 0.89375 0.830556 0.89375 0.791667 0.895312 0.788889 0.895312 0.772222 0.896875 0.769444 0.896875 0.758333 0.898438 0.755556 0.898438 0.75 0.9 0.747222 0.9 0.713889 0.901563 0.711111 0.901563 0.677778 0.9 0.675 0.9 0.613889 0.901563 0.611111 0.901563 0.536111 0.903125 0.533333 0.903125 0.483333 0.904688 0.480556 0.904688 0.447222 0.90625 0.444444 0.90625 0.416667 0.907812 0.413889 0.907812 0.355556 0.909375 0.352778 0.909375 0.313889 0.910937 0.311111 0.910937 0.286111 0.9125 0.283333 0.9125 0.266667 0.914062 0.263889 0.914062 0.247222 0.915625 0.244444 0.915625 0.233333 0.914062 0.230556 0.914062 0.225 0.915625 0.222222 0.915625 0.177778 0.917188 0.175 0.917188 0.130556 0.91875 0.127778 0.91875 0.111111 0.920313 0.108333 0.920313 0.105556 0.91875 0.102778 0.91875 0.0972222 0.915625 0.0916667 0.915625 0.0888889 0.914062 0.0861111 0.910937 0.0861111 0.909375 0.0833333 0.904688 0.0833333 0.903125 0.0805556 0.8875 0.0805556 0.885938 0.0777778 0.859375 0.0777778 0.857813 0.075 0.84375 0.075 0.842188 0.0722222 0.817187 0.0722222 0.815625 0.0694444 0.8125 0.0694444 0.810938 0.0722222 0.809375 0.0722222 0.807813 0.0694444 0.792188 0.0694444 0.790625 0.0666667 0.765625 0.0666667 0.764063 0.0638889 0.745313 0.0638889 0.74375 0.0611111 0.715625 0.0611111 0.714063 0.0638889 0.7125 0.0611111 0.629687 0.0611111 0.628125 0.0583333 0.585938 0.0583333 0.584375 0.0555556 0.525 0.0555556 0.523438 0.0527778 0.492188 0.0527778 0.490625 0.05 0.478125 0.05 0.476562 0.0472222 0.476562 0.0388889
67 0.159375 0.0388889 0.159375 0.844444 0.164062 0.844444 0.16875 0.852778 0.16875 0.855556 0.171875 0.861111 0.175 0.861111 0.176563 0.863889 0.178125 0.863889 0.179688 0.866667 0.18125 0.866667 0.184375 0.872222 0.189063 0.872222 0.190625 0.875 0.19375 0.875 0.195312 0.877778 0.201562 0.877778 0.203125 0.880556 0.207813 0.880556 0.209375 0.883333 0.217187 0.883333 0.21875 0.886111 0.223438 0.886111 0.225 0.888889 0.232812 0.888889 0.234375 0.891667 0.254687 0.891667 0.25625 0.894444 0.2625 0.894444 0.264062 0.897222 0.273438 0.897222 0.275 0.9 0.284375 0.9 0.285937 0.902778 0.314063 0.902778 0.315625 0.905556 0.329688 0.905556 0.33125 0.908333 0.342187 0.908333 0.34375 0.911111 0.353125 0.911111 0.354688 0.913889 0.365625 0.913889 0.367188 0.916667 0.392188 0.916667 0.39375 0.919444 0.398438 0.919444 0.4 0.922222 0.40625 0.922222 0.407813 0.925 0.4625 0.925 0.464063 0.922222 0.476562 0.922222 0.478125 0.925 0.490625 0.925 0.492188 0.927778 0.5 0.927778 0.501562 0.930556 0.515625 0.930556 0.517187 0.933333 0.521875 0.933333 0.523438 0.936111 0.534375 0.936111 0.535937 0.938889 0.56875 0.938889 0.570312 0.941667 0.58125 0.941667 0.582812 0.944444 0.589063 0.944444 0.590625 0.947222 0.598437 0.947222 0.6 0.95 0.61875 0.95 0.620313 0.952778 0.64375 0.952778 0.645312 0.955556 0.664062 0.955556 0.665625 0.958333 0.673437 0.958333 0.675 0.961111 0.682813 0.961111 0.684375 0.963889 0.698438 0.963889 0.7 0.966667 0.714063 0.966667 0.715625 0.969444 0.71875 0.969444 0.720312 0.972222 0.720312 0.980556 0.839063 0.980556 0.839063 0.972222 0.84375 0.963889 0.845312 0.963889 0.846875 0.961111 0.851562 0.961111 0.853125 0.958333 0.854688 0.958333 0.85625 0.955556 0.857813 0.955556 0.859375 0.952778 0.8625 0.952778 0.864062 0.95 0.865625 0.95 0.871875 0.938889 0.873438 0.938889 0.875 0.936111 0.876562 0.936111 0.88125 0.927778 0.882812 0.927778 0.885938 0.922222 0.885938 0.919444 0.889063 0.913889 0.889063 0.908333 0.890625 0.905556 0.890625 0.880556 0.892187 0.877778 0.892187 0.833333 0.89375 0.830556 0.89375 0.791667 0.895312 0.788889 0.895312 0.772222 0.896875 0.769444 0.896875 0.758333 0.898438 0.755556 0.898438 0.75 0.9 0.747222 0.9 0.713889 0.901563 0.711111 0.901563 0.677778 0.9 0.675 0.9 0.613889 0.901563 0.611111 0.901563 0.536111 0.903125 0.533333 0.903125 0.483333 0.904688 0.480556 0.904688 0.447222 0.90625 0.444444 0.90625 0.416667 0.907812 0.413889 0.907812 0.355556 0.909375 0.352778 0.909375 0.313889 0.910937 0.311111 0.910937 0.286111 0.9125 0.283333 0.9125 0.266667 0.914062 0.263889 0.914062 0.247222 0.915625 0.244444 0.915625 0.233333 0.914062 0.230556 0.914062 0.225 0.915625 0.222222 0.915625 0.177778 0.917188 0.175 0.917188 0.130556 0.91875 0.127778 0.91875 0.111111 0.920313 0.108333 0.920313 0.105556 0.91875 0.102778 0.91875 0.0972222 0.915625 0.0916667 0.915625 0.0888889 0.914062 0.0861111 0.910937 0.0861111 0.909375 0.0833333 0.904688 0.0833333 0.903125 0.0805556 0.8875 0.0805556 0.885938 0.0777778 0.859375 0.0777778 0.857813 0.075 0.84375 0.075 0.842188 0.0722222 0.817187 0.0722222 0.815625 0.0694444 0.8125 0.0694444 0.810938 0.0722222 0.809375 0.0722222 0.807813 0.0694444 0.792188 0.0694444 0.790625 0.0666667 0.765625 0.0666667 0.764063 0.0638889 0.745313 0.0638889 0.74375 0.0611111 0.715625 0.0611111 0.714063 0.0638889 0.7125 0.0611111 0.629687 0.0611111 0.628125 0.0583333 0.585938 0.0583333 0.584375 0.0555556 0.525 0.0555556 0.523438 0.0527778 0.492188 0.0527778 0.490625 0.05 0.478125 0.05 0.476562 0.0472222 0.476562 0.0388889
62 0.159375 0.0388889 0.159375 0.844444 0.164062 0.844444 0.16875 0.852778 0.16875 0.855556 0.171875 0.861111 0.175 0.861111 0.176563 0.863889 0.178125 0.863889 0.179688 0.866667 0.18125 0.866667 0.184375 0.872222 0.189063 0.872222 0.190625 0.875 0.19375 0.875 0.195312 0.877778 0.201562 0.877778 0.203125 0.880556 0.207813 0.880556 0.209375 0.883333 0.217187 0.883333 0.21875 0.886111 0.223438 0.886111 0.225 0.888889 0.232812 0.888889 0.234375 0.891667 0.254687 0.891667 0.25625 0.894444 0.2625 0.894444 0.264062 0.897222 0.273438 0.897222 0.275 0.9 0.284375 0.9 0.285937 0.902778 0.314063 0.902778 0.315625 0.905556 0.329688 0.905556 0.33125 0.908333 0.342187 0.908333 0.34375 0.911111 0.353125 0.911111 0.354688 0.913889 0.365625 0.913889 0.367188 0.916667 0.392188 0.916667 0.39375 0.919444 0.398438 0.919444 0.4 0.922222 0.40625 0.922222 0.407813 0.925 0.4625 0.925 0.464063 0.922222 0.476562 0.922222 0.478125 0.925 0.490625 0.925 0.492188 0.927778 0.5 0.927778 0.501562 0.930556 0.515625 0.930556 0.517187 0.933333 0.521875 0.933333 0.523438 0.936111 0.534375 0.936111 0.535937 0.938889 0.56875 0.938889 0.570312 0.941667 0.58125 0.941667 0.582812 0.944444 0.589063 0.944444 0.590625 0.947222 0.598437 0.947222 0.6 0.95 0.61875 0.95 0.620313 0.952778 0.64375 0.952778 0.645312 0.955556 0.664062 0.955556 0.665625 0.958333 0.673437 0.958333 0.675 0.961111 0.682813 0.961111 0.684375 0.963889 0.698438 0.963889 0.7 0.966667 0.714063 0.966667 0.715625 0.969444 0.71875 0.969444 0.720312 0.972222 0.720312 0.980556 0.839063 0.980556 0.839063 0.972222 0.84375 0.963889 0.845312 0.963889 0.846875 0.961111 0.851562 0.961111 0.853125 0.958333 0.854688 0.958333 0.85625 0.955556 0.857813 0.955556 0.859375 0.952778 0.8625 0.952778 0.864062 0.95 0.865625 0.95 0.871875 0.938889 0.873438 0.938889 0.875 0.936111 0.876562 0.936111 0.88125 0.927778 0.882812 0.927778 0.885938 0.922222 0.885938 0.919444 0.889063 0.913889 0.889063 0.908333 0.890625 0.905556 0.890625 0.880556 0.892187 0.877778 0.892187 0.833333 0.89375 0.830556 0.89375 0.791667 0.895312 0.788889 0.895312 0.772222 0.896875 0.769444 0.896875 0.758333 0.898438 0.755556 0.898438 0.75 0.9 0.747222 0.9 0.713889 0.901563 0.711111 0.901563 0.677778 0.9 0.675 0.9 0.613889 0.901563 0.611111 0.901563 0.536111 0.903125 0.533333 0.903125 0.483333 0.904688 0.480556 0.904688 0.447222 0.90625 0.444444 0.90625 0.416667 0.907812 0.413889 0.907812 0.355556 0.909375 0.352778 0.909375 0.313889 0.910937 0.311111 0.910937 0.286111 0.9125 0.283333 0.9125 0.266667 0.914062 0.263889 0.914062 0.247222 0.915625 0.244444 0.915625 0.233333 0.914062 0.230556 0.914062 0.225 0.915625 0.222222 0.915625 0.177778 0.917188 0.175 0.917188 0.130556 0.91875 0.127778 0.91875 0.111111 0.920313 0.108333 0.920313 0.105556 0.91875 0.102778 0.91875 0.0972222 0.915625 0.0916667 0.915625 0.0888889 0.914062 0.0861111 0.910937 0.0861111 0.909375 0.0833333 0.904688 0.0833333 0.903125 0.0805556 0.8875 0.0805556 0.885938 0.0777778 0.859375 0.0777778 0.857813 0.075 0.84375 0.075 0.842188 0.0722222 0.817187 0.0722222 0.815625 0.0694444 0.8125 0.0694444 0.810938 0.0722222 0.809375 0.0722222 0.807813 0.0694444 0.792188 0.0694444 0.790625 0.0666667 0.765625 0.0666667 0.764063 0.0638889 0.745313 0.0638889 0.74375 0.0611111 0.715625 0.0611111 0.714063 0.0638889 0.7125 0.0611111 0.629687 0.0611111 0.628125 0.0583333 0.585938 0.0583333 0.584375 0.0555556 0.525 0.0555556 0.523438 0.0527778 0.492188 0.0527778 0.490625 0.05 0.478125 0.05 0.476562 0.0472222 0.476562 0.0388889
67 0.159375 0.0388889 0.159375 0.844444 0.164062 0.844444 0.16875 0.852778 0.16875 0.855556 0.171875 0.861111 0.175 0.861111 0.176563 0.863889 0.178125 0.863889 0.179688 0.866667 0.18125 0.866667 0.184375 0.872222 0.189063 0.872222 0.190625 0.875 0.19375 0.875 0.195312 0.877778 0.201562 0.877778 0.203125 0.880556 0.207813 0.880556 0.209375 0.883333 0.217187 0.883333 0.21875 0.886111 0.223438 0.886111 0.225 0.888889 0.232812 0.888889 0.234375 0.891667 0.254687 0.891667 0.25625 0.894444 0.2625 0.894444 0.264062 0.897222 0.273438 0.897222 0.275 0.9 0.284375 0.9 0.285937 0.902778 0.314063 0.902778 0.315625 0.905556 0.329688 0.905556 0.33125 0.908333 0.342187 0.908333 0.34375 0.911111 0.353125 0.911111 0.354688 0.913889 0.365625 0.913889 0.367188 0.916667 0.392188 0.916667 0.39375 0.919444 0.398438 0.919444 0.4 0.922222 0.40625 0.922222 0.407813 0.925 0.4625 0.925 0.464063 0.922222 0.476562 0.922222 0.478125 0.925 0.490625 0.925 0.492188 0.927778 0.5 0.927778 0.501562 0.930556 0.515625 0.930556 0.517187 0.933333 0.521875 0.933333 0.523438 0.936111 0.534375 0.936111 0.535937 0.938889 0.56875 0.938889 0.570312 0.941667 0.58125 0.941667 0.582812 0.944444 0.589063 0.944444 0.590625 0.947222 0.598437 0.947222 0.6 0.95 0.61875 0.95 0.620313 0.952778 0.64375 0.952778 0.645312 0.955556 0.664062 0.955556 0.665625 0.958333 0.673437 0.958333 0.675 0.961111 0.682813 0.961111 0.684375 0.963889 0.698438 0.963889 0.7 0.966667 0.714063 0.966667 0.715625 0.969444 0.71875 0.969444 0.720312 0.972222 0.720312 0.980556 0.839063 0.980556 0.839063 0.972222 0.84375 0.963889 0.845312 0.963889 0.846875 0.961111 0.851562 0.961111 0.853125 0.958333 0.854688 0.958333 0.85625 0.955556 0.857813 0.955556 0.859375 0.952778 0.8625 0.952778 0.864062 0.95 0.865625 0.95 0.871875 0.938889 0.873438 0.938889 0.875 0.936111 0.876562 0.936111 0.88125 0.927778 0.882812 0.927778 0.885938 0.922222 0.885938 0.919444 0.889063 0.913889 0.889063 0.908333 0.890625 0.905556 0.890625 0.880556 0.892187 0.877778 0.892187 0.833333 0.89375 0.830556 0.89375 0.791667 0.895312 0.788889 0.895312 0.772222 0.896875 0.769444 0.896875 0.758333 0.898438 0.755556 0.898438 0.75 0.9 0.747222 0.9 0.713889 0.901563 0.711111 0.901563 0.677778 0.9 0.675 0.9 0.613889 0.901563 0.611111 0.901563 0.536111 0.903125 0.533333 0.903125 0.483333 0.904688 0.480556 0.904688 0.447222 0.90625 0.444444 0.90625 0.416667 0.907812 0.413889 0.907812 0.355556 0.909375 0.352778 0.909375 0.313889 0.910937 0.311111 0.910937 0.286111 0.9125 0.283333 0.9125 0.266667 0.914062 0.263889 0.914062 0.247222 0.915625 0.244444 0.915625 0.233333 0.914062 0.230556 0.914062 0.225 0.915625 0.222222 0.915625 0.177778 0.917188 0.175 0.917188 0.130556 0.91875 0.127778 0.91875 0.111111 0.920313 0.108333 0.920313 0.105556 0.91875 0.102778 0.91875 0.0972222 0.915625 0.0916667 0.915625 0.0888889 0.914062 0.0861111 0.910937 0.0861111 0.909375 0.0833333 0.904688 0.0833333 0.903125 0.0805556 0.8875 0.0805556 0.885938 0.0777778 0.859375 0.0777778 0.857813 0.075 0.84375 0.075 0.842188 0.0722222 0.817187 0.0722222 0.815625 0.0694444 0.8125 0.0694444 0.810938 0.0722222 0.809375 0.0722222 0.807813 0.0694444 0.792188 0.0694444 0.790625 0.0666667 0.765625 0.0666667 0.764063 0.0638889 0.745313 0.0638889 0.74375 0.0611111 0.715625 0.0611111 0.714063 0.0638889 0.7125 0.0611111 0.629687 0.0611111 0.628125 0.0583333 0.585938 0.0583333 0.584375 0.0555556 0.525 0.0555556 0.523438 0.0527778 0.492188 0.0527778 0.490625 0.05 0.478125 0.05 0.476562 0.0472222 0.476562 0.0388889
62 0.159375 0.0388889 0.159375 0.844444 0.164062 0.844444 0.16875 0.852778 0.16875 0.855556 0.171875 0.861111 0.175 0.861111 0.176563 0.863889 0.178125 0.863889 0.179688 0.866667 0.18125 0.866667 0.184375 0.872222 0.189063 0.872222 0.190625 0.875 0.19375 0.875 0.195312 0.877778 0.201562 0.877778 0.203125 0.880556 0.207813 0.880556 0.209375 0.883333 0.217187 0.883333 0.21875 0.886111 0.223438 0.886111 0.225 0.888889 0.232812 0.888889 0.234375 0.891667 0.254687 0.891667 0.25625 0.894444 0.2625 0.894444 0.264062 0.897222 0.273438 0.897222 0.275 0.9 0.284375 0.9 0.285937 0.902778 0.314063 0.902778 0.315625 0.905556 0.329688 0.905556 0.33125 0.908333 0.342187 0.908333 0.34375 0.911111 0.353125 0.911111 0.354688 0.913889 0.365625 0.913889 0.367188 0.916667 0.392188 0.916667 0.39375 0.919444 0.398438 0.919444 0.4 0.922222 0.40625 0.922222 0.407813 0.925 0.4625 0.925 0.464063 0.922222 0.476562 0.922222 0.478125 0.925 0.490625 0.925 0.492188 0.927778 0.5 0.927778 0.501562 0.930556 0.515625 0.930556 0.517187 0.933333 0.521875 0.933333 0.523438 0.936111 0.534375 0.936111 0.535937 0.938889 0.56875 0.938889 0.570312 0.941667 0.58125 0.941667 0.582812 0.944444 0.589063 0.944444 0.590625 0.947222 0.598437 0.947222 0.6 0.95 0.61875 0.95 0.620313 0.952778 0.64375 0.952778 0.645312 0.955556 0.664062 0.955556 0.665625 0.958333 0.673437 0.958333 0.675 0.961111 0.682813 0.961111 0.684375 0.963889 0.698438 0.963889 0.7 0.966667 0.714063 0.966667 0.715625 0.969444 0.71875 0.969444 0.720312 0.972222 0.720312 0.980556 0.839063 0.980556 0.839063 0.972222 0.84375 0.963889 0.845312 0.963889 0.846875 0.961111 0.851562 0.961111 0.853125 0.958333 0.854688 0.958333 0.85625 0.955556 0.857813 0.955556 0.859375 0.952778 0.8625 0.952778 0.864062 0.95 0.865625 0.95 0.871875 0.938889 0.873438 0.938889 0.875 0.936111 0.876562 0.936111 0.88125 0.927778 0.882812 0.927778 0.885938 0.922222 0.885938 0.919444 0.889063 0.913889 0.889063 0.908333 0.890625 0.905556 0.890625 0.880556 0.892187 0.877778 0.892187 0.833333 0.89375 0.830556 0.89375 0.791667 0.895312 0.788889 0.895312 0.772222 0.896875 0.769444 0.896875 0.758333 0.898438 0.755556 0.898438 0.75 0.9 0.747222 0.9 0.713889 0.901563 0.711111 0.901563 0.677778 0.9 0.675 0.9 0.613889 0.901563 0.611111 0.901563 0.536111 0.903125 0.533333 0.903125 0.483333 0.904688 0.480556 0.904688 0.447222 0.90625 0.444444 0.90625 0.416667 0.907812 0.413889 0.907812 0.355556 0.909375 0.352778 0.909375 0.313889 0.910937 0.311111 0.910937 0.286111 0.9125 0.283333 0.9125 0.266667 0.914062 0.263889 0.914062 0.247222 0.915625 0.244444 0.915625 0.233333 0.914062 0.230556 0.914062 0.225 0.915625 0.222222 0.915625 0.177778 0.917188 0.175 0.917188 0.130556 0.91875 0.127778 0.91875 0.111111 0.920313 0.108333 0.920313 0.105556 0.91875 0.102778 0.91875 0.0972222 0.915625 0.0916667 0.915625 0.0888889 0.914062 0.0861111 0.910937 0.0861111 0.909375 0.0833333 0.904688 0.0833333 0.903125 0.0805556 0.8875 0.0805556 0.885938 0.0777778 0.859375 0.0777778 0.857813 0.075 0.84375 0.075 0.842188 0.0722222 0.817187 0.0722222 0.815625 0.0694444 0.8125 0.0694444 0.810938 0.0722222 0.809375 0.0722222 0.807813 0.0694444 0.792188 0.0694444 0.790625 0.0666667 0.765625 0.0666667 0.764063 0.0638889 0.745313 0.0638889 0.74375 0.0611111 0.715625 0.0611111 0.714063 0.0638889 0.7125 0.0611111 0.629687 0.0611111 0.628125 0.0583333 0.585938 0.0583333 0.584375 0.0555556 0.525 0.0555556 0.523438 0.0527778 0.492188 0.0527778 0.490625 0.05 0.478125 0.05 0.476562 0.0472222 0.476562 0.0388889
67 0.159375 0.0388889 0.159375 0.844444 0.164062 0.844444 0.16875 0.852778 0.16875 0.855556 0.171875 0.861111 0.175 0.861111 0.176563 0.863889 0.178125 0.863889 0.179688 0.866667 0.18125 0.866667 0.184375 0.872222 0.189063 0.872222 0.190625 0.875 0.19375 0.875 0.195312 0.877778 0.201562 0.877778 0.203125 0.880556 0.207813 0.880556 0.209375 0.883333 0.217187 0.883333 0.21875 0.886111 0.223438 0.886111 0.225 0.888889 0.232812 0.888889 0.234375 0.891667 0.254687 0.891667 0.25625 0.894444 0.2625 0.894444 0.264062 0.897222 0.273438 0.897222 0.275 0.9 0.284375 0.9 0.285937 0.902778 0.314063 0.902778 0.315625 0.905556 0.329688 0.905556 0.33125 0.908333 0.342187 0.908333 0.34375 0.911111 0.353125 0.911111 0.354688 0.913889 0.365625 0.913889 0.367188 0.916667 0.392188 0.916667 0.39375 0.919444 0.398438 0.919444 0.4 0.922222 0.40625 0.922222 0.407813 0.925 0.4625 0.925 0.464063 0.922222 0.476562 0.922222 0.478125 0.925 0.490625 0.925 0.492188 0.927778 0.5 0.927778 0.501562 0.930556 0.515625 0.930556 0.517187 0.933333 0.521875 0.933333 0.523438 0.936111 0.534375 0.936111 0.535937 0.938889 0.56875 0.938889 0.570312 0.941667 0.58125 0.941667 0.582812 0.944444 0.589063 0.944444 0.590625 0.947222 0.598437 0.947222 0.6 0.95 0.61875 0.95 0.620313 0.952778 0.64375 0.952778 0.645312 0.955556 0.664062 0.955556 0.665625 0.958333 0.673437 0.958333 0.675 0.961111 0.682813 0.961111 0.684375 0.963889 0.698438 0.963889 0.7 0.966667 0.714063 0.966667 0.715625 0.969444 0.71875 0.969444 0.720312 0.972222 0.720312 0.980556 0.839063 0.980556 0.839063 0.972222 0.84375 0.963889 0.845312 0.963889 0.846875 0.961111 0.851562 0.961111 0.853125 0.958333 0.854688 0.958333 0.85625 0.955556 0.857813 0.955556 0.859375 0.952778 0.8625 0.952778 0.864062 0.95 0.865625 0.95 0.871875 0.938889 0.873438 0.938889 0.875 0.936111 0.876562 0.936111 0.88125 0.927778 0.882812 0.927778 0.885938 0.922222 0.885938 0.919444 0.889063 0.913889 0.889063 0.908333 0.890625 0.905556 0.890625 0.880556 0.892187 0.877778 0.892187 0.833333 0.89375 0.830556 0.89375 0.791667 0.895312 0.788889 0.895312 0.772222 0.896875 0.769444 0.896875 0.758333 0.898438 0.755556 0.898438 0.75 0.9 0.747222 0.9 0.713889 0.901563 0.711111 0.901563 0.677778 0.9 0.675 0.9 0.613889 0.901563 0.611111 0.901563 0.536111 0.903125 0.533333 0.903125 0.483333 0.904688 0.480556 0.904688 0.447222 0.90625 0.444444 0.90625 0.416667 0.907812 0.413889 0.907812 0.355556 0.909375 0.352778 0.909375 0.313889 0.910937 0.311111 0.910937 0.286111 0.9125 0.283333 0.9125 0.266667 0.914062 0.263889 0.914062 0.247222 0.915625 0.244444 0.915625 0.233333 0.914062 0.230556 0.914062 0.225 0.915625 0.222222 0.915625 0.177778 0.917188 0.175 0.917188 0.130556 0.91875 0.127778 0.91875 0.111111 0.920313 0.108333 0.920313 0.105556 0.91875 0.102778 0.91875 0.0972222 0.915625 0.0916667 0.915625 0.0888889 0.914062 0.0861111 0.910937 0.0861111 0.909375 0.0833333 0.904688 0.0833333 0.903125 0.0805556 0.8875 0.0805556 0.885938 0.0777778 0.859375 0.0777778 0.857813 0.075 0.84375 0.075 0.842188 0.0722222 0.817187 0.0722222 0.815625 0.0694444 0.8125 0.0694444 0.810938 0.0722222 0.809375 0.0722222 0.807813 0.0694444 0.792188 0.0694444 0.790625 0.0666667 0.765625 0.0666667 0.764063 0.0638889 0.745313 0.0638889 0.74375 0.0611111 0.715625 0.0611111 0.714063 0.0638889 0.7125 0.0611111 0.629687 0.0611111 0.628125 0.0583333 0.585938 0.0583333 0.584375 0.0555556 0.525 0.0555556 0.523438 0.0527778 0.492188 0.0527778 0.490625 0.05 0.478125 0.05 0.476562 0.0472222 0.476562 0.0388889
62 0.159375 0.0388889 0.159375 0.844444 0.164062 0.844444 0.16875 0.852778 0.16875 0.855556 0.171875 0.861111 0.175 0.861111 0.176563 0.863889 0.178125 0.863889 0.179688 0.866667 0.18125 0.866667 0.184375 0.872222 0.189063 0.872222 0.190625 0.875 0.19375 0.875 0.195312 0.877778 0.201562 0.877778 0.203125 0.880556 0.207813 0.880556 0.209375 0.883333 0.217187 0.883333 0.21875 0.886111 0.223438 0.886111 0.225 0.888889 0.232812 0.888889 0.234375 0.891667 0.254687 0.891667 0.25625 0.894444 0.2625 0.894444 0.264062 0.897222 0.273438 0.897222 0.275 0.9 0.284375 0.9 0.285937 0.902778 0.314063 0.902778 0.315625 0.905556 0.329688 0.905556 0.33125 0.908333 0.342187 0.908333 0.34375 0.911111 0.353125 0.911111 0.354688 0.913889 0.365625 0.913889 0.367188 0.916667 0.392188 0.916667 0.39375 0.919444 0.398438 0.919444 0.4 0.922222 0.40625 0.922222 0.407813 0.925 0.4625 0.925 0.464063 0.922222 0.476562 0.922222 0.478125 0.925 0.490625 0.925 0.492188 0.927778 0.5 0.927778 0.501562 0.930556 0.515625 0.930556 0.517187 0.933333 0.521875 0.933333 0.523438 0.936111 0.534375 0.936111 0.535937 0.938889 0.56875 0.938889 0.570312 0.941667 0.58125 0.941667 0.582812 0.944444 0.589063 0.944444 0.590625 0.947222 0.598437 0.947222 0.6 0.95 0.61875 0.95 0.620313 0.952778 0.64375 0.952778 0.645312 0.955556 0.664062 0.955556 0.665625 0.958333 0.673437 0.958333 0.675 0.961111 0.682813 0.961111 0.684375 0.963889 0.698438 0.963889 0.7 0.966667 0.714063 0.966667 0.715625 0.969444 0.71875 0.969444 0.720312 0.972222 0.720312 0.980556 0.839063 0.980556 0.839063 0.972222 0.84375 0.963889 0.845312 0.963889 0.846875 0.961111 0.851562 0.961111 0.853125 0.958333 0.854688 0.958333 0.85625 0.955556 0.857813 0.955556 0.859375 0.952778 0.8625 0.952778 0.864062 0.95 0.865625 0.95 0.871875 0.938889 0.873438 0.938889 0.875 0.936111 0.876562 0.936111 0.88125 0.927778 0.882812 0.927778 0.885938 0.922222 0.885938 0.919444 0.889063 0.913889 0.889063 0.908333 0.890625 0.905556 0.890625 0.880556 0.892187 0.877778 0.892187 0.833333 0.89375 0.830556 0.89375 0.791667 0.895312 0.788889 0.895312 0.772222 0.896875 0.769444 0.896875 0.758333 0.898438 0.755556 0.898438 0.75 0.9 0.747222 0.9 0.713889 0.901563 0.711111 0.901563 0.677778 0.9 0.675 0.9 0.613889 0.901563 0.611111 0.901563 0.536111 0.903125 0.533333 0.903125 0.483333 0.904688 0.480556 0.904688 0.447222 0.90625 0.444444 0.90625 0.416667 0.907812 0.413889 0.907812 0.355556 0.909375 0.352778 0.909375 0.313889 0.910937 0.311111 0.910937 0.286111 0.9125 0.283333 0.9125 0.266667 0.914062 0.263889 0.914062 0.247222 0.915625 0.244444 0.915625 0.233333 0.914062 0.230556 0.914062 0.225 0.915625 0.222222 0.915625 0.177778 0.917188 0.175 0.917188 0.130556 0.91875 0.127778 0.91875 0.111111 0.920313 0.108333 0.920313 0.105556 0.91875 0.102778 0.91875 0.0972222 0.915625 0.0916667 0.915625 0.0888889 0.914062 0.0861111 0.910937 0.0861111 0.909375 0.0833333 0.904688 0.0833333 0.903125 0.0805556 0.8875 0.0805556 0.885938 0.0777778 0.859375 0.0777778 0.857813 0.075 0.84375 0.075 0.842188 0.0722222 0.817187 0.0722222 0.815625 0.0694444 0.8125 0.0694444 0.810938 0.0722222 0.809375 0.0722222 0.807813 0.0694444 0.792188 0.0694444 0.790625 0.0666667 0.765625 0.0666667 0.764063 0.0638889 0.745313 0.0638889 0.74375 0.0611111 0.715625 0.0611111 0.714063 0.0638889 0.7125 0.0611111 0.629687 0.0611111 0.628125 0.0583333 0.585938 0.0583333 0.584375 0.0555556 0.525 0.0555556 0.523438 0.0527778 0.492188 0.0527778 0.490625 0.05 0.478125 0.05 0.476562 0.0472222 0.476562 0.0388889
67 0.159375 0.0388889 0.159375 0.844444 0.164062 0.844444 0.16875 0.852778 0.16875 0.855556 0.171875 0.861111 0.175 0.861111 0.176563 0.863889 0.178125 0.863889 0.179688 0.866667 0.18125 0.866667 0.184375 0.872222 0.189063 0.872222 0.190625 0.875 0.19375 0.875 0.195312 0.877778 0.201562 0.877778 0.203125 0.880556 0.207813 0.880556 0.209375 0.883333 0.217187 0.883333 0.21875 0.886111 0.223438 0.886111 0.225 0.888889 0.232812 0.888889 0.234375 0.891667 0.254687 0.891667 0.25625 0.894444 0.2625 0.894444 0.264062 0.897222 0.273438 0.897222 0.275 0.9 0.284375 0.9 0.285937 0.902778 0.314063 0.902778 0.315625 0.905556 0.329688 0.905556 0.33125 0.908333 0.342187 0.908333 0.34375 0.911111 0.353125 0.911111 0.354688 0.913889 0.365625 0.913889 0.367188 0.916667 0.392188 0.916667 0.39375 0.919444 0.398438 0.919444 0.4 0.922222 0.40625 0.922222 0.407813 0.925 0.4625 0.925 0.464063 0.922222 0.476562 0.922222 0.478125 0.925 0.490625 0.925 0.492188 0.927778 0.5 0.927778 0.501562 0.930556 0.515625 0.930556 0.517187 0.933333 0.521875 0.933333 0.523438 0.936111 0.534375 0.936111 0.535937 0.938889 0.56875 0.938889 0.570312 0.941667 0.58125 0.941667 0.582812 0.944444 0.589063 0.944444 0.590625 0.947222 0.598437 0.947222 0.6 0.95 0.61875 0.95 0.620313 0.952778 0.64375 0.952778 0.645312 0.955556 0.664062 0.955556 0.665625 0.958333 0.673437 0.958333 0.675 0.961111 0.682813 0.961111 0.684375 0.963889 0.698438 0.963889 0.7 0.966667 0.714063 0.966667 0.715625 0.969444 0.71875 0.969444 0.720312 0.972222 0.720312 0.980556 0.839063 0.980556 0.839063 0.972222 0.84375 0.963889 0.845312 0.963889 0.846875 0.961111 0.851562 0.961111 0.853125 0.958333 0.854688 0.958333 0.85625 0.955556 0.857813 0.955556 0.859375 0.952778 0.8625 0.952778 0.864062 0.95 0.865625 0.95 0.871875 0.938889 0.873438 0.938889 0.875 0.936111 0.876562 0.936111 0.88125 0.927778 0.882812 0.927778 0.885938 0.922222 0.885938 0.919444 0.889063 0.913889 0.889063 0.908333 0.890625 0.905556 0.890625 0.880556 0.892187 0.877778 0.892187 0.833333 0.89375 0.830556 0.89375 0.791667 0.895312 0.788889 0.895312 0.772222 0.896875 0.769444 0.896875 0.758333 0.898438 0.755556 0.898438 0.75 0.9 0.747222 0.9 0.713889 0.901563 0.711111 0.901563 0.677778 0.9 0.675 0.9 0.613889 0.901563 0.611111 0.901563 0.536111 0.903125 0.533333 0.903125 0.483333 0.904688 0.480556 0.904688 0.447222 0.90625 0.444444 0.90625 0.416667 0.907812 0.413889 0.907812 0.355556 0.909375 0.352778 0.909375 0.313889 0.910937 0.311111 0.910937 0.286111 0.9125 0.283333 0.9125 0.266667 0.914062 0.263889 0.914062 0.247222 0.915625 0.244444 0.915625 0.233333 0.914062 0.230556 0.914062 0.225 0.915625 0.222222 0.915625 0.177778 0.917188 0.175 0.917188 0.130556 0.91875 0.127778 0.91875 0.111111 0.920313 0.108333 0.920313 0.105556 0.91875 0.102778 0.91875 0.0972222 0.915625 0.0916667 0.915625 0.0888889 0.914062 0.0861111 0.910937 0.0861111 0.909375 0.0833333 0.904688 0.0833333 0.903125 0.0805556 0.8875 0.0805556 0.885938 0.0777778 0.859375 0.0777778 0.857813 0.075 0.84375 0.075 0.842188 0.0722222 0.817187 0.0722222 0.815625 0.0694444 0.8125 0.0694444 0.810938 0.0722222 0.809375 0.0722222 0.807813 0.0694444 0.792188 0.0694444 0.790625 0.0666667 0.765625 0.0666667 0.764063 0.0638889 0.745313 0.0638889 0.74375 0.0611111 0.715625 0.0611111 0.714063 0.0638889 0.7125 0.0611111 0.629687 0.0611111 0.628125 0.0583333 0.585938 0.0583333 0.584375 0.0555556 0.525 0.0555556 0.523438 0.0527778 0.492188 0.0527778 0.490625 0.05 0.478125 0.05 0.476562 0.0472222 0.476562 0.0388889
62 0.159375 0.0388889 0.159375 0.844444 0.164062 0.844444 0.16875 0.852778 0.16875 0.855556 0.171875 0.861111 0.175 0.861111 0.176563 0.863889 0.178125 0.863889 0.179688 0.866667 0.18125 0.866667 0.184375 0.872222 0.189063 0.872222 0.190625 0.875 0.19375 0.875 0.195312 0.877778 0.201562 0.877778 0.203125 0.880556 0.207813 0.880556 0.209375 0.883333 0.217187 0.883333 0.21875 0.886111 0.223438 0.886111 0.225 0.888889 0.232812 0.888889 0.234375 0.891667 0.254687 0.891667 0.25625 0.894444 0.2625 0.894444 0.264062 0.897222 0.273438 0.897222 0.275 0.9 0.284375 0.9 0.285937 0.902778 0.314063 0.902778 0.315625 0.905556 0.329688 0.905556 0.33125 0.908333 0.342187 0.908333 0.34375 0.911111 0.353125 0.911111 0.354688 0.913889 0.365625 0.913889 0.367188 0.916667 0.392188 0.916667 0.39375 0.919444 0.398438 0.919444 0.4 0.922222 0.40625 0.922222 0.407813 0.925 0.4625 0.925 0.464063 0.922222 0.476562 0.922222 0.478125 0.925 0.490625 0.925 0.492188 0.927778 0.5 0.927778 0.501562 0.930556 0.515625 0.930556 0.517187 0.933333 0.521875 0.933333 0.523438 0.936111 0.534375 0.936111 0.535937 0.938889 0.56875 0.938889 0.570312 0.941667 0.58125 0.941667 0.582812 0.944444 0.589063 0.944444 0.590625 0.947222 0.598437 0.947222 0.6 0.95 0.61875 0.95 0.620313 0.952778 0.64375 0.952778 0.645312 0.955556 0.664062 0.955556 0.665625 0.958333 0.673437 0.958333 0.675 0.961111 0.682813 0.961111 0.684375 0.963889 0.698438 0.963889 0.7 0.966667 0.714063 0.966667 0.715625 0.969444 0.71875 0.969444 0.720312 0.972222 0.720312 0.980556 0.839063 0.980556 0.839063 0.972222 0.84375 0.963889 0.845312 0.963889 0.846875 0.961111 0.851562 0.961111 0.853125 0.958333 0.854688 0.958333 0.85625 0.955556 0.857813 0.955556 0.859375 0.952778 0.8625 0.952778 0.864062 0.95 0.865625 0.95 0.871875 0.938889 0.873438 0.938889 0.875 0.936111 0.876562 0.936111 0.88125 0.927778 0.882812 0.927778 0.885938 0.922222 0.885938 0.919444 0.889063 0.913889 0.889063 0.908333 0.890625 0.905556 0.890625 0.880556 0.892187 0.877778 0.892187 0.833333 0.89375 0.830556 0.89375 0.791667 0.895312 0.788889 0.895312 0.772222 0.896875 0.769444 0.896875 0.758333 0.898438 0.755556 0.898438 0.75 0.9 0.747222 0.9 0.713889 0.901563 0.711111 0.901563 0.677778 0.9 0.675 0.9 0.613889 0.901563 0.611111 0.901563 0.536111 0.903125 0.533333 0.903125 0.483333 0.904688 0.480556 0.904688 0.447222 0.90625 0.444444 0.90625 0.416667 0.907812 0.413889 0.907812 0.355556 0.909375 0.352778 0.909375 0.313889 0.910937 0.311111 0.910937 0.286111 0.9125 0.283333 0.9125 0.266667 0.914062 0.263889 0.914062 0.247222 0.915625 0.244444 0.915625 0.233333 0.914062 0.230556 0.914062 0.225 0.915625 0.222222 0.915625 0.177778 0.917188 0.175 0.917188 0.130556 0.91875 0.127778 0.91875 0.111111 0.920313 0.108333 0.920313 0.105556 0.91875 0.102778 0.91875 0.0972222 0.915625 0.0916667 0.915625 0.0888889 0.914062 0.0861111 0.910937 0.0861111 0.909375 0.0833333 0.904688 0.0833333 0.903125 0.0805556 0.8875 0.0805556 0.885938 0.0777778 0.859375 0.0777778 0.857813 0.075 0.84375 0.075 0.842188 0.0722222 0.817187 0.0722222 0.815625 0.0694444 0.8125 0.0694444 0.810938 0.0722222 0.809375 0.0722222 0.807813 0.0694444 0.792188 0.0694444 0.790625 0.0666667 0.765625 0.0666667 0.764063 0.0638889 0.745313 0.0638889 0.74375 0.0611111 0.715625 0.0611111 0.714063 0.0638889 0.7125 0.0611111 0.629687 0.0611111 0.628125 0.0583333 0.585938 0.0583333 0.584375 0.0555556 0.525 0.0555556 0.523438 0.0527778 0.492188 0.0527778 0.490625 0.05 0.478125 0.05 0.476562 0.0472222 0.476562 0.0388889
67 0.159375 0.0388889 0.159375 0.844444 0.164062 0.844444 0.16875 0.852778 0.16875 0.855556 0.171875 0.861111 0.175 0.861111 0.176563 0.863889 0.178125 0.863889 0.179688 0.866667 0.18125 0.866667 0.184375 0.872222 0.189063 0.872222 0.190625 0.875 0.19375 0.875 0.195312 0.877778 0.201562 0.877778 0.203125 0.880556 0.207813 0.880556 0.209375 0.883333 0.217187 0.883333 0.21875 0.886111 0.223438 0.886111 0.225 0.888889 0.232812 0.888889 0.234375 0.891667 0.254687 0.891667 0.25625 0.894444 0.2625 0.894444 0.264062 0.897222 0.273438 0.897222 0.275 0.9 0.284375 0.9 0.285937 0.902778 0.314063 0.902778 0.315625 0.905556 0.329688 0.905556 0.33125 0.908333 0.342187 0.908333 0.34375 0.911111 0.353125 0.911111 0.354688 0.913889 0.365625 0.913889 0.367188 0.916667 0.392188 0.916667 0.39375 0.919444 0.398438 0.919444 0.4 0.922222 0.40625 0.922222 0.407813 0.925 0.4625 0.925 0.464063 0.922222 0.476562 0.922222 0.478125 0.925 0.490625 0.925 0.492188 0.927778 0.5 0.927778 0.501562 0.930556 0.515625 0.930556 0.517187 0.933333 0.521875 0.933333 0.523438 0.936111 0.534375 0.936111 0.535937 0.938889 0.56875 0.938889 0.570312 0.941667 0.58125 0.941667 0.582812 0.944444 0.589063 0.944444 0.590625 0.947222 0.598437 0.947222 0.6 0.95 0.61875 0.95 0.620313 0.952778 0.64375 0.952778 0.645312 0.955556 0.664062 0.955556 0.665625 0.958333 0.673437 0.958333 0.675 0.961111 0.682813 0.961111 0.684375 0.963889 0.698438 0.963889 0.7 0.966667 0.714063 0.966667 0.715625 0.969444 0.71875 0.969444 0.720312 0.972222 0.720312 0.980556 0.839063 0.980556 0.839063 0.972222 0.84375 0.963889 0.845312 0.963889 0.846875 0.961111 0.851562 0.961111 0.853125 0.958333 0.854688 0.958333 0.85625 0.955556 0.857813 0.955556 0.859375 0.952778 0.8625 0.952778 0.864062 0.95 0.865625 0.95 0.871875 0.938889 0.873438 0.938889 0.875 0.936111 0.876562 0.936111 0.88125 0.927778 0.882812 0.927778 0.885938 0.922222 0.885938 0.919444 0.889063 0.913889 0.889063 0.908333 0.890625 0.905556 0.890625 0.880556 0.892187 0.877778 0.892187 0.833333 0.89375 0.830556 0.89375 0.791667 0.895312 0.788889 0.895312 0.772222 0.896875 0.769444 0.896875 0.758333 0.898438 0.755556 0.898438 0.75 0.9 0.747222 0.9 0.713889 0.901563 0.711111 0.901563 0.677778 0.9 0.675 0.9 0.613889 0.901563 0.611111 0.901563 0.536111 0.903125 0.533333 0.903125 0.483333 0.904688 0.480556 0.904688 0.447222 0.90625 0.444444 0.90625 0.416667 0.907812 0.413889 0.907812 0.355556 0.909375 0.352778 0.909375 0.313889 0.910937 0.311111 0.910937 0.286111 0.9125 0.283333 0.9125 0.266667 0.914062 0.263889 0.914062 0.247222 0.915625 0.244444 0.915625 0.233333 0.914062 0.230556 0.914062 0.225 0.915625 0.222222 0.915625 0.177778 0.917188 0.175 0.917188 0.130556 0.91875 0.127778 0.91875 0.111111 0.920313 0.108333 0.920313 0.105556 0.91875 0.102778 0.91875 0.0972222 0.915625 0.0916667 0.915625 0.0888889 0.914062 0.0861111 0.910937 0.0861111 0.909375 0.0833333 0.904688 0.0833333 0.903125 0.0805556 0.8875 0.0805556 0.885938 0.0777778 0.859375 0.0777778 0.857813 0.075 0.84375 0.075 0.842188 0.0722222 0.817187 0.0722222 0.815625 0.0694444 0.8125 0.0694444 0.810938 0.0722222 0.809375 0.0722222 0.807813 0.0694444 0.792188 0.0694444 0.790625 0.0666667 0.765625 0.0666667 0.764063 0.0638889 0.745313 0.0638889 0.74375 0.0611111 0.715625 0.0611111 0.714063 0.0638889 0.7125 0.0611111 0.629687 0.0611111 0.628125 0.0583333 0.585938 0.0583333 0.584375 0.0555556 0.525 0.0555556 0.523438 0.0527778 0.492188 0.0527778 0.490625 0.05 0.478125 0.05 0.476562 0.0472222 0.476562 0.0388889
62 0.159375 0.0388889 0.159375 0.844444 0.164062 0.844444 0.16875 0.852778 0.16875 0.855556 0.171875 0.861111 0.175 0.861111 0.176563 0.863889 0.178125 0.863889 0.179688 0.866667 0.18125 0.866667 0.184375 0.872222 0.189063 0.872222 0.190625 0.875 0.19375 0.875 0.195312 0.877778 0.201562 0.877778 0.203125 0.880556 0.207813 0.880556 0.209375 0.883333 0.217187 0.883333 0.21875 0.886111 0.223438 0.886111 0.225 0.888889 0.232812 0.888889 0.234375 0.891667 0.254687 0.891667 0.25625 0.894444 0.2625 0.894444 0.264062 0.897222 0.273438 0.897222 0.275 0.9 0.284375 0.9 0.285937 0.902778 0.314063 0.902778 0.315625 0.905556 0.329688 0.905556 0.33125 0.908333 0.342187 0.908333 0.34375 0.911111 0.353125 0.911111 0.354688 0.913889 0.365625 0.913889 0.367188 0.916667 0.392188 0.916667 0.39375 0.919444 0.398438 0.919444 0.4 0.922222 0.40625 0.922222 0.407813 0.925 0.4625 0.925 0.464063 0.922222 0.476562 0.922222 0.478125 0.925 0.490625 0.925 0.492188 0.927778 0.5 0.927778 0.501562 0.930556 0.515625 0.930556 0.517187 0.933333 0.521875 0.933333 0.523438 0.936111 0.534375 0.936111 0.535937 0.938889 0.56875 0.938889 0.570312 0.941667 0.58125 0.941667 0.582812 0.944444 0.589063 0.944444 0.590625 0.947222 0.598437 0.947222 0.6 0.95 0.61875 0.95 0.620313 0.952778 0.64375 0.952778 0.645312 0.955556 0.664062 0.955556 0.665625 0.958333 0.673437 0.958333 0.675 0.961111 0.682813 0.961111 0.684375 0.963889 0.698438 0.963889 0.7 0.966667 0.714063 0.966667 0.715625 0.969444 0.71875 0.969444 0.720312 0.972222 0.720312 0.980556 0.839063 0.980556 0.839063 0.972222 0.84375 0.963889 0.845312 0.963889 0.846875 0.961111 0.851562 0.961111 0.853125 0.958333 0.854688 0.958333 0.85625 0.955556 0.857813 0.955556 0.859375 0.952778 0.8625 0.952778 0.864062 0.95 0.865625 0.95 0.871875 0.938889 0.873438 0.938889 0.875 0.936111 0.876562 0.936111 0.88125 0.927778 0.882812 0.927778 0.885938 0.922222 0.885938 0.919444 0.889063 0.913889 0.889063 0.908333 0.890625 0.905556 0.890625 0.880556 0.892187 0.877778 0.892187 0.833333 0.89375 0.830556 0.89375 0.791667 0.895312 0.788889 0.895312 0.772222 0.896875 0.769444 0.896875 0.758333 0.898438 0.755556 0.898438 0.75 0.9 0.747222 0.9 0.713889 0.901563 0.711111 0.901563 0.677778 0.9 0.675 0.9 0.613889 0.901563 0.611111 0.901563 0.536111 0.903125 0.533333 0.903125 0.483333 0.904688 0.480556 0.904688 0.447222 0.90625 0.444444 0.90625 0.416667 0.907812 0.413889 0.907812 0.355556 0.909375 0.352778 0.909375 0.313889 0.910937 0.311111 0.910937 0.286111 0.9125 0.283333 0.9125 0.266667 0.914062 0.263889 0.914062 0.247222 0.915625 0.244444 0.915625 0.233333 0.914062 0.230556 0.914062 0.225 0.915625 0.222222 0.915625 0.177778 0.917188 0.175 0.917188 0.130556 0.91875 0.127778 0.91875 0.111111 0.920313 0.108333 0.920313 0.105556 0.91875 0.102778 0.91875 0.0972222 0.915625 0.0916667 0.915625 0.0888889 0.914062 0.0861111 0.910937 0.0861111 0.909375 0.0833333 0.904688 0.0833333 0.903125 0.0805556 0.8875 0.0805556 0.885938 0.0777778 0.859375 0.0777778 0.857813 0.075 0.84375 0.075 0.842188 0.0722222 0.817187 0.0722222 0.815625 0.0694444 0.8125 0.0694444 0.810938 0.0722222 0.809375 0.0722222 0.807813 0.0694444 0.792188 0.0694444 0.790625 0.0666667 0.765625 0.0666667 0.764063 0.0638889 0.745313 0.0638889 0.74375 0.0611111 0.715625 0.0611111 0.714063 0.0638889 0.7125 0.0611111 0.629687 0.0611111 0.628125 0.0583333 0.585938 0.0583333 0.584375 0.0555556 0.525 0.0555556 0.523438 0.0527778 0.492188 0.0527778 0.490625 0.05 0.478125 0.05 0.476562 0.0472222 0.476562 0.0388889
67 0.159375 0.0388889 0.159375 0.844444 0.164062 0.844444 0.16875 0.852778 0.16875 0.855556 0.171875 0.861111 0.175 0.861111 0.176563 0.863889 0.178125 0.863889 0.179688 0.866667 0.18125 0.866667 0.184375 0.872222 0.189063 0.872222 0.190625 0.875 0.19375 0.875 0.195312 0.877778 0.201562 0.877778 0.203125 0.880556 0.207813 0.880556 0.209375 0.883333 0.217187 0.883333 0.21875 0.886111 0.223438 0.886111 0.225 0.888889 0.232812 0.888889 0.234375 0.891667 0.254687 0.891667 0.25625 0.894444 0.2625 0.894444 0.264062 0.897222 0.273438 0.897222 0.275 0.9 0.284375 0.9 0.285937 0.902778 0.314063 0.902778 0.315625 0.905556 0.329688 0.905556 0.33125 0.908333 0.342187 0.908333 0.34375 0.911111 0.353125 0.911111 0.354688 0.913889 0.365625 0.913889 0.367188 0.916667 0.392188 0.916667 0.39375 0.919444 0.398438 0.919444 0.4 0.922222 0.40625 0.922222 0.407813 0.925 0.4625 0.925 0.464063 0.922222 0.476562 0.922222 0.478125 0.925 0.490625 0.925 0.492188 0.927778 0.5 0.927778 0.501562 0.930556 0.515625 0.930556 0.517187 0.933333 0.521875 0.933333 0.523438 0.936111 0.534375 0.936111 0.535937 0.938889 0.56875 0.938889 0.570312 0.941667 0.58125 0.941667 0.582812 0.944444 0.589063 0.944444 0.590625 0.947222 0.598437 0.947222 0.6 0.95 0.61875 0.95 0.620313 0.952778 0.64375 0.952778 0.645312 0.955556 0.664062 0.955556 0.665625 0.958333 0.673437 0.958333 0.675 0.961111 0.682813 0.961111 0.684375 0.963889 0.698438 0.963889 0.7 0.966667 0.714063 0.966667 0.715625 0.969444 0.71875 0.969444 0.720312 0.972222 0.720312 0.980556 0.839063 0.980556 0.839063 0.972222 0.84375 0.963889 0.845312 0.963889 0.846875 0.961111 0.851562 0.961111 0.853125 0.958333 0.854688 0.958333 0.85625 0.955556 0.857813 0.955556 0.859375 0.952778 0.8625 0.952778 0.864062 0.95 0.865625 0.95 0.871875 0.938889 0.873438 0.938889 0.875 0.936111 0.876562 0.936111 0.88125 0.927778 0.882812 0.927778 0.885938 0.922222 0.885938 0.919444 0.889063 0.913889 0.889063 0.908333 0.890625 0.905556 0.890625 0.880556 0.892187 0.877778 0.892187 0.833333 0.89375 0.830556 0.89375 0.791667 0.895312 0.788889 0.895312 0.772222 0.896875 0.769444 0.896875 0.758333 0.898438 0.755556 0.898438 0.75 0.9 0.747222 0.9 0.713889 0.901563 0.711111 0.901563 0.677778 0.9 0.675 0.9 0.613889 0.901563 0.611111 0.901563 0.536111 0.903125 0.533333 0.903125 0.483333 0.904688 0.480556 0.904688 0.447222 0.90625 0.444444 0.90625 0.416667 0.907812 0.413889 0.907812 0.355556 0.909375 0.352778 0.909375 0.313889 0.910937 0.311111 0.910937 0.286111 0.9125 0.283333 0.9125 0.266667 0.914062 0.263889 0.914062 0.247222 0.915625 0.244444 0.915625 0.233333 0.914062 0.230556 0.914062 0.225 0.915625 0.222222 0.915625 0.177778 0.917188 0.175 0.917188 0.130556 0.91875 0.127778 0.91875 0.111111 0.920313 0.108333 0.920313 0.105556 0.91875 0.102778 0.91875 0.0972222 0.915625 0.0916667 0.915625 0.0888889 0.914062 0.0861111 0.910937 0.0861111 0.909375 0.0833333 0.904688 0.0833333 0.903125 0.0805556 0.8875 0.0805556 0.885938 0.0777778 0.859375 0.0777778 0.857813 0.075 0.84375 0.075 0.842188 0.0722222 0.817187 0.0722222 0.815625 0.0694444 0.8125 0.0694444 0.810938 0.0722222 0.809375 0.0722222 0.807813 0.0694444 0.792188 0.0694444 0.790625 0.0666667 0.765625 0.0666667 0.764063 0.0638889 0.745313 0.0638889 0.74375 0.0611111 0.715625 0.0611111 0.714063 0.0638889 0.7125 0.0611111 0.629687 0.0611111 0.628125 0.0583333 0.585938 0.0583333 0.584375 0.0555556 0.525 0.0555556 0.523438 0.0527778 0.492188 0.0527778 0.490625 0.05 0.478125 0.05 0.476562 0.0472222 0.476562 0.0388889
62 0.159375 0.0388889 0.159375 0.844444 0.164062 0.844444 0.16875 0.852778 0.16875 0.855556 0.171875 0.861111 0.175 0.861111 0.176563 0.863889 0.178125 0.863889 0.179688 0.866667 0.18125 0.866667 0.184375 0.872222 0.189063 0.872222 0.190625 0.875 0.19375 0.875 0.195312 0.877778 0.201562 0.877778 0.203125 0.880556 0.207813 0.880556 0.209375 0.883333 0.217187 0.883333 0.21875 0.886111 0.223438 0.886111 0.225 0.888889 0.232812 0.888889 0.234375 0.891667 0.254687 0.891667 0.25625 0.894444 0.2625 0.894444 0.264062 0.897222 0.273438 0.897222 0.275 0.9 0.284375 0.9 0.285937 0.902778 0.314063 0.902778 0.315625 0.905556 0.329688 0.905556 0.33125 0.908333 0.342187 0.908333 0.34375 0.911111 0.353125 0.911111 0.354688 0.913889 0.365625 0.913889 0.367188 0.916667 0.392188 0.916667 0.39375 0.919444 0.398438 0.919444 0.4 0.922222 0.40625 0.922222 0.407813 0.925 0.4625 0.925 0.464063 0.922222 0.476562 0.922222 0.478125 0.925 0.490625 0.925 0.492188 0.927778 0.5 0.927778 0.501562 0.930556 0.515625 0.930556 0.517187 0.933333 0.521875 0.933333 0.523438 0.936111 0.534375 0.936111 0.535937 0.938889 0.56875 0.938889 0.570312 0.941667 0.58125 0.941667 0.582812 0.944444 0.589063 0.944444 0.590625 0.947222 0.598437 0.947222 0.6 0.95 0.61875 0.95 0.620313 0.952778 0.64375 0.952778 0.645312 0.955556 0.664062 0.955556 0.665625 0.958333 0.673437 0.958333 0.675 0.961111 0.682813 0.961111 0.684375 0.963889 0.698438 0.963889 0.7 0.966667 0.714063 0.966667 0.715625 0.969444 0.71875 0.969444 0.720312 0.972222 0.720312 0.980556 0.839063 0.980556 0.839063 0.972222 0.84375 0.963889 0.845312 0.963889 0.846875 0.961111 0.851562 0.961111 0.853125 0.958333 0.854688 0.958333 0.85625 0.955556 0.857813 0.955556 0.859375 0.952778 0.8625 0.952778 0.864062 0.95 0.865625 0.95 0.871875 0.938889 0.873438 0.938889 0.875 0.936111 0.876562 0.936111 0.88125 0.927778 0.882812 0.927778 0.885938 0.922222 0.885938 0.919444 0.889063 0.913889 0.889063 0.908333 0.890625 0.905556 0.890625 0.880556 0.892187 0.877778 0.892187 0.833333 0.89375 0.830556 0.89375 0.791667 0.895312 0.788889 0.895312 0.772222 0.896875 0.769444 0.896875 0.758333 0.898438 0.755556 0.898438 0.75 0.9 0.747222 0.9 0.713889 0.901563 0.711111 0.901563 0.677778 0.9 0.675 0.9 0.613889 0.901563 0.611111 0.901563 0.536111 0.903125 0.533333 0.903125 0.483333 0.904688 0.480556 0.904688 0.447222 0.90625 0.444444 0.90625 0.416667 0.907812 0.413889 0.907812 0.355556 0.909375 0.352778 0.909375 0.313889 0.910937 0.311111 0.910937 0.286111 0.9125 0.283333 0.9125 0.266667 0.914062 0.263889 0.914062 0.247222 0.915625 0.244444 0.915625 0.233333 0.914062 0.230556 0.914062 0.225 0.915625 0.222222 0.915625 0.177778 0.917188 0.175 0.917188 0.130556 0.91875 0.127778 0.91875 0.111111 0.920313 0.108333 0.920313 0.105556 0.91875 0.102778 0.91875 0.0972222 0.915625 0.0916667 0.915625 0.0888889 0.914062 0.0861111 0.910937 0.0861111 0.909375 0.0833333 0.904688 0.0833333 0.903125 0.0805556 0.8875 0.0805556 0.885938 0.0777778 0.859375 0.0777778 0.857813 0.075 0.84375 0.075 0.842188 0.0722222 0.817187 0.0722222 0.815625 0.0694444 0.8125 0.0694444 0.810938 0.0722222 0.809375 0.0722222 0.807813 0.0694444 0.792188 0.0694444 0.790625 0.0666667 0.765625 0.0666667 0.764063 0.0638889 0.745313 0.0638889 0.74375 0.0611111 0.715625 0.0611111 0.714063 0.0638889 0.7125 0.0611111 0.629687 0.0611111 0.628125 0.0583333 0.585938 0.0583333 0.584375 0.0555556 0.525 0.0555556 0.523438 0.0527778 0.492188 0.0527778 0.490625 0.05 0.478125 0.05 0.476562 0.0472222 0.476562 0.0388889
67 0.159375 0.0388889 0.159375 0.844444 0.164062 0.844444 0.16875 0.852778 0.16875 0.855556 0.171875 0.861111 0.175 0.861111 0.176563 0.863889 0.178125 0.863889 0.179688 0.866667 0.18125 0.866667 0.184375 0.872222 0.189063 0.872222 0.190625 0.875 0.19375 0.875 0.195312 0.877778 0.201562 0.877778 0.203125 0.880556 0.207813 0.880556 0.209375 0.883333 0.217187 0.883333 0.21875 0.886111 0.223438 0.886111 0.225 0.888889 0.232812 0.888889 0.234375 0.891667 0.254687 0.891667 0.25625 0.894444 0.2625 0.894444 0.264062 0.897222 0.273438 0.897222 0.275 0.9 0.284375 0.9 0.285937 0.902778 0.314063 0.902778 0.315625 0.905556 0.329688 0.905556 0.33125 0.908333 0.342187 0.908333 0.34375 0.911111 0.353125 0.911111 0.354688 0.913889 0.365625 0.913889 0.367188 0.916667 0.392188 0.916667 0.39375 0.919444 0.398438 0.919444 0.4 0.922222 0.40625 0.922222 0.407813 0.925 0.4625 0.925 0.464063 0.922222 0.476562 0.922222 0.478125 0.925 0.490625 0.925 0.492188 0.927778 0.5 0.927778 0.501562 0.930556 0.515625 0.930556 0.517187 0.933333 0.521875 0.933333 0.523438 0.936111 0.534375 0.936111 0.535937 0.938889 0.56875 0.938889 0.570312 0.941667 0.58125 0.941667 0.582812 0.944444 0.589063 0.944444 0.590625 0.947222 0.598437 0.947222 0.6 0.95 0.61875 0.95 0.620313 0.952778 0.64375 0.952778 0.645312 0.955556 0.664062 0.955556 0.665625 0.958333 0.673437 0.958333 0.675 0.961111 0.682813 0.961111 0.684375 0.963889 0.698438 0.963889 0.7 0.966667 0.714063 0.966667 0.715625 0.969444 0.71875 0.969444 0.720312 0.972222 0.720312 0.980556 0.839063 0.980556 0.839063 0.972222 0.84375 0.963889 0.845312 0.963889 0.846875 0.961111 0.851562 0.961111 0.853125 0.958333 0.854688 0.958333 0.85625 0.955556 0.857813 0.955556 0.859375 0.952778 0.8625 0.952778 0.864062 0.95 0.865625 0.95 0.871875 0.938889 0.873438 0.938889 0.875 0.936111 0.876562 0.936111 0.88125 0.927778 0.882812 0.927778 0.885938 0.922222 0.885938 0.919444 0.889063 0.913889 0.889063 0.908333 0.890625 0.905556 0.890625 0.880556 0.892187 0.877778 0.892187 0.833333 0.89375 0.830556 0.89375 0.791667 0.895312 0.788889 0.895312 0.772222 0.896875 0.769444 0.896875 0.758333 0.898438 0.755556 0.898438 0.75 0.9 0.747222 0.9 0.713889 0.901563 0.711111 0.901563 0.677778 0.9 0.675 0.9 0.613889 0.901563 0.611111 0.901563 0.536111 0.903125 0.533333 0.903125 0.483333 0.904688 0.480556 0.904688 0.447222 0.90625 0.444444 0.90625 0.416667 0.907812 0.413889 0.907812 0.355556 0.909375 0.352778 0.909375 0.313889 0.910937 0.311111 0.910937 0.286111 0.9125 0.283333 0.9125 0.266667 0.914062 0.263889 0.914062 0.247222 0.915625 0.244444 0.915625 0.233333 0.914062 0.230556 0.914062 0.225 0.915625 0.222222 0.915625 0.177778 0.917188 0.175 0.917188 0.130556 0.91875 0.127778 0.91875 0.111111 0.920313 0.108333 0.920313 0.105556 0.91875 0.102778 0.91875 0.0972222 0.915625 0.0916667 0.915625 0.0888889 0.914062 0.0861111 0.910937 0.0861111 0.909375 0.0833333 0.904688 0.0833333 0.903125 0.0805556 0.8875 0.0805556 0.885938 0.0777778 0.859375 0.0777778 0.857813 0.075 0.84375 0.075 0.842188 0.0722222 0.817187 0.0722222 0.815625 0.0694444 0.8125 0.0694444 0.810938 0.0722222 0.809375 0.0722222 0.807813 0.0694444 0.792188 0.0694444 0.790625 0.0666667 0.765625 0.0666667 0.764063 0.0638889 0.745313 0.0638889 0.74375 0.0611111 0.715625 0.0611111 0.714063 0.0638889 0.7125 0.0611111 0.629687 0.0611111 0.628125 0.0583333 0.585938 0.0583333 0.584375 0.0555556 0.525 0.0555556 0.523438 0.0527778 0.492188 0.0527778 0.490625 0.05 0.478125 0.05 0.476562 0.0472222 0.476562 0.0388889
