2 0.503125 0.383333 0.503125 0.391667 0.498437 0.4 0.496875 0.4 0.495313 0.402778 0.489062 0.402778 0.4875 0.405556 0.479688 0.405556 0.478125 0.408333 0.476562 0.408333 0.475 0.411111 0.473437 0.411111 0.471875 0.413889 0.465625 0.413889 0.465625 0.480556 0.470313 0.480556 0.471875 0.483333 0.473437 0.483333 0.476562 0.488889 0.48125 0.488889 0.482812 0.486111 0.484375 0.486111 0.4875 0.480556 0.489062 0.480556 0.492188 0.475 0.49375 0.475 0.495313 0.472222 0.5 0.472222 0.501562 0.475 0.509375 0.475 0.510938 0.477778 0.521875 0.477778 0.526563 0.486111 0.526563 0.488889 0.529688 0.494444 0.53125 0.494444 0.532812 0.497222 0.534375 0.497222 0.535937 0.5 0.540625 0.5 0.54375 0.494444 0.54375 0.491667 0.545313 0.488889 0.545313 0.486111 0.551562 0.475 0.567187 0.475 0.570312 0.480556 0.570312 0.483333 0.573438 0.488889 0.575 0.488889 0.576563 0.491667 0.578125 0.488889 0.579687 0.488889 0.58125 0.486111 0.582812 0.486111 0.584375 0.483333 0.589063 0.483333 0.589063 0.413889 0.582812 0.413889 0.579687 0.408333 0.579687 0.402778 0.575 0.394444 0.575 0.383333
2 0.503125 0.383333 0.503125 0.391667 0.498437 0.4 0.496875 0.4 0.495313 0.402778 0.489062 0.402778 0.4875 0.405556 0.479688 0.405556 0.478125 0.408333 0.476562 0.408333 0.475 0.411111 0.473437 0.411111 0.471875 0.413889 0.465625 0.413889 0.465625 0.480556 0.470313 0.480556 0.471875 0.483333 0.473437 0.483333 0.476562 0.488889 0.48125 0.488889 0.482812 0.486111 0.484375 0.486111 0.4875 0.480556 0.489062 0.480556 0.492188 0.475 0.49375 0.475 0.495313 0.472222 0.5 0.472222 0.501562 0.475 0.510938 0.475 0.5125 0.477778 0.521875 0.477778 0.526563 0.486111 0.526563 0.488889 0.528125 0.491667 0.528125 0.502778 0.54375 0.502778 0.54375 0.491667 0.545313 0.488889 0.545313 0.486111 0.551562 0.475 0.567187 0.475 0.570312 0.480556 0.570312 0.483333 0.573438 0.488889 0.575 0.488889 0.576563 0.491667 0.578125 0.488889 0.579687 0.488889 0.58125 0.486111 0.582812 0.486111 0.584375 0.483333 0.584375 0.472222 0.585938 0.469444 0.585938 0.422222 0.584375 0.419444 0.584375 0.416667 0.58125 0.411111 0.58125 0.408333 0.579687 0.405556 0.579687 0.402778 0.575 0.394444 0.575 0.383333
62 0.164062 0.0277778 0.164062 0.0388889 0.1625 0.0416667 0.1625 0.0444444 0.160938 0.0472222 0.160938 0.0583333 0.159375 0.0611111 0.159375 0.113889 0.157813 0.116667 0.157813 0.155556 0.15625 0.158333 0.15625 0.236111 0.154687 0.238889 0.154687 0.308333 0.153125 0.311111 0.153125 0.327778 0.151562 0.330556 0.146875 0.330556 0.146875 0.830556 0.153125 0.830556 0.15625 0.836111 0.157813 0.836111 0.159375 0.838889 0.159375 0.841667 0.1625 0.847222 0.164062 0.847222 0.165625 0.85 0.165625 0.852778 0.167187 0.855556 0.167187 0.858333 0.171875 0.866667 0.173438 0.866667 0.175 0.869444 0.176563 0.869444 0.184375 0.883333 0.189063 0.883333 0.190625 0.886111 0.19375 0.886111 0.195312 0.888889 0.2 0.888889 0.201562 0.891667 0.20625 0.891667 0.207813 0.894444 0.21875 0.894444 0.220313 0.897222 0.24375 0.897222 0.245312 0.9 0.260938 0.9 0.2625 0.902778 0.276563 0.902778 0.278125 0.905556 0.290625 0.905556 0.292188 0.908333 0.307813 0.908333 0.309375 0.911111 0.320312 0.911111 0.321875 0.913889 0.334375 0.913889 0.335938 0.916667 0.353125 0.916667 0.354688 0.919444 0.364062 0.919444 0.365625 0.922222 0.371875 0.922222 0.373437 0.925 0.379687 0.925 0.38125 0.927778 0.384375 0.927778 0.385938 0.930556 0.389062 0.930556 0.390625 0.933333 0.39375 0.933333 0.395312 0.936111 0.398438 0.936111 0.4 0.938889 0.410937 0.938889 0.4125 0.941667 0.425 0.941667 0.426562 0.944444 0.428125 0.944444 0.429688 0.941667 0.432813 0.941667 0.434375 0.938889 0.440625 0.938889 0.442187 0.936111 0.446875 0.936111 0.448438 0.933333 0.459375 0.933333 0.460938 0.930556 0.4875 0.930556 0.489062 0.933333 0.509375 0.933333 0.510938 0.936111 0.51875 0.936111 0.520312 0.938889 0.526563 0.938889 0.528125 0.941667 0.548437 0.941667 0.55 0.944444 0.5625 0.944444 0.564062 0.947222 0.575 0.947222 0.576563 0.95 0.590625 0.95 0.592188 0.952778 0.603125 0.952778 0.604688 0.955556 0.617188 0.955556 0.61875 0.958333 0.628125 0.958333 0.629687 0.961111 0.642187 0.961111 0.64375 0.963889 0.667188 0.963889 0.66875 0.966667 0.676562 0.966667 0.678125 0.969444 0.679688 0.969444 0.68125 0.972222 0.68125 0.980556 0.845312 0.980556 0.845312 0.969444 0.846875 0.966667 0.848437 0.966667 0.85 0.963889 0.851562 0.963889 0.853125 0.961111 0.854688 0.961111 0.85625 0.958333 0.859375 0.958333 0.8625 0.952778 0.865625 0.952778 0.86875 0.947222 0.870313 0.947222 0.873438 0.941667 0.875 0.941667 0.876562 0.938889 0.878125 0.938889 0.882812 0.930556 0.884375 0.930556 0.8875 0.925 0.8875 0.922222 0.890625 0.916667 0.890625 0.911111 0.892187 0.908333 0.892187 0.875 0.89375 0.872222 0.89375 0.866667 0.892187 0.863889 0.892187 0.847222 0.89375 0.844444 0.89375 0.808333 0.895312 0.805556 0.895312 0.783333 0.896875 0.780556 0.896875 0.763889 0.898438 0.761111 0.898438 0.752778 0.9 0.75 0.9 0.725 0.901563 0.722222 0.901563 0.697222 0.903125 0.694444 0.903125 0.691667 0.901563 0.688889 0.901563 0.669444 0.9 0.666667 0.9 0.647222 0.901563 0.644444 0.901563 0.552778 0.903125 0.55 0.903125 0.513889 0.904688 0.511111 0.904688 0.469444 0.90625 0.466667 0.90625 0.441667 0.907812 0.438889 0.907812 0.377778 0.909375 0.375 0.909375 0.336111 0.910937 0.333333 0.910937 0.308333 0.9125 0.305556 0.9125 0.286111 0.914062 0.283333 0.914062 0.266667 0.915625 0.263889 0.915625 0.241667 0.917188 0.238889 0.917188 0.236111 0.915625 0.233333 0.915625 0.219444 0.917188 0.216667 0.917188 0.213889 0.915625 0.211111 0.915625 0.2 0.917188 0.197222 0.917188 0.15 0.91875 0.147222 0.91875 0.130556 0.920313 0.127778 0.920313 0.122222 0.921875 0.119444 0.926562 0.119444 0.926562 0.102778 0.921875 0.102778 0.917188 0.0944444 0.917188 0.0916667 0.915625 0.0888889 0.914062 0.0888889 0.9125 0.0861111 0.910937 0.0861111 0.909375 0.0833333 0.904688 0.0833333 0.903125 0.0805556 0.890625 0.0805556 0.889063 0.0777778 0.871875 0.0777778 0.870313 0.075 0.85625 0.075 0.854688 0.0722222 0.839063 0.0722222 0.8375 0.0694444 0.817187 0.0694444 0.815625 0.0666667 0.8125 0.0666667 0.810938 0.0694444 0.807813 0.0694444 0.80625 0.0666667 0.779688 0.0666667 0.778125 0.0638889 0.757812 0.0638889 0.75625 0.0611111 0.745313 0.0611111 0.74375 0.0583333 0.734375 0.0583333 0.732813 0.0555556 0.721875 0.0555556 0.720312 0.0583333 0.65625 0.0583333 0.654688 0.0555556 0.629687 0.0555556 0.628125 0.0527778 0.598437 0.0527778 0.596875 0.05 0.565625 0.05 0.564062 0.0472222 0.557813 0.0472222 0.553125 0.0388889 0.553125 0.0277778 0.55 0.0277778 0.55 0.0361111 0.548437 0.0388889 0.545313 0.0388889 0.54375 0.0361111 0.54375 0.0277778 0.526563 0.0277778 0.526563 0.0388889 0.523438 0.0444444 0.51875 0.0444444 0.517187 0.0416667 0.514063 0.0416667 0.5125 0.0444444 0.459375 0.0444444 0.457812 0.0416667 0.439063 0.0416667 0.4375 0.0388889 0.39375 0.0388889 0.392188 0.0361111 0.392188 0.0277778
2 0.503125 0.383333 0.503125 0.391667 0.498437 0.4 0.496875 0.4 0.495313 0.402778 0.489062 0.402778 0.4875 0.405556 0.479688 0.405556 0.478125 0.408333 0.476562 0.408333 0.475 0.411111 0.473437 0.411111 0.471875 0.413889 0.465625 0.413889 0.465625 0.480556 0.470313 0.480556 0.471875 0.483333 0.473437 0.483333 0.476562 0.488889 0.48125 0.488889 0.482812 0.486111 0.484375 0.486111 0.4875 0.480556 0.489062 0.480556 0.492188 0.475 0.49375 0.475 0.495313 0.472222 0.5 0.472222 0.501562 0.475 0.509375 0.475 0.510938 0.477778 0.521875 0.477778 0.526563 0.486111 0.526563 0.488889 0.529688 0.494444 0.53125 0.494444 0.532812 0.497222 0.534375 0.497222 0.535937 0.5 0.540625 0.5 0.54375 0.494444 0.54375 0.491667 0.545313 0.488889 0.545313 0.486111 0.551562 0.475 0.567187 0.475 0.570312 0.480556 0.570312 0.483333 0.573438 0.488889 0.575 0.488889 0.576563 0.491667 0.578125 0.488889 0.579687 0.488889 0.58125 0.486111 0.582812 0.486111 0.584375 0.483333 0.589063 0.483333 0.589063 0.413889 0.582812 0.413889 0.579687 0.408333 0.579687 0.402778 0.575 0.394444 0.575 0.383333
2 0.503125 0.383333 0.503125 0.391667 0.498437 0.4 0.496875 0.4 0.495313 0.402778 0.489062 0.402778 0.4875 0.405556 0.479688 0.405556 0.478125 0.408333 0.476562 0.408333 0.475 0.411111 0.473437 0.411111 0.471875 0.413889 0.465625 0.413889 0.465625 0.480556 0.470313 0.480556 0.471875 0.483333 0.473437 0.483333 0.476562 0.488889 0.48125 0.488889 0.482812 0.486111 0.484375 0.486111 0.4875 0.480556 0.489062 0.480556 0.492188 0.475 0.49375 0.475 0.495313 0.472222 0.5 0.472222 0.501562 0.475 0.510938 0.475 0.5125 0.477778 0.521875 0.477778 0.526563 0.486111 0.526563 0.488889 0.528125 0.491667 0.528125 0.502778 0.54375 0.502778 0.54375 0.491667 0.545313 0.488889 0.545313 0.486111 0.551562 0.475 0.567187 0.475 0.570312 0.480556 0.570312 0.483333 0.573438 0.488889 0.575 0.488889 0.576563 0.491667 0.578125 0.488889 0.579687 0.488889 0.58125 0.486111 0.582812 0.486111 0.584375 0.483333 0.584375 0.472222 0.585938 0.469444 0.585938 0.422222 0.584375 0.419444 0.584375 0.416667 0.58125 0.411111 0.58125 0.408333 0.579687 0.405556 0.579687 0.402778 0.575 0.394444 0.575 0.383333
62 0.164062 0.0277778 0.164062 0.0388889 0.1625 0.0416667 0.1625 0.0444444 0.160938 0.0472222 0.160938 0.0583333 0.159375 0.0611111 0.159375 0.113889 0.157813 0.116667 0.157813 0.155556 0.15625 0.158333 0.15625 0.236111 0.154687 0.238889 0.154687 0.308333 0.153125 0.311111 0.153125 0.327778 0.151562 0.330556 0.146875 0.330556 0.146875 0.830556 0.153125 0.830556 0.15625 0.836111 0.157813 0.836111 0.159375 0.838889 0.159375 0.841667 0.1625 0.847222 0.164062 0.847222 0.165625 0.85 0.165625 0.852778 0.167187 0.855556 0.167187 0.858333 0.171875 0.866667 0.173438 0.866667 0.175 0.869444 0.176563 0.869444 0.184375 0.883333 0.189063 0.883333 0.190625 0.886111 0.19375 0.886111 0.195312 0.888889 0.2 0.888889 0.201562 0.891667 0.20625 0.891667 0.207813 0.894444 0.21875 0.894444 0.220313 0.897222 0.24375 0.897222 0.245312 0.9 0.260938 0.9 0.2625 0.902778 0.276563 0.902778 0.278125 0.905556 0.290625 0.905556 0.292188 0.908333 0.307813 0.908333 0.309375 0.911111 0.320312 0.911111 0.321875 0.913889 0.334375 0.913889 0.335938 0.916667 0.353125 0.916667 0.354688 0.919444 0.364062 0.919444 0.365625 0.922222 0.371875 0.922222 0.373437 0.925 0.379687 0.925 0.38125 0.927778 0.384375 0.927778 0.385938 0.930556 0.389062 0.930556 0.390625 0.933333 0.39375 0.933333 0.395312 0.936111 0.398438 0.936111 0.4 0.938889 0.410937 0.938889 0.4125 0.941667 0.425 0.941667 0.426562 0.944444 0.428125 0.944444 0.429688 0.941667 0.432813 0.941667 0.434375 0.938889 0.440625 0.938889 0.442187 0.936111 0.446875 0.936111 0.448438 0.933333 0.459375 0.933333 0.460938 0.930556 0.4875 0.930556 0.489062 0.933333 0.509375 0.933333 0.510938 0.936111 0.51875 0.936111 0.520312 0.938889 0.526563 0.938889 0.528125 0.941667 0.548437 0.941667 0.55 0.944444 0.5625 0.944444 0.564062 0.947222 0.575 0.947222 0.576563 0.95 0.590625 0.95 0.592188 0.952778 0.603125 0.952778 0.604688 0.955556 0.617188 0.955556 0.61875 0.958333 0.628125 0.958333 0.629687 0.961111 0.642187 0.961111 0.64375 0.963889 0.667188 0.963889 0.66875 0.966667 0.676562 0.966667 0.678125 0.969444 0.679688 0.969444 0.68125 0.972222 0.68125 0.980556 0.845312 0.980556 0.845312 0.969444 0.846875 0.966667 0.848437 0.966667 0.85 0.963889 0.851562 0.963889 0.853125 0.961111 0.854688 0.961111 0.85625 0.958333 0.859375 0.958333 0.8625 0.952778 0.865625 0.952778 0.86875 0.947222 0.870313 0.947222 0.873438 0.941667 0.875 0.941667 0.876562 0.938889 0.878125 0.938889 0.882812 0.930556 0.884375 0.930556 0.8875 0.925 0.8875 0.922222 0.890625 0.916667 0.890625 0.911111 0.892187 0.908333 0.892187 0.875 0.89375 0.872222 0.89375 0.866667 0.892187 0.863889 0.892187 0.847222 0.89375 0.844444 0.89375 0.808333 0.895312 0.805556 0.895312 0.783333 0.896875 0.780556 0.896875 0.763889 0.898438 0.761111 0.898438 0.752778 0.9 0.75 0.9 0.725 0.901563 0.722222 0.901563 0.697222 0.903125 0.694444 0.903125 0.691667 0.901563 0.688889 0.901563 0.669444 0.9 0.666667 0.9 0.647222 0.901563 0.644444 0.901563 0.552778 0.903125 0.55 0.903125 0.513889 0.904688 0.511111 0.904688 0.469444 0.90625 0.466667 0.90625 0.441667 0.907812 0.438889 0.907812 0.377778 0.909375 0.375 0.909375 0.336111 0.910937 0.333333 0.910937 0.308333 0.9125 0.305556 0.9125 0.286111 0.914062 0.283333 0.914062 0.266667 0.915625 0.263889 0.915625 0.241667 0.917188 0.238889 0.917188 0.236111 0.915625 0.233333 0.915625 0.219444 0.917188 0.216667 0.917188 0.213889 0.915625 0.211111 0.915625 0.2 0.917188 0.197222 0.917188 0.15 0.91875 0.147222 0.91875 0.130556 0.920313 0.127778 0.920313 0.122222 0.921875 0.119444 0.926562 0.119444 0.926562 0.102778 0.921875 0.102778 0.917188 0.0944444 0.917188 0.0916667 0.915625 0.0888889 0.914062 0.0888889 0.9125 0.0861111 0.910937 0.0861111 0.909375 0.0833333 0.904688 0.0833333 0.903125 0.0805556 0.890625 0.0805556 0.889063 0.0777778 0.871875 0.0777778 0.870313 0.075 0.85625 0.075 0.854688 0.0722222 0.839063 0.0722222 0.8375 0.0694444 0.817187 0.0694444 0.815625 0.0666667 0.8125 0.0666667 0.810938 0.0694444 0.807813 0.0694444 0.80625 0.0666667 0.779688 0.0666667 0.778125 0.0638889 0.757812 0.0638889 0.75625 0.0611111 0.745313 0.0611111 0.74375 0.0583333 0.734375 0.0583333 0.732813 0.0555556 0.721875 0.0555556 0.720312 0.0583333 0.65625 0.0583333 0.654688 0.0555556 0.629687 0.0555556 0.628125 0.0527778 0.598437 0.0527778 0.596875 0.05 0.565625 0.05 0.564062 0.0472222 0.557813 0.0472222 0.553125 0.0388889 0.553125 0.0277778 0.55 0.0277778 0.55 0.0361111 0.548437 0.0388889 0.545313 0.0388889 0.54375 0.0361111 0.54375 0.0277778 0.526563 0.0277778 0.526563 0.0388889 0.523438 0.0444444 0.51875 0.0444444 0.517187 0.0416667 0.514063 0.0416667 0.5125 0.0444444 0.459375 0.0444444 0.457812 0.0416667 0.439063 0.0416667 0.4375 0.0388889 0.39375 0.0388889 0.392188 0.0361111 0.392188 0.0277778
2 0.503125 0.383333 0.503125 0.391667 0.498437 0.4 0.496875 0.4 0.495313 0.402778 0.489062 0.402778 0.4875 0.405556 0.479688 0.405556 0.478125 0.408333 0.476562 0.408333 0.475 0.411111 0.473437 0.411111 0.471875 0.413889 0.465625 0.413889 0.465625 0.480556 0.470313 0.480556 0.471875 0.483333 0.473437 0.483333 0.476562 0.488889 0.48125 0.488889 0.482812 0.486111 0.484375 0.486111 0.4875 0.480556 0.489062 0.480556 0.492188 0.475 0.49375 0.475 0.495313 0.472222 0.5 0.472222 0.501562 0.475 0.509375 0.475 0.510938 0.477778 0.521875 0.477778 0.526563 0.486111 0.526563 0.488889 0.529688 0.494444 0.53125 0.494444 0.532812 0.497222 0.534375 0.497222 0.535937 0.5 0.540625 0.5 0.54375 0.494444 0.54375 0.491667 0.545313 0.488889 0.545313 0.486111 0.551562 0.475 0.567187 0.475 0.570312 0.480556 0.570312 0.483333 0.573438 0.488889 0.575 0.488889 0.576563 0.491667 0.578125 0.488889 0.579687 0.488889 0.58125 0.486111 0.582812 0.486111 0.584375 0.483333 0.589063 0.483333 0.589063 0.413889 0.582812 0.413889 0.579687 0.408333 0.579687 0.402778 0.575 0.394444 0.575 0.383333
2 0.503125 0.383333 0.503125 0.391667 0.498437 0.4 0.496875 0.4 0.495313 0.402778 0.489062 0.402778 0.4875 0.405556 0.479688 0.405556 0.478125 0.408333 0.476562 0.408333 0.475 0.411111 0.473437 0.411111 0.471875 0.413889 0.465625 0.413889 0.465625 0.480556 0.470313 0.480556 0.471875 0.483333 0.473437 0.483333 0.476562 0.488889 0.48125 0.488889 0.482812 0.486111 0.484375 0.486111 0.4875 0.480556 0.489062 0.480556 0.492188 0.475 0.49375 0.475 0.495313 0.472222 0.5 0.472222 0.501562 0.475 0.510938 0.475 0.5125 0.477778 0.521875 0.477778 0.526563 0.486111 0.526563 0.488889 0.528125 0.491667 0.528125 0.502778 0.54375 0.502778 0.54375 0.491667 0.545313 0.488889 0.545313 0.486111 0.551562 0.475 0.567187 0.475 0.570312 0.480556 0.570312 0.483333 0.573438 0.488889 0.575 0.488889 0.576563 0.491667 0.578125 0.488889 0.579687 0.488889 0.58125 0.486111 0.582812 0.486111 0.584375 0.483333 0.584375 0.472222 0.585938 0.469444 0.585938 0.422222 0.584375 0.419444 0.584375 0.416667 0.58125 0.411111 0.58125 0.408333 0.579687 0.405556 0.579687 0.402778 0.575 0.394444 0.575 0.383333
62 0.164062 0.0277778 0.164062 0.0388889 0.1625 0.0416667 0.1625 0.0444444 0.160938 0.0472222 0.160938 0.0583333 0.159375 0.0611111 0.159375 0.113889 0.157813 0.116667 0.157813 0.155556 0.15625 0.158333 0.15625 0.236111 0.154687 0.238889 0.154687 0.308333 0.153125 0.311111 0.153125 0.327778 0.151562 0.330556 0.146875 0.330556 0.146875 0.830556 0.153125 0.830556 0.15625 0.836111 0.157813 0.836111 0.159375 0.838889 0.159375 0.841667 0.1625 0.847222 0.164062 0.847222 0.165625 0.85 0.165625 0.852778 0.167187 0.855556 0.167187 0.858333 0.171875 0.866667 0.173438 0.866667 0.175 0.869444 0.176563 0.869444 0.184375 0.883333 0.189063 0.883333 0.190625 0.886111 0.19375 0.886111 0.195312 0.888889 0.2 0.888889 0.201562 0.891667 0.20625 0.891667 0.207813 0.894444 0.21875 0.894444 0.220313 0.897222 0.24375 0.897222 0.245312 0.9 0.260938 0.9 0.2625 0.902778 0.276563 0.902778 0.278125 0.905556 0.290625 0.905556 0.292188 0.908333 0.307813 0.908333 0.309375 0.911111 0.320312 0.911111 0.321875 0.913889 0.334375 0.913889 0.335938 0.916667 0.353125 0.916667 0.354688 0.919444 0.364062 0.919444 0.365625 0.922222 0.371875 0.922222 0.373437 0.925 0.379687 0.925 0.38125 0.927778 0.384375 0.927778 0.385938 0.930556 0.389062 0.930556 0.390625 0.933333 0.39375 0.933333 0.395312 0.936111 0.398438 0.936111 0.4 0.938889 0.410937 0.938889 0.4125 0.941667 0.425 0.941667 0.426562 0.944444 0.428125 0.944444 0.429688 0.941667 0.432813 0.941667 0.434375 0.938889 0.440625 0.938889 0.442187 0.936111 0.446875 0.936111 0.448438 0.933333 0.459375 0.933333 0.460938 0.930556 0.4875 0.930556 0.489062 0.933333 0.509375 0.933333 0.510938 0.936111 0.51875 0.936111 0.520312 0.938889 0.526563 0.938889 0.528125 0.941667 0.548437 0.941667 0.55 0.944444 0.5625 0.944444 0.564062 0.947222 0.575 0.947222 0.576563 0.95 0.590625 0.95 0.592188 0.952778 0.603125 0.952778 0.604688 0.955556 0.617188 0.955556 0.61875 0.958333 0.628125 0.958333 0.629687 0.961111 0.642187 0.961111 0.64375 0.963889 0.667188 0.963889 0.66875 0.966667 0.676562 0.966667 0.678125 0.969444 0.679688 0.969444 0.68125 0.972222 0.68125 0.980556 0.845312 0.980556 0.845312 0.969444 0.846875 0.966667 0.848437 0.966667 0.85 0.963889 0.851562 0.963889 0.853125 0.961111 0.854688 0.961111 0.85625 0.958333 0.859375 0.958333 0.8625 0.952778 0.865625 0.952778 0.86875 0.947222 0.870313 0.947222 0.873438 0.941667 0.875 0.941667 0.876562 0.938889 0.878125 0.938889 0.882812 0.930556 0.884375 0.930556 0.8875 0.925 0.8875 0.922222 0.890625 0.916667 0.890625 0.911111 0.892187 0.908333 0.892187 0.875 0.89375 0.872222 0.89375 0.866667 0.892187 0.863889 0.892187 0.847222 0.89375 0.844444 0.89375 0.808333 0.895312 0.805556 0.895312 0.783333 0.896875 0.780556 0.896875 0.763889 0.898438 0.761111 0.898438 0.752778 0.9 0.75 0.9 0.725 0.901563 0.722222 0.901563 0.697222 0.903125 0.694444 0.903125 0.691667 0.901563 0.688889 0.901563 0.669444 0.9 0.666667 0.9 0.647222 0.901563 0.644444 0.901563 0.552778 0.903125 0.55 0.903125 0.513889 0.904688 0.511111 0.904688 0.469444 0.90625 0.466667 0.90625 0.441667 0.907812 0.438889 0.907812 0.377778 0.909375 0.375 0.909375 0.336111 0.910937 0.333333 0.910937 0.308333 0.9125 0.305556 0.9125 0.286111 0.914062 0.283333 0.914062 0.266667 0.915625 0.263889 0.915625 0.241667 0.917188 0.238889 0.917188 0.236111 0.915625 0.233333 0.915625 0.219444 0.917188 0.216667 0.917188 0.213889 0.915625 0.211111 0.915625 0.2 0.917188 0.197222 0.917188 0.15 0.91875 0.147222 0.91875 0.130556 0.920313 0.127778 0.920313 0.122222 0.921875 0.119444 0.926562 0.119444 0.926562 0.102778 0.921875 0.102778 0.917188 0.0944444 0.917188 0.0916667 0.915625 0.0888889 0.914062 0.0888889 0.9125 0.0861111 0.910937 0.0861111 0.909375 0.0833333 0.904688 0.0833333 0.903125 0.0805556 0.890625 0.0805556 0.889063 0.0777778 0.871875 0.0777778 0.870313 0.075 0.85625 0.075 0.854688 0.0722222 0.839063 0.0722222 0.8375 0.0694444 0.817187 0.0694444 0.815625 0.0666667 0.8125 0.0666667 0.810938 0.0694444 0.807813 0.0694444 0.80625 0.0666667 0.779688 0.0666667 0.778125 0.0638889 0.757812 0.0638889 0.75625 0.0611111 0.745313 0.0611111 0.74375 0.0583333 0.734375 0.0583333 0.732813 0.0555556 0.721875 0.0555556 0.720312 0.0583333 0.65625 0.0583333 0.654688 0.0555556 0.629687 0.0555556 0.628125 0.0527778 0.598437 0.0527778 0.596875 0.05 0.565625 0.05 0.564062 0.0472222 0.557813 0.0472222 0.553125 0.0388889 0.553125 0.0277778 0.55 0.0277778 0.55 0.0361111 0.548437 0.0388889 0.545313 0.0388889 0.54375 0.0361111 0.54375 0.0277778 0.526563 0.0277778 0.526563 0.0388889 0.523438 0.0444444 0.51875 0.0444444 0.517187 0.0416667 0.514063 0.0416667 0.5125 0.0444444 0.459375 0.0444444 0.457812 0.0416667 0.439063 0.0416667 0.4375 0.0388889 0.39375 0.0388889 0.392188 0.0361111 0.392188 0.0277778
2 0.503125 0.383333 0.503125 0.391667 0.498437 0.4 0.496875 0.4 0.495313 0.402778 0.489062 0.402778 0.4875 0.405556 0.479688 0.405556 0.478125 0.408333 0.476562 0.408333 0.475 0.411111 0.473437 0.411111 0.471875 0.413889 0.465625 0.413889 0.465625 0.480556 0.470313 0.480556 0.471875 0.483333 0.473437 0.483333 0.476562 0.488889 0.48125 0.488889 0.482812 0.486111 0.484375 0.486111 0.4875 0.480556 0.489062 0.480556 0.492188 0.475 0.49375 0.475 0.495313 0.472222 0.5 0.472222 0.501562 0.475 0.509375 0.475 0.510938 0.477778 0.521875 0.477778 0.526563 0.486111 0.526563 0.488889 0.529688 0.494444 0.53125 0.494444 0.532812 0.497222 0.534375 0.497222 0.535937 0.5 0.540625 0.5 0.54375 0.494444 0.54375 0.491667 0.545313 0.488889 0.545313 0.486111 0.551562 0.475 0.567187 0.475 0.570312 0.480556 0.570312 0.483333 0.573438 0.488889 0.575 0.488889 0.576563 0.491667 0.578125 0.488889 0.579687 0.488889 0.58125 0.486111 0.582812 0.486111 0.584375 0.483333 0.589063 0.483333 0.589063 0.413889 0.582812 0.413889 0.579687 0.408333 0.579687 0.402778 0.575 0.394444 0.575 0.383333
2 0.503125 0.383333 0.503125 0.391667 0.498437 0.4 0.496875 0.4 0.495313 0.402778 0.489062 0.402778 0.4875 0.405556 0.479688 0.405556 0.478125 0.408333 0.476562 0.408333 0.475 0.411111 0.473437 0.411111 0.471875 0.413889 0.465625 0.413889 0.465625 0.480556 0.470313 0.480556 0.471875 0.483333 0.473437 0.483333 0.476562 0.488889 0.48125 0.488889 0.482812 0.486111 0.484375 0.486111 0.4875 0.480556 0.489062 0.480556 0.492188 0.475 0.49375 0.475 0.495313 0.472222 0.5 0.472222 0.501562 0.475 0.510938 0.475 0.5125 0.477778 0.521875 0.477778 0.526563 0.486111 0.526563 0.488889 0.528125 0.491667 0.528125 0.502778 0.54375 0.502778 0.54375 0.491667 0.545313 0.488889 0.545313 0.486111 0.551562 0.475 0.567187 0.475 0.570312 0.480556 0.570312 0.483333 0.573438 0.488889 0.575 0.488889 0.576563 0.491667 0.578125 0.488889 0.579687 0.488889 0.58125 0.486111 0.582812 0.486111 0.584375 0.483333 0.584375 0.472222 0.585938 0.469444 0.585938 0.422222 0.584375 0.419444 0.584375 0.416667 0.58125 0.411111 0.58125 0.408333 0.579687 0.405556 0.579687 0.402778 0.575 0.394444 0.575 0.383333
62 0.164062 0.0277778 0.164062 0.0388889 0.1625 0.0416667 0.1625 0.0444444 0.160938 0.0472222 0.160938 0.0583333 0.159375 0.0611111 0.159375 0.113889 0.157813 0.116667 0.157813 0.155556 0.15625 0.158333 0.15625 0.236111 0.154687 0.238889 0.154687 0.308333 0.153125 0.311111 0.153125 0.327778 0.151562 0.330556 0.146875 0.330556 0.146875 0.830556 0.153125 0.830556 0.15625 0.836111 0.157813 0.836111 0.159375 0.838889 0.159375 0.841667 0.1625 0.847222 0.164062 0.847222 0.165625 0.85 0.165625 0.852778 0.167187 0.855556 0.167187 0.858333 0.171875 0.866667 0.173438 0.866667 0.175 0.869444 0.176563 0.869444 0.184375 0.883333 0.189063 0.883333 0.190625 0.886111 0.19375 0.886111 0.195312 0.888889 0.2 0.888889 0.201562 0.891667 0.20625 0.891667 0.207813 0.894444 0.21875 0.894444 0.220313 0.897222 0.24375 0.897222 0.245312 0.9 0.260938 0.9 0.2625 0.902778 0.276563 0.902778 0.278125 0.905556 0.290625 0.905556 0.292188 0.908333 0.307813 0.908333 0.309375 0.911111 0.320312 0.911111 0.321875 0.913889 0.334375 0.913889 0.335938 0.916667 0.353125 0.916667 0.354688 0.919444 0.364062 0.919444 0.365625 0.922222 0.371875 0.922222 0.373437 0.925 0.379687 0.925 0.38125 0.927778 0.384375 0.927778 0.385938 0.930556 0.389062 0.930556 0.390625 0.933333 0.39375 0.933333 0.395312 0.936111 0.398438 0.936111 0.4 0.938889 0.410937 0.938889 0.4125 0.941667 0.425 0.941667 0.426562 0.944444 0.428125 0.944444 0.429688 0.941667 0.432813 0.941667 0.434375 0.938889 0.440625 0.938889 0.442187 0.936111 0.446875 0.936111 0.448438 0.933333 0.459375 0.933333 0.460938 0.930556 0.4875 0.930556 0.489062 0.933333 0.509375 0.933333 0.510938 0.936111 0.51875 0.936111 0.520312 0.938889 0.526563 0.938889 0.528125 0.941667 0.548437 0.941667 0.55 0.944444 0.5625 0.944444 0.564062 0.947222 0.575 0.947222 0.576563 0.95 0.590625 0.95 0.592188 0.952778 0.603125 0.952778 0.604688 0.955556 0.617188 0.955556 0.61875 0.958333 0.628125 0.958333 0.629687 0.961111 0.642187 0.961111 0.64375 0.963889 0.667188 0.963889 0.66875 0.966667 0.676562 0.966667 0.678125 0.969444 0.679688 0.969444 0.68125 0.972222 0.68125 0.980556 0.845312 0.980556 0.845312 0.969444 0.846875 0.966667 0.848437 0.966667 0.85 0.963889 0.851562 0.963889 0.853125 0.961111 0.854688 0.961111 0.85625 0.958333 0.859375 0.958333 0.8625 0.952778 0.865625 0.952778 0.86875 0.947222 0.870313 0.947222 0.873438 0.941667 0.875 0.941667 0.876562 0.938889 0.878125 0.938889 0.882812 0.930556 0.884375 0.930556 0.8875 0.925 0.8875 0.922222 0.890625 0.916667 0.890625 0.911111 0.892187 0.908333 0.892187 0.875 0.89375 0.872222 0.89375 0.866667 0.892187 0.863889 0.892187 0.847222 0.89375 0.844444 0.89375 0.808333 0.895312 0.805556 0.895312 0.783333 0.896875 0.780556 0.896875 0.763889 0.898438 0.761111 0.898438 0.752778 0.9 0.75 0.9 0.725 0.901563 0.722222 0.901563 0.697222 0.903125 0.694444 0.903125 0.691667 0.901563 0.688889 0.901563 0.669444 0.9 0.666667 0.9 0.647222 0.901563 0.644444 0.901563 0.552778 0.903125 0.55 0.903125 0.513889 0.904688 0.511111 0.904688 0.469444 0.90625 0.466667 0.90625 0.441667 0.907812 0.438889 0.907812 0.377778 0.909375 0.375 0.909375 0.336111 0.910937 0.333333 0.910937 0.308333 0.9125 0.305556 0.9125 0.286111 0.914062 0.283333 0.914062 0.266667 0.915625 0.263889 0.915625 0.241667 0.917188 0.238889 0.917188 0.236111 0.915625 0.233333 0.915625 0.219444 0.917188 0.216667 0.917188 0.213889 0.915625 0.211111 0.915625 0.2 0.917188 0.197222 0.917188 0.15 0.91875 0.147222 0.91875 0.130556 0.920313 0.127778 0.920313 0.122222 0.921875 0.119444 0.926562 0.119444 0.926562 0.102778 0.921875 0.102778 0.917188 0.0944444 0.917188 0.0916667 0.915625 0.0888889 0.914062 0.0888889 0.9125 0.0861111 0.910937 0.0861111 0.909375 0.0833333 0.904688 0.0833333 0.903125 0.0805556 0.890625 0.0805556 0.889063 0.0777778 0.871875 0.0777778 0.870313 0.075 0.85625 0.075 0.854688 0.0722222 0.839063 0.0722222 0.8375 0.0694444 0.817187 0.0694444 0.815625 0.0666667 0.8125 0.0666667 0.810938 0.0694444 0.807813 0.0694444 0.80625 0.0666667 0.779688 0.0666667 0.778125 0.0638889 0.757812 0.0638889 0.75625 0.0611111 0.745313 0.0611111 0.74375 0.0583333 0.734375 0.0583333 0.732813 0.0555556 0.721875 0.0555556 0.720312 0.0583333 0.65625 0.0583333 0.654688 0.0555556 0.629687 0.0555556 0.628125 0.0527778 0.598437 0.0527778 0.596875 0.05 0.565625 0.05 0.564062 0.0472222 0.557813 0.0472222 0.553125 0.0388889 0.553125 0.0277778 0.55 0.0277778 0.55 0.0361111 0.548437 0.0388889 0.545313 0.0388889 0.54375 0.0361111 0.54375 0.0277778 0.526563 0.0277778 0.526563 0.0388889 0.523438 0.0444444 0.51875 0.0444444 0.517187 0.0416667 0.514063 0.0416667 0.5125 0.0444444 0.459375 0.0444444 0.457812 0.0416667 0.439063 0.0416667 0.4375 0.0388889 0.39375 0.0388889 0.392188 0.0361111 0.392188 0.0277778
2 0.503125 0.383333 0.503125 0.391667 0.498437 0.4 0.496875 0.4 0.495313 0.402778 0.489062 0.402778 0.4875 0.405556 0.479688 0.405556 0.478125 0.408333 0.476562 0.408333 0.475 0.411111 0.473437 0.411111 0.471875 0.413889 0.465625 0.413889 0.465625 0.480556 0.470313 0.480556 0.471875 0.483333 0.473437 0.483333 0.476562 0.488889 0.48125 0.488889 0.482812 0.486111 0.484375 0.486111 0.4875 0.480556 0.489062 0.480556 0.492188 0.475 0.49375 0.475 0.495313 0.472222 0.5 0.472222 0.501562 0.475 0.509375 0.475 0.510938 0.477778 0.521875 0.477778 0.526563 0.486111 0.526563 0.488889 0.529688 0.494444 0.53125 0.494444 0.532812 0.497222 0.534375 0.497222 0.535937 0.5 0.540625 0.5 0.54375 0.494444 0.54375 0.491667 0.545313 0.488889 0.545313 0.486111 0.551562 0.475 0.567187 0.475 0.570312 0.480556 0.570312 0.483333 0.573438 0.488889 0.575 0.488889 0.576563 0.491667 0.578125 0.488889 0.579687 0.488889 0.58125 0.486111 0.582812 0.486111 0.584375 0.483333 0.589063 0.483333 0.589063 0.413889 0.582812 0.413889 0.579687 0.408333 0.579687 0.402778 0.575 0.394444 0.575 0.383333
2 0.503125 0.383333 0.503125 0.391667 0.498437 0.4 0.496875 0.4 0.495313 0.402778 0.489062 0.402778 0.4875 0.405556 0.479688 0.405556 0.478125 0.408333 0.476562 0.408333 0.475 0.411111 0.473437 0.411111 0.471875 0.413889 0.465625 0.413889 0.465625 0.480556 0.470313 0.480556 0.471875 0.483333 0.473437 0.483333 0.476562 0.488889 0.48125 0.488889 0.482812 0.486111 0.484375 0.486111 0.4875 0.480556 0.489062 0.480556 0.492188 0.475 0.49375 0.475 0.495313 0.472222 0.5 0.472222 0.501562 0.475 0.510938 0.475 0.5125 0.477778 0.521875 0.477778 0.526563 0.486111 0.526563 0.488889 0.528125 0.491667 0.528125 0.502778 0.54375 0.502778 0.54375 0.491667 0.545313 0.488889 0.545313 0.486111 0.551562 0.475 0.567187 0.475 0.570312 0.480556 0.570312 0.483333 0.573438 0.488889 0.575 0.488889 0.576563 0.491667 0.578125 0.488889 0.579687 0.488889 0.58125 0.486111 0.582812 0.486111 0.584375 0.483333 0.584375 0.472222 0.585938 0.469444 0.585938 0.422222 0.584375 0.419444 0.584375 0.416667 0.58125 0.411111 0.58125 0.408333 0.579687 0.405556 0.579687 0.402778 0.575 0.394444 0.575 0.383333
62 0.164062 0.0277778 0.164062 0.0388889 0.1625 0.0416667 0.1625 0.0444444 0.160938 0.0472222 0.160938 0.0583333 0.159375 0.0611111 0.159375 0.113889 0.157813 0.116667 0.157813 0.155556 0.15625 0.158333 0.15625 0.236111 0.154687 0.238889 0.154687 0.308333 0.153125 0.311111 0.153125 0.327778 0.151562 0.330556 0.146875 0.330556 0.146875 0.830556 0.153125 0.830556 0.15625 0.836111 0.157813 0.836111 0.159375 0.838889 0.159375 0.841667 0.1625 0.847222 0.164062 0.847222 0.165625 0.85 0.165625 0.852778 0.167187 0.855556 0.167187 0.858333 0.171875 0.866667 0.173438 0.866667 0.175 0.869444 0.176563 0.869444 0.184375 0.883333 0.189063 0.883333 0.190625 0.886111 0.19375 0.886111 0.195312 0.888889 0.2 0.888889 0.201562 0.891667 0.20625 0.891667 0.207813 0.894444 0.21875 0.894444 0.220313 0.897222 0.24375 0.897222 0.245312 0.9 0.260938 0.9 0.2625 0.902778 0.276563 0.902778 0.278125 0.905556 0.290625 0.905556 0.292188 0.908333 0.307813 0.908333 0.309375 0.911111 0.320312 0.911111 0.321875 0.913889 0.334375 0.913889 0.335938 0.916667 0.353125 0.916667 0.354688 0.919444 0.364062 0.919444 0.365625 0.922222 0.371875 0.922222 0.373437 0.925 0.379687 0.925 0.38125 0.927778 0.384375 0.927778 0.385938 0.930556 0.389062 0.930556 0.390625 0.933333 0.39375 0.933333 0.395312 0.936111 0.398438 0.936111 0.4 0.938889 0.410937 0.938889 0.4125 0.941667 0.425 0.941667 0.426562 0.944444 0.428125 0.944444 0.429688 0.941667 0.432813 0.941667 0.434375 0.938889 0.440625 0.938889 0.442187 0.936111 0.446875 0.936111 0.448438 0.933333 0.459375 0.933333 0.460938 0.930556 0.4875 0.930556 0.489062 0.933333 0.509375 0.933333 0.510938 0.936111 0.51875 0.936111 0.520312 0.938889 0.526563 0.938889 0.528125 0.941667 0.548437 0.941667 0.55 0.944444 0.5625 0.944444 0.564062 0.947222 0.575 0.947222 0.576563 0.95 0.590625 0.95 0.592188 0.952778 0.603125 0.952778 0.604688 0.955556 0.617188 0.955556 0.61875 0.958333 0.628125 0.958333 0.629687 0.961111 0.642187 0.961111 0.64375 0.963889 0.667188 0.963889 0.66875 0.966667 0.676562 0.966667 0.678125 0.969444 0.679688 0.969444 0.68125 0.972222 0.68125 0.980556 0.845312 0.980556 0.845312 0.969444 0.846875 0.966667 0.848437 0.966667 0.85 0.963889 0.851562 0.963889 0.853125 0.961111 0.854688 0.961111 0.85625 0.958333 0.859375 0.958333 0.8625 0.952778 0.865625 0.952778 0.86875 0.947222 0.870313 0.947222 0.873438 0.941667 0.875 0.941667 0.876562 0.938889 0.878125 0.938889 0.882812 0.930556 0.884375 0.930556 0.8875 0.925 0.8875 0.922222 0.890625 0.916667 0.890625 0.911111 0.892187 0.908333 0.892187 0.875 0.89375 0.872222 0.89375 0.866667 0.892187 0.863889 0.892187 0.847222 0.89375 0.844444 0.89375 0.808333 0.895312 0.805556 0.895312 0.783333 0.896875 0.780556 0.896875 0.763889 0.898438 0.761111 0.898438 0.752778 0.9 0.75 0.9 0.725 0.901563 0.722222 0.901563 0.697222 0.903125 0.694444 0.903125 0.691667 0.901563 0.688889 0.901563 0.669444 0.9 0.666667 0.9 0.647222 0.901563 0.644444 0.901563 0.552778 0.903125 0.55 0.903125 0.513889 0.904688 0.511111 0.904688 0.469444 0.90625 0.466667 0.90625 0.441667 0.907812 0.438889 0.907812 0.377778 0.909375 0.375 0.909375 0.336111 0.910937 0.333333 0.910937 0.308333 0.9125 0.305556 0.9125 0.286111 0.914062 0.283333 0.914062 0.266667 0.915625 0.263889 0.915625 0.241667 0.917188 0.238889 0.917188 0.236111 0.915625 0.233333 0.915625 0.219444 0.917188 0.216667 0.917188 0.213889 0.915625 0.211111 0.915625 0.2 0.917188 0.197222 0.917188 0.15 0.91875 0.147222 0.91875 0.130556 0.920313 0.127778 0.920313 0.122222 0.921875 0.119444 0.926562 0.119444 0.926562 0.102778 0.921875 0.102778 0.917188 0.0944444 0.917188 0.0916667 0.915625 0.0888889 0.914062 0.0888889 0.9125 0.0861111 0.910937 0.0861111 0.909375 0.0833333 0.904688 0.0833333 0.903125 0.0805556 0.890625 0.0805556 0.889063 0.0777778 0.871875 0.0777778 0.870313 0.075 0.85625 0.075 0.854688 0.0722222 0.839063 0.0722222 0.8375 0.0694444 0.817187 0.0694444 0.815625 0.0666667 0.8125 0.0666667 0.810938 0.0694444 0.807813 0.0694444 0.80625 0.0666667 0.779688 0.0666667 0.778125 0.0638889 0.757812 0.0638889 0.75625 0.0611111 0.745313 0.0611111 0.74375 0.0583333 0.734375 0.0583333 0.732813 0.0555556 0.721875 0.0555556 0.720312 0.0583333 0.65625 0.0583333 0.654688 0.0555556 0.629687 0.0555556 0.628125 0.0527778 0.598437 0.0527778 0.596875 0.05 0.565625 0.05 0.564062 0.0472222 0.557813 0.0472222 0.553125 0.0388889 0.553125 0.0277778 0.55 0.0277778 0.55 0.0361111 0.548437 0.0388889 0.545313 0.0388889 0.54375 0.0361111 0.54375 0.0277778 0.526563 0.0277778 0.526563 0.0388889 0.523438 0.0444444 0.51875 0.0444444 0.517187 0.0416667 0.514063 0.0416667 0.5125 0.0444444 0.459375 0.0444444 0.457812 0.0416667 0.439063 0.0416667 0.4375 0.0388889 0.39375 0.0388889 0.392188 0.0361111 0.392188 0.0277778
2 0.503125 0.383333 0.503125 0.391667 0.498437 0.4 0.496875 0.4 0.495313 0.402778 0.489062 0.402778 0.4875 0.405556 0.479688 0.405556 0.478125 0.408333 0.476562 0.408333 0.475 0.411111 0.473437 0.411111 0.471875 0.413889 0.465625 0.413889 0.465625 0.480556 0.470313 0.480556 0.471875 0.483333 0.473437 0.483333 0.476562 0.488889 0.48125 0.488889 0.482812 0.486111 0.484375 0.486111 0.4875 0.480556 0.489062 0.480556 0.492188 0.475 0.49375 0.475 0.495313 0.472222 0.5 0.472222 0.501562 0.475 0.509375 0.475 0.510938 0.477778 0.521875 0.477778 0.526563 0.486111 0.526563 0.488889 0.529688 0.494444 0.53125 0.494444 0.532812 0.497222 0.534375 0.497222 0.535937 0.5 0.540625 0.5 0.54375 0.494444 0.54375 0.491667 0.545313 0.488889 0.545313 0.486111 0.551562 0.475 0.567187 0.475 0.570312 0.480556 0.570312 0.483333 0.573438 0.488889 0.575 0.488889 0.576563 0.491667 0.578125 0.488889 0.579687 0.488889 0.58125 0.486111 0.582812 0.486111 0.584375 0.483333 0.589063 0.483333 0.589063 0.413889 0.582812 0.413889 0.579687 0.408333 0.579687 0.402778 0.575 0.394444 0.575 0.383333
2 0.503125 0.383333 0.503125 0.391667 0.498437 0.4 0.496875 0.4 0.495313 0.402778 0.489062 0.402778 0.4875 0.405556 0.479688 0.405556 0.478125 0.408333 0.476562 0.408333 0.475 0.411111 0.473437 0.411111 0.471875 0.413889 0.465625 0.413889 0.465625 0.480556 0.470313 0.480556 0.471875 0.483333 0.473437 0.483333 0.476562 0.488889 0.48125 0.488889 0.482812 0.486111 0.484375 0.486111 0.4875 0.480556 0.489062 0.480556 0.492188 0.475 0.49375 0.475 0.495313 0.472222 0.5 0.472222 0.501562 0.475 0.510938 0.475 0.5125 0.477778 0.521875 0.477778 0.526563 0.486111 0.526563 0.488889 0.528125 0.491667 0.528125 0.502778 0.54375 0.502778 0.54375 0.491667 0.545313 0.488889 0.545313 0.486111 0.551562 0.475 0.567187 0.475 0.570312 0.480556 0.570312 0.483333 0.573438 0.488889 0.575 0.488889 0.576563 0.491667 0.578125 0.488889 0.579687 0.488889 0.58125 0.486111 0.582812 0.486111 0.584375 0.483333 0.584375 0.472222 0.585938 0.469444 0.585938 0.422222 0.584375 0.419444 0.584375 0.416667 0.58125 0.411111 0.58125 0.408333 0.579687 0.405556 0.579687 0.402778 0.575 0.394444 0.575 0.383333
62 0.164062 0.0277778 0.164062 0.0388889 0.1625 0.0416667 0.1625 0.0444444 0.160938 0.0472222 0.160938 0.0583333 0.159375 0.0611111 0.159375 0.113889 0.157813 0.116667 0.157813 0.155556 0.15625 0.158333 0.15625 0.236111 0.154687 0.238889 0.154687 0.308333 0.153125 0.311111 0.153125 0.327778 0.151562 0.330556 0.146875 0.330556 0.146875 0.830556 0.153125 0.830556 0.15625 0.836111 0.157813 0.836111 0.159375 0.838889 0.159375 0.841667 0.1625 0.847222 0.164062 0.847222 0.165625 0.85 0.165625 0.852778 0.167187 0.855556 0.167187 0.858333 0.171875 0.866667 0.173438 0.866667 0.175 0.869444 0.176563 0.869444 0.184375 0.883333 0.189063 0.883333 0.190625 0.886111 0.19375 0.886111 0.195312 0.888889 0.2 0.888889 0.201562 0.891667 0.20625 0.891667 0.207813 0.894444 0.21875 0.894444 0.220313 0.897222 0.24375 0.897222 0.245312 0.9 0.260938 0.9 0.2625 0.902778 0.276563 0.902778 0.278125 0.905556 0.290625 0.905556 0.292188 0.908333 0.307813 0.908333 0.309375 0.911111 0.320312 0.911111 0.321875 0.913889 0.334375 0.913889 0.335938 0.916667 0.353125 0.916667 0.354688 0.919444 0.364062 0.919444 0.365625 0.922222 0.371875 0.922222 0.373437 0.925 0.379687 0.925 0.38125 0.927778 0.384375 0.927778 0.385938 0.930556 0.389062 0.930556 0.390625 0.933333 0.39375 0.933333 0.395312 0.936111 0.398438 0.936111 0.4 0.938889 0.410937 0.938889 0.4125 0.941667 0.425 0.941667 0.426562 0.944444 0.428125 0.944444 0.429688 0.941667 0.432813 0.941667 0.434375 0.938889 0.440625 0.938889 0.442187 0.936111 0.446875 0.936111 0.448438 0.933333 0.459375 0.933333 0.460938 0.930556 0.4875 0.930556 0.489062 0.933333 0.509375 0.933333 0.510938 0.936111 0.51875 0.936111 0.520312 0.938889 0.526563 0.938889 0.528125 0.941667 0.548437 0.941667 0.55 0.944444 0.5625 0.944444 0.564062 0.947222 0.575 0.947222 0.576563 0.95 0.590625 0.95 0.592188 0.952778 0.603125 0.952778 0.604688 0.955556 0.617188 0.955556 0.61875 0.958333 0.628125 0.958333 0.629687 0.961111 0.642187 0.961111 0.64375 0.963889 0.667188 0.963889 0.66875 0.966667 0.676562 0.966667 0.678125 0.969444 0.679688 0.969444 0.68125 0.972222 0.68125 0.980556 0.845312 0.980556 0.845312 0.969444 0.846875 0.966667 0.848437 0.966667 0.85 0.963889 0.851562 0.963889 0.853125 0.961111 0.854688 0.961111 0.85625 0.958333 0.859375 0.958333 0.8625 0.952778 0.865625 0.952778 0.86875 0.947222 0.870313 0.947222 0.873438 0.941667 0.875 0.941667 0.876562 0.938889 0.878125 0.938889 0.882812 0.930556 0.884375 0.930556 0.8875 0.925 0.8875 0.922222 0.890625 0.916667 0.890625 0.911111 0.892187 0.908333 0.892187 0.875 0.89375 0.872222 0.89375 0.866667 0.892187 0.863889 0.892187 0.847222 0.89375 0.844444 0.89375 0.808333 0.895312 0.805556 0.895312 0.783333 0.896875 0.780556 0.896875 0.763889 0.898438 0.761111 0.898438 0.752778 0.9 0.75 0.9 0.725 0.901563 0.722222 0.901563 0.697222 0.903125 0.694444 0.903125 0.691667 0.901563 0.688889 0.901563 0.669444 0.9 0.666667 0.9 0.647222 0.901563 0.644444 0.901563 0.552778 0.903125 0.55 0.903125 0.513889 0.904688 0.511111 0.904688 0.469444 0.90625 0.466667 0.90625 0.441667 0.907812 0.438889 0.907812 0.377778 0.909375 0.375 0.909375 0.336111 0.910937 0.333333 0.910937 0.308333 0.9125 0.305556 0.9125 0.286111 0.914062 0.283333 0.914062 0.266667 0.915625 0.263889 0.915625 0.241667 0.917188 0.238889 0.917188 0.236111 0.915625 0.233333 0.915625 0.219444 0.917188 0.216667 0.917188 0.213889 0.915625 0.211111 0.915625 0.2 0.917188 0.197222 0.917188 0.15 0.91875 0.147222 0.91875 0.130556 0.920313 0.127778 0.920313 0.122222 0.921875 0.119444 0.926562 0.119444 0.926562 0.102778 0.921875 0.102778 0.917188 0.0944444 0.917188 0.0916667 0.915625 0.0888889 0.914062 0.0888889 0.9125 0.0861111 0.910937 0.0861111 0.909375 0.0833333 0.904688 0.0833333 0.903125 0.0805556 0.890625 0.0805556 0.889063 0.0777778 0.871875 0.0777778 0.870313 0.075 0.85625 0.075 0.854688 0.0722222 0.839063 0.0722222 0.8375 0.0694444 0.817187 0.0694444 0.815625 0.0666667 0.8125 0.0666667 0.810938 0.0694444 0.807813 0.0694444 0.80625 0.0666667 0.779688 0.0666667 0.778125 0.0638889 0.757812 0.0638889 0.75625 0.0611111 0.745313 0.0611111 0.74375 0.0583333 0.734375 0.0583333 0.732813 0.0555556 0.721875 0.0555556 0.720312 0.0583333 0.65625 0.0583333 0.654688 0.0555556 0.629687 0.0555556 0.628125 0.0527778 0.598437 0.0527778 0.596875 0.05 0.565625 0.05 0.564062 0.0472222 0.557813 0.0472222 0.553125 0.0388889 0.553125 0.0277778 0.55 0.0277778 0.55 0.0361111 0.548437 0.0388889 0.545313 0.0388889 0.54375 0.0361111 0.54375 0.0277778 0.526563 0.0277778 0.526563 0.0388889 0.523438 0.0444444 0.51875 0.0444444 0.517187 0.0416667 0.514063 0.0416667 0.5125 0.0444444 0.459375 0.0444444 0.457812 0.0416667 0.439063 0.0416667 0.4375 0.0388889 0.39375 0.0388889 0.392188 0.0361111 0.392188 0.0277778
2 0.503125 0.383333 0.503125 0.391667 0.498437 0.4 0.496875 0.4 0.495313 0.402778 0.489062 0.402778 0.4875 0.405556 0.479688 0.405556 0.478125 0.408333 0.476562 0.408333 0.475 0.411111 0.473437 0.411111 0.471875 0.413889 0.465625 0.413889 0.465625 0.480556 0.470313 0.480556 0.471875 0.483333 0.473437 0.483333 0.476562 0.488889 0.48125 0.488889 0.482812 0.486111 0.484375 0.486111 0.4875 0.480556 0.489062 0.480556 0.492188 0.475 0.49375 0.475 0.495313 0.472222 0.5 0.472222 0.501562 0.475 0.509375 0.475 0.510938 0.477778 0.521875 0.477778 0.526563 0.486111 0.526563 0.488889 0.529688 0.494444 0.53125 0.494444 0.532812 0.497222 0.534375 0.497222 0.535937 0.5 0.540625 0.5 0.54375 0.494444 0.54375 0.491667 0.545313 0.488889 0.545313 0.486111 0.551562 0.475 0.567187 0.475 0.570312 0.480556 0.570312 0.483333 0.573438 0.488889 0.575 0.488889 0.576563 0.491667 0.578125 0.488889 0.579687 0.488889 0.58125 0.486111 0.582812 0.486111 0.584375 0.483333 0.589063 0.483333 0.589063 0.413889 0.582812 0.413889 0.579687 0.408333 0.579687 0.402778 0.575 0.394444 0.575 0.383333
2 0.503125 0.383333 0.503125 0.391667 0.498437 0.4 0.496875 0.4 0.495313 0.402778 0.489062 0.402778 0.4875 0.405556 0.479688 0.405556 0.478125 0.408333 0.476562 0.408333 0.475 0.411111 0.473437 0.411111 0.471875 0.413889 0.465625 0.413889 0.465625 0.480556 0.470313 0.480556 0.471875 0.483333 0.473437 0.483333 0.476562 0.488889 0.48125 0.488889 0.482812 0.486111 0.484375 0.486111 0.4875 0.480556 0.489062 0.480556 0.492188 0.475 0.49375 0.475 0.495313 0.472222 0.5 0.472222 0.501562 0.475 0.510938 0.475 0.5125 0.477778 0.521875 0.477778 0.526563 0.486111 0.526563 0.488889 0.528125 0.491667 0.528125 0.502778 0.54375 0.502778 0.54375 0.491667 0.545313 0.488889 0.545313 0.486111 0.551562 0.475 0.567187 0.475 0.570312 0.480556 0.570312 0.483333 0.573438 0.488889 0.575 0.488889 0.576563 0.491667 0.578125 0.488889 0.579687 0.488889 0.58125 0.486111 0.582812 0.486111 0.584375 0.483333 0.584375 0.472222 0.585938 0.469444 0.585938 0.422222 0.584375 0.419444 0.584375 0.416667 0.58125 0.411111 0.58125 0.408333 0.579687 0.405556 0.579687 0.402778 0.575 0.394444 0.575 0.383333
62 0.164062 0.0277778 0.164062 0.0388889 0.1625 0.0416667 0.1625 0.0444444 0.160938 0.0472222 0.160938 0.0583333 0.159375 0.0611111 0.159375 0.113889 0.157813 0.116667 0.157813 0.155556 0.15625 0.158333 0.15625 0.236111 0.154687 0.238889 0.154687 0.308333 0.153125 0.311111 0.153125 0.327778 0.151562 0.330556 0.146875 0.330556 0.146875 0.830556 0.153125 0.830556 0.15625 0.836111 0.157813 0.836111 0.159375 0.838889 0.159375 0.841667 0.1625 0.847222 0.164062 0.847222 0.165625 0.85 0.165625 0.852778 0.167187 0.855556 0.167187 0.858333 0.171875 0.866667 0.173438 0.866667 0.175 0.869444 0.176563 0.869444 0.184375 0.883333 0.189063 0.883333 0.190625 0.886111 0.19375 0.886111 0.195312 0.888889 0.2 0.888889 0.201562 0.891667 0.20625 0.891667 0.207813 0.894444 0.21875 0.894444 0.220313 0.897222 0.24375 0.897222 0.245312 0.9 0.260938 0.9 0.2625 0.902778 0.276563 0.902778 0.278125 0.905556 0.290625 0.905556 0.292188 0.908333 0.307813 0.908333 0.309375 0.911111 0.320312 0.911111 0.321875 0.913889 0.334375 0.913889 0.335938 0.916667 0.353125 0.916667 0.354688 0.919444 0.364062 0.919444 0.365625 0.922222 0.371875 0.922222 0.373437 0.925 0.379687 0.925 0.38125 0.927778 0.384375 0.927778 0.385938 0.930556 0.389062 0.930556 0.390625 0.933333 0.39375 0.933333 0.395312 0.936111 0.398438 0.936111 0.4 0.938889 0.410937 0.938889 0.4125 0.941667 0.425 0.941667 0.426562 0.944444 0.428125 0.944444 0.429688 0.941667 0.432813 0.941667 0.434375 0.938889 0.440625 0.938889 0.442187 0.936111 0.446875 0.936111 0.448438 0.933333 0.459375 0.933333 0.460938 0.930556 0.4875 0.930556 0.489062 0.933333 0.509375 0.933333 0.510938 0.936111 0.51875 0.936111 0.520312 0.938889 0.526563 0.938889 0.528125 0.941667 0.548437 0.941667 0.55 0.944444 0.5625 0.944444 0.564062 0.947222 0.575 0.947222 0.576563 0.95 0.590625 0.95 0.592188 0.952778 0.603125 0.952778 0.604688 0.955556 0.617188 0.955556 0.61875 0.958333 0.628125 0.958333 0.629687 0.961111 0.642187 0.961111 0.64375 0.963889 0.667188 0.963889 0.66875 0.966667 0.676562 0.966667 0.678125 0.969444 0.679688 0.969444 0.68125 0.972222 0.68125 0.980556 0.845312 0.980556 0.845312 0.969444 0.846875 0.966667 0.848437 0.966667 0.85 0.963889 0.851562 0.963889 0.853125 0.961111 0.854688 0.961111 0.85625 0.958333 0.859375 0.958333 0.8625 0.952778 0.865625 0.952778 0.86875 0.947222 0.870313 0.947222 0.873438 0.941667 0.875 0.941667 0.876562 0.938889 0.878125 0.938889 0.882812 0.930556 0.884375 0.930556 0.8875 0.925 0.8875 0.922222 0.890625 0.916667 0.890625 0.911111 0.892187 0.908333 0.892187 0.875 0.89375 0.872222 0.89375 0.866667 0.892187 0.863889 0.892187 0.847222 0.89375 0.844444 0.89375 0.808333 0.895312 0.805556 0.895312 0.783333 0.896875 0.780556 0.896875 0.763889 0.898438 0.761111 0.898438 0.752778 0.9 0.75 0.9 0.725 0.901563 0.722222 0.901563 0.697222 0.903125 0.694444 0.903125 0.691667 0.901563 0.688889 0.901563 0.669444 0.9 0.666667 0.9 0.647222 0.901563 0.644444 0.901563 0.552778 0.903125 0.55 0.903125 0.513889 0.904688 0.511111 0.904688 0.469444 0.90625 0.466667 0.90625 0.441667 0.907812 0.438889 0.907812 0.377778 0.909375 0.375 0.909375 0.336111 0.910937 0.333333 0.910937 0.308333 0.9125 0.305556 0.9125 0.286111 0.914062 0.283333 0.914062 0.266667 0.915625 0.263889 0.915625 0.241667 0.917188 0.238889 0.917188 0.236111 0.915625 0.233333 0.915625 0.219444 0.917188 0.216667 0.917188 0.213889 0.915625 0.211111 0.915625 0.2 0.917188 0.197222 0.917188 0.15 0.91875 0.147222 0.91875 0.130556 0.920313 0.127778 0.920313 0.122222 0.921875 0.119444 0.926562 0.119444 0.926562 0.102778 0.921875 0.102778 0.917188 0.0944444 0.917188 0.0916667 0.915625 0.0888889 0.914062 0.0888889 0.9125 0.0861111 0.910937 0.0861111 0.909375 0.0833333 0.904688 0.0833333 0.903125 0.0805556 0.890625 0.0805556 0.889063 0.0777778 0.871875 0.0777778 0.870313 0.075 0.85625 0.075 0.854688 0.0722222 0.839063 0.0722222 0.8375 0.0694444 0.817187 0.0694444 0.815625 0.0666667 0.8125 0.0666667 0.810938 0.0694444 0.807813 0.0694444 0.80625 0.0666667 0.779688 0.0666667 0.778125 0.0638889 0.757812 0.0638889 0.75625 0.0611111 0.745313 0.0611111 0.74375 0.0583333 0.734375 0.0583333 0.732813 0.0555556 0.721875 0.0555556 0.720312 0.0583333 0.65625 0.0583333 0.654688 0.0555556 0.629687 0.0555556 0.628125 0.0527778 0.598437 0.0527778 0.596875 0.05 0.565625 0.05 0.564062 0.0472222 0.557813 0.0472222 0.553125 0.0388889 0.553125 0.0277778 0.55 0.0277778 0.55 0.0361111 0.548437 0.0388889 0.545313 0.0388889 0.54375 0.0361111 0.54375 0.0277778 0.526563 0.0277778 0.526563 0.0388889 0.523438 0.0444444 0.51875 0.0444444 0.517187 0.0416667 0.514063 0.0416667 0.5125 0.0444444 0.459375 0.0444444 0.457812 0.0416667 0.439063 0.0416667 0.4375 0.0388889 0.39375 0.0388889 0.392188 0.0361111 0.392188 0.0277778
2 0.503125 0.383333 0.503125 0.391667 0.498437 0.4 0.496875 0.4 0.495313 0.402778 0.489062 0.402778 0.4875 0.405556 0.479688 0.405556 0.478125 0.408333 0.476562 0.408333 0.475 0.411111 0.473437 0.411111 0.471875 0.413889 0.465625 0.413889 0.465625 0.480556 0.470313 0.480556 0.471875 0.483333 0.473437 0.483333 0.476562 0.488889 0.48125 0.488889 0.482812 0.486111 0.484375 0.486111 0.4875 0.480556 0.489062 0.480556 0.492188 0.475 0.49375 0.475 0.495313 0.472222 0.5 0.472222 0.501562 0.475 0.509375 0.475 0.510938 0.477778 0.521875 0.477778 0.526563 0.486111 0.526563 0.488889 0.529688 0.494444 0.53125 0.494444 0.532812 0.497222 0.534375 0.497222 0.535937 0.5 0.540625 0.5 0.54375 0.494444 0.54375 0.491667 0.545313 0.488889 0.545313 0.486111 0.551562 0.475 0.567187 0.475 0.570312 0.480556 0.570312 0.483333 0.573438 0.488889 0.575 0.488889 0.576563 0.491667 0.578125 0.488889 0.579687 0.488889 0.58125 0.486111 0.582812 0.486111 0.584375 0.483333 0.589063 0.483333 0.589063 0.413889 0.582812 0.413889 0.579687 0.408333 0.579687 0.402778 0.575 0.394444 0.575 0.383333
2 0.503125 0.383333 0.503125 0.391667 0.498437 0.4 0.496875 0.4 0.495313 0.402778 0.489062 0.402778 0.4875 0.405556 0.479688 0.405556 0.478125 0.408333 0.476562 0.408333 0.475 0.411111 0.473437 0.411111 0.471875 0.413889 0.465625 0.413889 0.465625 0.480556 0.470313 0.480556 0.471875 0.483333 0.473437 0.483333 0.476562 0.488889 0.48125 0.488889 0.482812 0.486111 0.484375 0.486111 0.4875 0.480556 0.489062 0.480556 0.492188 0.475 0.49375 0.475 0.495313 0.472222 0.5 0.472222 0.501562 0.475 0.510938 0.475 0.5125 0.477778 0.521875 0.477778 0.526563 0.486111 0.526563 0.488889 0.528125 0.491667 0.528125 0.502778 0.54375 0.502778 0.54375 0.491667 0.545313 0.488889 0.545313 0.486111 0.551562 0.475 0.567187 0.475 0.570312 0.480556 0.570312 0.483333 0.573438 0.488889 0.575 0.488889 0.576563 0.491667 0.578125 0.488889 0.579687 0.488889 0.58125 0.486111 0.582812 0.486111 0.584375 0.483333 0.584375 0.472222 0.585938 0.469444 0.585938 0.422222 0.584375 0.419444 0.584375 0.416667 0.58125 0.411111 0.58125 0.408333 0.579687 0.405556 0.579687 0.402778 0.575 0.394444 0.575 0.383333
62 0.164062 0.0277778 0.164062 0.0388889 0.1625 0.0416667 0.1625 0.0444444 0.160938 0.0472222 0.160938 0.0583333 0.159375 0.0611111 0.159375 0.113889 0.157813 0.116667 0.157813 0.155556 0.15625 0.158333 0.15625 0.236111 0.154687 0.238889 0.154687 0.308333 0.153125 0.311111 0.153125 0.327778 0.151562 0.330556 0.146875 0.330556 0.146875 0.830556 0.153125 0.830556 0.15625 0.836111 0.157813 0.836111 0.159375 0.838889 0.159375 0.841667 0.1625 0.847222 0.164062 0.847222 0.165625 0.85 0.165625 0.852778 0.167187 0.855556 0.167187 0.858333 0.171875 0.866667 0.173438 0.866667 0.175 0.869444 0.176563 0.869444 0.184375 0.883333 0.189063 0.883333 0.190625 0.886111 0.19375 0.886111 0.195312 0.888889 0.2 0.888889 0.201562 0.891667 0.20625 0.891667 0.207813 0.894444 0.21875 0.894444 0.220313 0.897222 0.24375 0.897222 0.245312 0.9 0.260938 0.9 0.2625 0.902778 0.276563 0.902778 0.278125 0.905556 0.290625 0.905556 0.292188 0.908333 0.307813 0.908333 0.309375 0.911111 0.320312 0.911111 0.321875 0.913889 0.334375 0.913889 0.335938 0.916667 0.353125 0.916667 0.354688 0.919444 0.364062 0.919444 0.365625 0.922222 0.371875 0.922222 0.373437 0.925 0.379687 0.925 0.38125 0.927778 0.384375 0.927778 0.385938 0.930556 0.389062 0.930556 0.390625 0.933333 0.39375 0.933333 0.395312 0.936111 0.398438 0.936111 0.4 0.938889 0.410937 0.938889 0.4125 0.941667 0.425 0.941667 0.426562 0.944444 0.428125 0.944444 0.429688 0.941667 0.432813 0.941667 0.434375 0.938889 0.440625 0.938889 0.442187 0.936111 0.446875 0.936111 0.448438 0.933333 0.459375 0.933333 0.460938 0.930556 0.4875 0.930556 0.489062 0.933333 0.509375 0.933333 0.510938 0.936111 0.51875 0.936111 0.520312 0.938889 0.526563 0.938889 0.528125 0.941667 0.548437 0.941667 0.55 0.944444 0.5625 0.944444 0.564062 0.947222 0.575 0.947222 0.576563 0.95 0.590625 0.95 0.592188 0.952778 0.603125 0.952778 0.604688 0.955556 0.617188 0.955556 0.61875 0.958333 0.628125 0.958333 0.629687 0.961111 0.642187 0.961111 0.64375 0.963889 0.667188 0.963889 0.66875 0.966667 0.676562 0.966667 0.678125 0.969444 0.679688 0.969444 0.68125 0.972222 0.68125 0.980556 0.845312 0.980556 0.845312 0.969444 0.846875 0.966667 0.848437 0.966667 0.85 0.963889 0.851562 0.963889 0.853125 0.961111 0.854688 0.961111 0.85625 0.958333 0.859375 0.958333 0.8625 0.952778 0.865625 0.952778 0.86875 0.947222 0.870313 0.947222 0.873438 0.941667 0.875 0.941667 0.876562 0.938889 0.878125 0.938889 0.882812 0.930556 0.884375 0.930556 0.8875 0.925 0.8875 0.922222 0.890625 0.916667 0.890625 0.911111 0.892187 0.908333 0.892187 0.875 0.89375 0.872222 0.89375 0.866667 0.892187 0.863889 0.892187 0.847222 0.89375 0.844444 0.89375 0.808333 0.895312 0.805556 0.895312 0.783333 0.896875 0.780556 0.896875 0.763889 0.898438 0.761111 0.898438 0.752778 0.9 0.75 0.9 0.725 0.901563 0.722222 0.901563 0.697222 0.903125 0.694444 0.903125 0.691667 0.901563 0.688889 0.901563 0.669444 0.9 0.666667 0.9 0.647222 0.901563 0.644444 0.901563 0.552778 0.903125 0.55 0.903125 0.513889 0.904688 0.511111 0.904688 0.469444 0.90625 0.466667 0.90625 0.441667 0.907812 0.438889 0.907812 0.377778 0.909375 0.375 0.909375 0.336111 0.910937 0.333333 0.910937 0.308333 0.9125 0.305556 0.9125 0.286111 0.914062 0.283333 0.914062 0.266667 0.915625 0.263889 0.915625 0.241667 0.917188 0.238889 0.917188 0.236111 0.915625 0.233333 0.915625 0.219444 0.917188 0.216667 0.917188 0.213889 0.915625 0.211111 0.915625 0.2 0.917188 0.197222 0.917188 0.15 0.91875 0.147222 0.91875 0.130556 0.920313 0.127778 0.920313 0.122222 0.921875 0.119444 0.926562 0.119444 0.926562 0.102778 0.921875 0.102778 0.917188 0.0944444 0.917188 0.0916667 0.915625 0.0888889 0.914062 0.0888889 0.9125 0.0861111 0.910937 0.0861111 0.909375 0.0833333 0.904688 0.0833333 0.903125 0.0805556 0.890625 0.0805556 0.889063 0.0777778 0.871875 0.0777778 0.870313 0.075 0.85625 0.075 0.854688 0.0722222 0.839063 0.0722222 0.8375 0.0694444 0.817187 0.0694444 0.815625 0.0666667 0.8125 0.0666667 0.810938 0.0694444 0.807813 0.0694444 0.80625 0.0666667 0.779688 0.0666667 0.778125 0.0638889 0.757812 0.0638889 0.75625 0.0611111 0.745313 0.0611111 0.74375 0.0583333 0.734375 0.0583333 0.732813 0.0555556 0.721875 0.0555556 0.720312 0.0583333 0.65625 0.0583333 0.654688 0.0555556 0.629687 0.0555556 0.628125 0.0527778 0.598437 0.0527778 0.596875 0.05 0.565625 0.05 0.564062 0.0472222 0.557813 0.0472222 0.553125 0.0388889 0.553125 0.0277778 0.55 0.0277778 0.55 0.0361111 0.548437 0.0388889 0.545313 0.0388889 0.54375 0.0361111 0.54375 0.0277778 0.526563 0.0277778 0.526563 0.0388889 0.523438 0.0444444 0.51875 0.0444444 0.517187 0.0416667 0.514063 0.0416667 0.5125 0.0444444 0.459375 0.0444444 0.457812 0.0416667 0.439063 0.0416667 0.4375 0.0388889 0.39375 0.0388889 0.392188 0.0361111 0.392188 0.0277778
