0 0.484375 0.383333 0.484375 0.391667 0.479688 0.4 0.479688 0.402778 0.476562 0.408333 0.476562 0.411111 0.475 0.413889 0.475 0.416667 0.473437 0.419444 0.473437 0.422222 0.471875 0.425 0.471875 0.441667 0.470313 0.444444 0.470313 0.455556 0.46875 0.458333 0.46875 0.472222 0.470313 0.475 0.470313 0.505556 0.46875 0.508333 0.46875 0.513889 0.453125 0.541667 0.451562 0.541667 0.45 0.544444 0.448438 0.544444 0.446875 0.547222 0.445312 0.547222 0.442187 0.552778 0.440625 0.552778 0.439063 0.555556 0.4375 0.555556 0.434375 0.561111 0.432813 0.561111 0.429688 0.566667 0.428125 0.566667 0.425 0.572222 0.423438 0.572222 0.421875 0.575 0.420312 0.575 0.415625 0.583333 0.415625 0.586111 0.4125 0.591667 0.4125 0.594444 0.407813 0.602778 0.407813 0.605556 0.40625 0.608333 0.40625 0.611111 0.403125 0.616667 0.403125 0.619444 0.401563 0.622222 0.401563 0.625 0.4 0.627778 0.4 0.630556 0.398438 0.633333 0.398438 0.636111 0.396875 0.638889 0.396875 0.644444 0.395312 0.647222 0.395312 0.655556 0.39375 0.658333 0.39375 0.663889 0.392188 0.666667 0.392188 0.672222 0.390625 0.675 0.390625 0.677778 0.389062 0.680556 0.384375 0.680556 0.384375 0.847222 0.390625 0.847222 0.392188 0.85 0.392188 0.852778 0.39375 0.855556 0.395312 0.855556 0.396875 0.858333 0.401563 0.858333 0.403125 0.861111 0.414062 0.861111 0.417188 0.866667 0.417188 0.869444 0.41875 0.872222 0.41875 0.875 0.420312 0.877778 0.420312 0.880556 0.421875 0.883333 0.421875 0.891667 0.423438 0.894444 0.423438 1 0.575 1 0.575 0.983333 0.576563 0.980556 0.576563 0.969444 0.575 0.966667 0.575 0.947222 0.573438 0.944444 0.573438 0.925 0.571875 0.922222 0.571875 0.908333 0.570312 0.905556 0.570312 0.872222 0.571875 0.869444 0.571875 0.863889 0.573438 0.861111 0.573438 0.844444 0.575 0.841667 0.575 0.833333 0.579687 0.825 0.582812 0.825 0.584375 0.822222 0.5875 0.822222 0.589063 0.819444 0.592188 0.819444 0.59375 0.816667 0.595312 0.816667 0.598437 0.811111 0.6 0.811111 0.6 0.808333 0.60625 0.797222 0.60625 0.794444 0.607813 0.791667 0.607813 0.788889 0.610937 0.783333 0.610937 0.780556 0.6125 0.777778 0.6125 0.775 0.614062 0.772222 0.614062 0.761111 0.6125 0.758333 0.6125 0.75 0.610937 0.747222 0.610937 0.741667 0.609375 0.738889 0.609375 0.733333 0.607813 0.730556 0.607813 0.725 0.60625 0.722222 0.60625 0.716667 0.604688 0.713889 0.604688 0.711111 0.601562 0.705556 0.601562 0.702778 0.6 0.7 0.6 0.697222 0.598437 0.694444 0.598437 0.691667 0.596875 0.688889 0.596875 0.686111 0.595312 0.683333 0.595312 0.677778 0.59375 0.675 0.59375 0.666667 0.592188 0.663889 0.592188 0.661111 0.590625 0.658333 0.590625 0.655556 0.589063 0.652778 0.589063 0.65 0.5875 0.647222 0.5875 0.641667 0.585938 0.638889 0.585938 0.633333 0.584375 0.630556 0.584375 0.627778 0.576563 0.613889 0.575 0.613889 0.560938 0.588889 0.560938 0.586111 0.557813 0.580556 0.553125 0.580556 0.55 0.575 0.55 0.572222 0.548437 0.572222 0.546875 0.569444 0.545313 0.569444 0.535937 0.552778 0.535937 0.536111 0.5375 0.533333 0.5375 0.527778 0.539062 0.525 0.539062 0.519444 0.540625 0.516667 0.540625 0.511111 0.542188 0.508333 0.542188 0.486111 0.54375 0.483333 0.54375 0.427778 0.542188 0.425 0.542188 0.416667 0.540625 0.413889 0.540625 0.411111 0.539062 0.408333 0.539062 0.405556 0.5375 0.402778 0.535937 0.402778 0.532812 0.397222 0.53125 0.397222 0.528125 0.391667 0.528125 0.383333
39 0.046875 0.761111 0.046875 0.833333 0.053125 0.833333 0.05625 0.838889 0.05625 0.847222 0.0703125 0.847222 0.0703125 0.786111 0.065625 0.786111 0.0625 0.780556 0.0625 0.777778 0.0609375 0.775 0.0609375 0.761111
39 0.071875 0.772222 0.071875 0.847222 0.0796875 0.847222 0.0796875 0.838889 0.08125 0.836111 0.08125 0.833333 0.0828125 0.830556 0.0828125 0.827778 0.084375 0.825 0.0890625 0.825 0.0890625 0.772222
72 0.753125 0.427778 0.753125 0.808333 0.759375 0.808333 0.7625 0.813889 0.765625 0.813889 0.767187 0.816667 0.770312 0.816667 0.771875 0.819444 0.778125 0.819444 0.779688 0.822222 0.784375 0.822222 0.785937 0.825 0.789062 0.825 0.790625 0.827778 0.792188 0.827778 0.79375 0.830556 0.796875 0.830556 0.798437 0.833333 0.8 0.833333 0.803125 0.838889 0.803125 0.847222 0.825 0.847222 0.825 0.8 0.826563 0.797222 0.826563 0.788889 0.825 0.786111 0.825 0.713889 0.826563 0.711111 0.826563 0.694444 0.828125 0.691667 0.832812 0.691667 0.832812 0.447222 0.828125 0.447222 0.823438 0.438889 0.823438 0.427778
0 0.484375 0.383333 0.484375 0.391667 0.479688 0.4 0.479688 0.402778 0.476562 0.408333 0.476562 0.411111 0.475 0.413889 0.475 0.416667 0.473437 0.419444 0.473437 0.422222 0.471875 0.425 0.471875 0.441667 0.470313 0.444444 0.470313 0.455556 0.46875 0.458333 0.46875 0.472222 0.470313 0.475 0.470313 0.505556 0.46875 0.508333 0.46875 0.513889 0.453125 0.541667 0.451562 0.541667 0.45 0.544444 0.448438 0.544444 0.446875 0.547222 0.445312 0.547222 0.442187 0.552778 0.440625 0.552778 0.439063 0.555556 0.4375 0.555556 0.434375 0.561111 0.432813 0.561111 0.429688 0.566667 0.428125 0.566667 0.425 0.572222 0.423438 0.572222 0.421875 0.575 0.420312 0.575 0.415625 0.583333 0.415625 0.586111 0.4125 0.591667 0.4125 0.594444 0.407813 0.602778 0.407813 0.605556 0.40625 0.608333 0.40625 0.611111 0.403125 0.616667 0.403125 0.619444 0.401563 0.622222 0.401563 0.625 0.4 0.627778 0.4 0.630556 0.398438 0.633333 0.398438 0.636111 0.396875 0.638889 0.396875 0.644444 0.395312 0.647222 0.395312 0.655556 0.39375 0.658333 0.39375 0.663889 0.392188 0.666667 0.392188 0.672222 0.390625 0.675 0.390625 0.677778 0.389062 0.680556 0.384375 0.680556 0.384375 0.847222 0.390625 0.847222 0.392188 0.85 0.392188 0.852778 0.39375 0.855556 0.395312 0.855556 0.396875 0.858333 0.401563 0.858333 0.403125 0.861111 0.414062 0.861111 0.417188 0.866667 0.417188 0.869444 0.41875 0.872222 0.41875 0.875 0.420312 0.877778 0.420312 0.880556 0.421875 0.883333 0.421875 0.891667 0.423438 0.894444 0.423438 1 0.575 1 0.575 0.983333 0.576563 0.980556 0.576563 0.969444 0.575 0.966667 0.575 0.947222 0.573438 0.944444 0.573438 0.925 0.571875 0.922222 0.571875 0.908333 0.570312 0.905556 0.570312 0.872222 0.571875 0.869444 0.571875 0.863889 0.573438 0.861111 0.573438 0.844444 0.575 0.841667 0.575 0.833333 0.579687 0.825 0.582812 0.825 0.584375 0.822222 0.5875 0.822222 0.589063 0.819444 0.592188 0.819444 0.59375 0.816667 0.595312 0.816667 0.598437 0.811111 0.6 0.811111 0.6 0.808333 0.60625 0.797222 0.60625 0.794444 0.607813 0.791667 0.607813 0.788889 0.610937 0.783333 0.610937 0.780556 0.6125 0.777778 0.6125 0.775 0.614062 0.772222 0.614062 0.761111 0.6125 0.758333 0.6125 0.75 0.610937 0.747222 0.610937 0.741667 0.609375 0.738889 0.609375 0.733333 0.607813 0.730556 0.607813 0.725 0.60625 0.722222 0.60625 0.716667 0.604688 0.713889 0.604688 0.711111 0.601562 0.705556 0.601562 0.702778 0.6 0.7 0.6 0.697222 0.598437 0.694444 0.598437 0.691667 0.596875 0.688889 0.596875 0.686111 0.595312 0.683333 0.595312 0.677778 0.59375 0.675 0.59375 0.666667 0.592188 0.663889 0.592188 0.661111 0.590625 0.658333 0.590625 0.655556 0.589063 0.652778 0.589063 0.65 0.5875 0.647222 0.5875 0.641667 0.585938 0.638889 0.585938 0.633333 0.584375 0.630556 0.584375 0.627778 0.576563 0.613889 0.575 0.613889 0.560938 0.588889 0.560938 0.586111 0.557813 0.580556 0.553125 0.580556 0.55 0.575 0.55 0.572222 0.548437 0.572222 0.546875 0.569444 0.545313 0.569444 0.535937 0.552778 0.535937 0.536111 0.5375 0.533333 0.5375 0.527778 0.539062 0.525 0.539062 0.519444 0.540625 0.516667 0.540625 0.511111 0.542188 0.508333 0.542188 0.486111 0.54375 0.483333 0.54375 0.427778 0.542188 0.425 0.542188 0.416667 0.540625 0.413889 0.540625 0.411111 0.539062 0.408333 0.539062 0.405556 0.5375 0.402778 0.535937 0.402778 0.532812 0.397222 0.53125 0.397222 0.528125 0.391667 0.528125 0.383333
39 0.046875 0.761111 0.046875 0.833333 0.053125 0.833333 0.05625 0.838889 0.05625 0.847222 0.0703125 0.847222 0.0703125 0.786111 0.065625 0.786111 0.0625 0.780556 0.0625 0.777778 0.0609375 0.775 0.0609375 0.761111
39 0.071875 0.772222 0.071875 0.847222 0.0796875 0.847222 0.0796875 0.838889 0.08125 0.836111 0.08125 0.833333 0.0828125 0.830556 0.0828125 0.827778 0.084375 0.825 0.0890625 0.825 0.0890625 0.772222
72 0.753125 0.427778 0.753125 0.808333 0.759375 0.808333 0.7625 0.813889 0.765625 0.813889 0.767187 0.816667 0.770312 0.816667 0.771875 0.819444 0.778125 0.819444 0.779688 0.822222 0.784375 0.822222 0.785937 0.825 0.789062 0.825 0.790625 0.827778 0.792188 0.827778 0.79375 0.830556 0.796875 0.830556 0.798437 0.833333 0.8 0.833333 0.803125 0.838889 0.803125 0.847222 0.825 0.847222 0.825 0.8 0.826563 0.797222 0.826563 0.788889 0.825 0.786111 0.825 0.713889 0.826563 0.711111 0.826563 0.694444 0.828125 0.691667 0.832812 0.691667 0.832812 0.447222 0.828125 0.447222 0.823438 0.438889 0.823438 0.427778
0 0.484375 0.383333 0.484375 0.391667 0.479688 0.4 0.479688 0.402778 0.476562 0.408333 0.476562 0.411111 0.475 0.413889 0.475 0.416667 0.473437 0.419444 0.473437 0.422222 0.471875 0.425 0.471875 0.441667 0.470313 0.444444 0.470313 0.455556 0.46875 0.458333 0.46875 0.472222 0.470313 0.475 0.470313 0.505556 0.46875 0.508333 0.46875 0.513889 0.453125 0.541667 0.451562 0.541667 0.45 0.544444 0.448438 0.544444 0.446875 0.547222 0.445312 0.547222 0.442187 0.552778 0.440625 0.552778 0.439063 0.555556 0.4375 0.555556 0.434375 0.561111 0.432813 0.561111 0.429688 0.566667 0.428125 0.566667 0.425 0.572222 0.423438 0.572222 0.421875 0.575 0.420312 0.575 0.415625 0.583333 0.415625 0.586111 0.4125 0.591667 0.4125 0.594444 0.407813 0.602778 0.407813 0.605556 0.40625 0.608333 0.40625 0.611111 0.403125 0.616667 0.403125 0.619444 0.401563 0.622222 0.401563 0.625 0.4 0.627778 0.4 0.630556 0.398438 0.633333 0.398438 0.636111 0.396875 0.638889 0.396875 0.644444 0.395312 0.647222 0.395312 0.655556 0.39375 0.658333 0.39375 0.663889 0.392188 0.666667 0.392188 0.672222 0.390625 0.675 0.390625 0.677778 0.389062 0.680556 0.384375 0.680556 0.384375 0.847222 0.390625 0.847222 0.392188 0.85 0.392188 0.852778 0.39375 0.855556 0.395312 0.855556 0.396875 0.858333 0.401563 0.858333 0.403125 0.861111 0.414062 0.861111 0.417188 0.866667 0.417188 0.869444 0.41875 0.872222 0.41875 0.875 0.420312 0.877778 0.420312 0.880556 0.421875 0.883333 0.421875 0.891667 0.423438 0.894444 0.423438 1 0.575 1 0.575 0.983333 0.576563 0.980556 0.576563 0.969444 0.575 0.966667 0.575 0.947222 0.573438 0.944444 0.573438 0.925 0.571875 0.922222 0.571875 0.908333 0.570312 0.905556 0.570312 0.872222 0.571875 0.869444 0.571875 0.863889 0.573438 0.861111 0.573438 0.844444 0.575 0.841667 0.575 0.833333 0.579687 0.825 0.582812 0.825 0.584375 0.822222 0.5875 0.822222 0.589063 0.819444 0.592188 0.819444 0.59375 0.816667 0.595312 0.816667 0.598437 0.811111 0.6 0.811111 0.6 0.808333 0.60625 0.797222 0.60625 0.794444 0.607813 0.791667 0.607813 0.788889 0.610937 0.783333 0.610937 0.780556 0.6125 0.777778 0.6125 0.775 0.614062 0.772222 0.614062 0.761111 0.6125 0.758333 0.6125 0.75 0.610937 0.747222 0.610937 0.741667 0.609375 0.738889 0.609375 0.733333 0.607813 0.730556 0.607813 0.725 0.60625 0.722222 0.60625 0.716667 0.604688 0.713889 0.604688 0.711111 0.601562 0.705556 0.601562 0.702778 0.6 0.7 0.6 0.697222 0.598437 0.694444 0.598437 0.691667 0.596875 0.688889 0.596875 0.686111 0.595312 0.683333 0.595312 0.677778 0.59375 0.675 0.59375 0.666667 0.592188 0.663889 0.592188 0.661111 0.590625 0.658333 0.590625 0.655556 0.589063 0.652778 0.589063 0.65 0.5875 0.647222 0.5875 0.641667 0.585938 0.638889 0.585938 0.633333 0.584375 0.630556 0.584375 0.627778 0.576563 0.613889 0.575 0.613889 0.560938 0.588889 0.560938 0.586111 0.557813 0.580556 0.553125 0.580556 0.55 0.575 0.55 0.572222 0.548437 0.572222 0.546875 0.569444 0.545313 0.569444 0.535937 0.552778 0.535937 0.536111 0.5375 0.533333 0.5375 0.527778 0.539062 0.525 0.539062 0.519444 0.540625 0.516667 0.540625 0.511111 0.542188 0.508333 0.542188 0.486111 0.54375 0.483333 0.54375 0.427778 0.542188 0.425 0.542188 0.416667 0.540625 0.413889 0.540625 0.411111 0.539062 0.408333 0.539062 0.405556 0.5375 0.402778 0.535937 0.402778 0.532812 0.397222 0.53125 0.397222 0.528125 0.391667 0.528125 0.383333
39 0.046875 0.761111 0.046875 0.833333 0.053125 0.833333 0.05625 0.838889 0.05625 0.847222 0.0703125 0.847222 0.0703125 0.786111 0.065625 0.786111 0.0625 0.780556 0.0625 0.777778 0.0609375 0.775 0.0609375 0.761111
39 0.071875 0.772222 0.071875 0.847222 0.0796875 0.847222 0.0796875 0.838889 0.08125 0.836111 0.08125 0.833333 0.0828125 0.830556 0.0828125 0.827778 0.084375 0.825 0.0890625 0.825 0.0890625 0.772222
72 0.753125 0.427778 0.753125 0.808333 0.759375 0.808333 0.7625 0.813889 0.765625 0.813889 0.767187 0.816667 0.770312 0.816667 0.771875 0.819444 0.778125 0.819444 0.779688 0.822222 0.784375 0.822222 0.785937 0.825 0.789062 0.825 0.790625 0.827778 0.792188 0.827778 0.79375 0.830556 0.796875 0.830556 0.798437 0.833333 0.8 0.833333 0.803125 0.838889 0.803125 0.847222 0.825 0.847222 0.825 0.8 0.826563 0.797222 0.826563 0.788889 0.825 0.786111 0.825 0.713889 0.826563 0.711111 0.826563 0.694444 0.828125 0.691667 0.832812 0.691667 0.832812 0.447222 0.828125 0.447222 0.823438 0.438889 0.823438 0.427778
0 0.484375 0.383333 0.484375 0.391667 0.479688 0.4 0.479688 0.402778 0.476562 0.408333 0.476562 0.411111 0.475 0.413889 0.475 0.416667 0.473437 0.419444 0.473437 0.422222 0.471875 0.425 0.471875 0.441667 0.470313 0.444444 0.470313 0.455556 0.46875 0.458333 0.46875 0.472222 0.470313 0.475 0.470313 0.505556 0.46875 0.508333 0.46875 0.513889 0.453125 0.541667 0.451562 0.541667 0.45 0.544444 0.448438 0.544444 0.446875 0.547222 0.445312 0.547222 0.442187 0.552778 0.440625 0.552778 0.439063 0.555556 0.4375 0.555556 0.434375 0.561111 0.432813 0.561111 0.429688 0.566667 0.428125 0.566667 0.425 0.572222 0.423438 0.572222 0.421875 0.575 0.420312 0.575 0.415625 0.583333 0.415625 0.586111 0.4125 0.591667 0.4125 0.594444 0.407813 0.602778 0.407813 0.605556 0.40625 0.608333 0.40625 0.611111 0.403125 0.616667 0.403125 0.619444 0.401563 0.622222 0.401563 0.625 0.4 0.627778 0.4 0.630556 0.398438 0.633333 0.398438 0.636111 0.396875 0.638889 0.396875 0.644444 0.395312 0.647222 0.395312 0.655556 0.39375 0.658333 0.39375 0.663889 0.392188 0.666667 0.392188 0.672222 0.390625 0.675 0.390625 0.677778 0.389062 0.680556 0.384375 0.680556 0.384375 0.847222 0.390625 0.847222 0.392188 0.85 0.392188 0.852778 0.39375 0.855556 0.395312 0.855556 0.396875 0.858333 0.401563 0.858333 0.403125 0.861111 0.414062 0.861111 0.417188 0.866667 0.417188 0.869444 0.41875 0.872222 0.41875 0.875 0.420312 0.877778 0.420312 0.880556 0.421875 0.883333 0.421875 0.891667 0.423438 0.894444 0.423438 1 0.575 1 0.575 0.983333 0.576563 0.980556 0.576563 0.969444 0.575 0.966667 0.575 0.947222 0.573438 0.944444 0.573438 0.925 0.571875 0.922222 0.571875 0.908333 0.570312 0.905556 0.570312 0.872222 0.571875 0.869444 0.571875 0.863889 0.573438 0.861111 0.573438 0.844444 0.575 0.841667 0.575 0.833333 0.579687 0.825 0.582812 0.825 0.584375 0.822222 0.5875 0.822222 0.589063 0.819444 0.592188 0.819444 0.59375 0.816667 0.595312 0.816667 0.598437 0.811111 0.6 0.811111 0.6 0.808333 0.60625 0.797222 0.60625 0.794444 0.607813 0.791667 0.607813 0.788889 0.610937 0.783333 0.610937 0.780556 0.6125 0.777778 0.6125 0.775 0.614062 0.772222 0.614062 0.761111 0.6125 0.758333 0.6125 0.75 0.610937 0.747222 0.610937 0.741667 0.609375 0.738889 0.609375 0.733333 0.607813 0.730556 0.607813 0.725 0.60625 0.722222 0.60625 0.716667 0.604688 0.713889 0.604688 0.711111 0.601562 0.705556 0.601562 0.702778 0.6 0.7 0.6 0.697222 0.598437 0.694444 0.598437 0.691667 0.596875 0.688889 0.596875 0.686111 0.595312 0.683333 0.595312 0.677778 0.59375 0.675 0.59375 0.666667 0.592188 0.663889 0.592188 0.661111 0.590625 0.658333 0.590625 0.655556 0.589063 0.652778 0.589063 0.65 0.5875 0.647222 0.5875 0.641667 0.585938 0.638889 0.585938 0.633333 0.584375 0.630556 0.584375 0.627778 0.576563 0.613889 0.575 0.613889 0.560938 0.588889 0.560938 0.586111 0.557813 0.580556 0.553125 0.580556 0.55 0.575 0.55 0.572222 0.548437 0.572222 0.546875 0.569444 0.545313 0.569444 0.535937 0.552778 0.535937 0.536111 0.5375 0.533333 0.5375 0.527778 0.539062 0.525 0.539062 0.519444 0.540625 0.516667 0.540625 0.511111 0.542188 0.508333 0.542188 0.486111 0.54375 0.483333 0.54375 0.427778 0.542188 0.425 0.542188 0.416667 0.540625 0.413889 0.540625 0.411111 0.539062 0.408333 0.539062 0.405556 0.5375 0.402778 0.535937 0.402778 0.532812 0.397222 0.53125 0.397222 0.528125 0.391667 0.528125 0.383333
39 0.046875 0.761111 0.046875 0.833333 0.053125 0.833333 0.05625 0.838889 0.05625 0.847222 0.0703125 0.847222 0.0703125 0.786111 0.065625 0.786111 0.0625 0.780556 0.0625 0.777778 0.0609375 0.775 0.0609375 0.761111
39 0.071875 0.772222 0.071875 0.847222 0.0796875 0.847222 0.0796875 0.838889 0.08125 0.836111 0.08125 0.833333 0.0828125 0.830556 0.0828125 0.827778 0.084375 0.825 0.0890625 0.825 0.0890625 0.772222
72 0.753125 0.427778 0.753125 0.808333 0.759375 0.808333 0.7625 0.813889 0.765625 0.813889 0.767187 0.816667 0.770312 0.816667 0.771875 0.819444 0.778125 0.819444 0.779688 0.822222 0.784375 0.822222 0.785937 0.825 0.789062 0.825 0.790625 0.827778 0.792188 0.827778 0.79375 0.830556 0.796875 0.830556 0.798437 0.833333 0.8 0.833333 0.803125 0.838889 0.803125 0.847222 0.825 0.847222 0.825 0.8 0.826563 0.797222 0.826563 0.788889 0.825 0.786111 0.825 0.713889 0.826563 0.711111 0.826563 0.694444 0.828125 0.691667 0.832812 0.691667 0.832812 0.447222 0.828125 0.447222 0.823438 0.438889 0.823438 0.427778
0 0.484375 0.383333 0.484375 0.391667 0.479688 0.4 0.479688 0.402778 0.476562 0.408333 0.476562 0.411111 0.475 0.413889 0.475 0.416667 0.473437 0.419444 0.473437 0.422222 0.471875 0.425 0.471875 0.441667 0.470313 0.444444 0.470313 0.455556 0.46875 0.458333 0.46875 0.472222 0.470313 0.475 0.470313 0.505556 0.46875 0.508333 0.46875 0.513889 0.453125 0.541667 0.451562 0.541667 0.45 0.544444 0.448438 0.544444 0.446875 0.547222 0.445312 0.547222 0.442187 0.552778 0.440625 0.552778 0.439063 0.555556 0.4375 0.555556 0.434375 0.561111 0.432813 0.561111 0.429688 0.566667 0.428125 0.566667 0.425 0.572222 0.423438 0.572222 0.421875 0.575 0.420312 0.575 0.415625 0.583333 0.415625 0.586111 0.4125 0.591667 0.4125 0.594444 0.407813 0.602778 0.407813 0.605556 0.40625 0.608333 0.40625 0.611111 0.403125 0.616667 0.403125 0.619444 0.401563 0.622222 0.401563 0.625 0.4 0.627778 0.4 0.630556 0.398438 0.633333 0.398438 0.636111 0.396875 0.638889 0.396875 0.644444 0.395312 0.647222 0.395312 0.655556 0.39375 0.658333 0.39375 0.663889 0.392188 0.666667 0.392188 0.672222 0.390625 0.675 0.390625 0.677778 0.389062 0.680556 0.384375 0.680556 0.384375 0.847222 0.390625 0.847222 0.392188 0.85 0.392188 0.852778 0.39375 0.855556 0.395312 0.855556 0.396875 0.858333 0.401563 0.858333 0.403125 0.861111 0.414062 0.861111 0.417188 0.866667 0.417188 0.869444 0.41875 0.872222 0.41875 0.875 0.420312 0.877778 0.420312 0.880556 0.421875 0.883333 0.421875 0.891667 0.423438 0.894444 0.423438 1 0.575 1 0.575 0.983333 0.576563 0.980556 0.576563 0.969444 0.575 0.966667 0.575 0.947222 0.573438 0.944444 0.573438 0.925 0.571875 0.922222 0.571875 0.908333 0.570312 0.905556 0.570312 0.872222 0.571875 0.869444 0.571875 0.863889 0.573438 0.861111 0.573438 0.844444 0.575 0.841667 0.575 0.833333 0.579687 0.825 0.582812 0.825 0.584375 0.822222 0.5875 0.822222 0.589063 0.819444 0.592188 0.819444 0.59375 0.816667 0.595312 0.816667 0.598437 0.811111 0.6 0.811111 0.6 0.808333 0.60625 0.797222 0.60625 0.794444 0.607813 0.791667 0.607813 0.788889 0.610937 0.783333 0.610937 0.780556 0.6125 0.777778 0.6125 0.775 0.614062 0.772222 0.614062 0.761111 0.6125 0.758333 0.6125 0.75 0.610937 0.747222 0.610937 0.741667 0.609375 0.738889 0.609375 0.733333 0.607813 0.730556 0.607813 0.725 0.60625 0.722222 0.60625 0.716667 0.604688 0.713889 0.604688 0.711111 0.601562 0.705556 0.601562 0.702778 0.6 0.7 0.6 0.697222 0.598437 0.694444 0.598437 0.691667 0.596875 0.688889 0.596875 0.686111 0.595312 0.683333 0.595312 0.677778 0.59375 0.675 0.59375 0.666667 0.592188 0.663889 0.592188 0.661111 0.590625 0.658333 0.590625 0.655556 0.589063 0.652778 0.589063 0.65 0.5875 0.647222 0.5875 0.641667 0.585938 0.638889 0.585938 0.633333 0.584375 0.630556 0.584375 0.627778 0.576563 0.613889 0.575 0.613889 0.560938 0.588889 0.560938 0.586111 0.557813 0.580556 0.553125 0.580556 0.55 0.575 0.55 0.572222 0.548437 0.572222 0.546875 0.569444 0.545313 0.569444 0.535937 0.552778 0.535937 0.536111 0.5375 0.533333 0.5375 0.527778 0.539062 0.525 0.539062 0.519444 0.540625 0.516667 0.540625 0.511111 0.542188 0.508333 0.542188 0.486111 0.54375 0.483333 0.54375 0.427778 0.542188 0.425 0.542188 0.416667 0.540625 0.413889 0.540625 0.411111 0.539062 0.408333 0.539062 0.405556 0.5375 0.402778 0.535937 0.402778 0.532812 0.397222 0.53125 0.397222 0.528125 0.391667 0.528125 0.383333
39 0.046875 0.761111 0.046875 0.833333 0.053125 0.833333 0.05625 0.838889 0.05625 0.847222 0.0703125 0.847222 0.0703125 0.786111 0.065625 0.786111 0.0625 0.780556 0.0625 0.777778 0.0609375 0.775 0.0609375 0.761111
39 0.071875 0.772222 0.071875 0.847222 0.0796875 0.847222 0.0796875 0.838889 0.08125 0.836111 0.08125 0.833333 0.0828125 0.830556 0.0828125 0.827778 0.084375 0.825 0.0890625 0.825 0.0890625 0.772222
72 0.753125 0.427778 0.753125 0.808333 0.759375 0.808333 0.7625 0.813889 0.765625 0.813889 0.767187 0.816667 0.770312 0.816667 0.771875 0.819444 0.778125 0.819444 0.779688 0.822222 0.784375 0.822222 0.785937 0.825 0.789062 0.825 0.790625 0.827778 0.792188 0.827778 0.79375 0.830556 0.796875 0.830556 0.798437 0.833333 0.8 0.833333 0.803125 0.838889 0.803125 0.847222 0.825 0.847222 0.825 0.8 0.826563 0.797222 0.826563 0.788889 0.825 0.786111 0.825 0.713889 0.826563 0.711111 0.826563 0.694444 0.828125 0.691667 0.832812 0.691667 0.832812 0.447222 0.828125 0.447222 0.823438 0.438889 0.823438 0.427778
0 0.484375 0.383333 0.484375 0.391667 0.479688 0.4 0.479688 0.402778 0.476562 0.408333 0.476562 0.411111 0.475 0.413889 0.475 0.416667 0.473437 0.419444 0.473437 0.422222 0.471875 0.425 0.471875 0.441667 0.470313 0.444444 0.470313 0.455556 0.46875 0.458333 0.46875 0.472222 0.470313 0.475 0.470313 0.505556 0.46875 0.508333 0.46875 0.513889 0.453125 0.541667 0.451562 0.541667 0.45 0.544444 0.448438 0.544444 0.446875 0.547222 0.445312 0.547222 0.442187 0.552778 0.440625 0.552778 0.439063 0.555556 0.4375 0.555556 0.434375 0.561111 0.432813 0.561111 0.429688 0.566667 0.428125 0.566667 0.425 0.572222 0.423438 0.572222 0.421875 0.575 0.420312 0.575 0.415625 0.583333 0.415625 0.586111 0.4125 0.591667 0.4125 0.594444 0.407813 0.602778 0.407813 0.605556 0.40625 0.608333 0.40625 0.611111 0.403125 0.616667 0.403125 0.619444 0.401563 0.622222 0.401563 0.625 0.4 0.627778 0.4 0.630556 0.398438 0.633333 0.398438 0.636111 0.396875 0.638889 0.396875 0.644444 0.395312 0.647222 0.395312 0.655556 0.39375 0.658333 0.39375 0.663889 0.392188 0.666667 0.392188 0.672222 0.390625 0.675 0.390625 0.677778 0.389062 0.680556 0.384375 0.680556 0.384375 0.847222 0.390625 0.847222 0.392188 0.85 0.392188 0.852778 0.39375 0.855556 0.395312 0.855556 0.396875 0.858333 0.401563 0.858333 0.403125 0.861111 0.414062 0.861111 0.417188 0.866667 0.417188 0.869444 0.41875 0.872222 0.41875 0.875 0.420312 0.877778 0.420312 0.880556 0.421875 0.883333 0.421875 0.891667 0.423438 0.894444 0.423438 1 0.575 1 0.575 0.983333 0.576563 0.980556 0.576563 0.969444 0.575 0.966667 0.575 0.947222 0.573438 0.944444 0.573438 0.925 0.571875 0.922222 0.571875 0.908333 0.570312 0.905556 0.570312 0.872222 0.571875 0.869444 0.571875 0.863889 0.573438 0.861111 0.573438 0.844444 0.575 0.841667 0.575 0.833333 0.579687 0.825 0.582812 0.825 0.584375 0.822222 0.5875 0.822222 0.589063 0.819444 0.592188 0.819444 0.59375 0.816667 0.595312 0.816667 0.598437 0.811111 0.6 0.811111 0.6 0.808333 0.60625 0.797222 0.60625 0.794444 0.607813 0.791667 0.607813 0.788889 0.610937 0.783333 0.610937 0.780556 0.6125 0.777778 0.6125 0.775 0.614062 0.772222 0.614062 0.761111 0.6125 0.758333 0.6125 0.75 0.610937 0.747222 0.610937 0.741667 0.609375 0.738889 0.609375 0.733333 0.607813 0.730556 0.607813 0.725 0.60625 0.722222 0.60625 0.716667 0.604688 0.713889 0.604688 0.711111 0.601562 0.705556 0.601562 0.702778 0.6 0.7 0.6 0.697222 0.598437 0.694444 0.598437 0.691667 0.596875 0.688889 0.596875 0.686111 0.595312 0.683333 0.595312 0.677778 0.59375 0.675 0.59375 0.666667 0.592188 0.663889 0.592188 0.661111 0.590625 0.658333 0.590625 0.655556 0.589063 0.652778 0.589063 0.65 0.5875 0.647222 0.5875 0.641667 0.585938 0.638889 0.585938 0.633333 0.584375 0.630556 0.584375 0.627778 0.576563 0.613889 0.575 0.613889 0.560938 0.588889 0.560938 0.586111 0.557813 0.580556 0.553125 0.580556 0.55 0.575 0.55 0.572222 0.548437 0.572222 0.546875 0.569444 0.545313 0.569444 0.535937 0.552778 0.535937 0.536111 0.5375 0.533333 0.5375 0.527778 0.539062 0.525 0.539062 0.519444 0.540625 0.516667 0.540625 0.511111 0.542188 0.508333 0.542188 0.486111 0.54375 0.483333 0.54375 0.427778 0.542188 0.425 0.542188 0.416667 0.540625 0.413889 0.540625 0.411111 0.539062 0.408333 0.539062 0.405556 0.5375 0.402778 0.535937 0.402778 0.532812 0.397222 0.53125 0.397222 0.528125 0.391667 0.528125 0.383333
39 0.046875 0.761111 0.046875 0.833333 0.053125 0.833333 0.05625 0.838889 0.05625 0.847222 0.0703125 0.847222 0.0703125 0.786111 0.065625 0.786111 0.0625 0.780556 0.0625 0.777778 0.0609375 0.775 0.0609375 0.761111
39 0.071875 0.772222 0.071875 0.847222 0.0796875 0.847222 0.0796875 0.838889 0.08125 0.836111 0.08125 0.833333 0.0828125 0.830556 0.0828125 0.827778 0.084375 0.825 0.0890625 0.825 0.0890625 0.772222
72 0.753125 0.427778 0.753125 0.808333 0.759375 0.808333 0.7625 0.813889 0.765625 0.813889 0.767187 0.816667 0.770312 0.816667 0.771875 0.819444 0.778125 0.819444 0.779688 0.822222 0.784375 0.822222 0.785937 0.825 0.789062 0.825 0.790625 0.827778 0.792188 0.827778 0.79375 0.830556 0.796875 0.830556 0.798437 0.833333 0.8 0.833333 0.803125 0.838889 0.803125 0.847222 0.825 0.847222 0.825 0.8 0.826563 0.797222 0.826563 0.788889 0.825 0.786111 0.825 0.713889 0.826563 0.711111 0.826563 0.694444 0.828125 0.691667 0.832812 0.691667 0.832812 0.447222 0.828125 0.447222 0.823438 0.438889 0.823438 0.427778
0 0.484375 0.383333 0.484375 0.391667 0.479688 0.4 0.479688 0.402778 0.476562 0.408333 0.476562 0.411111 0.475 0.413889 0.475 0.416667 0.473437 0.419444 0.473437 0.422222 0.471875 0.425 0.471875 0.441667 0.470313 0.444444 0.470313 0.455556 0.46875 0.458333 0.46875 0.472222 0.470313 0.475 0.470313 0.505556 0.46875 0.508333 0.46875 0.513889 0.453125 0.541667 0.451562 0.541667 0.45 0.544444 0.448438 0.544444 0.446875 0.547222 0.445312 0.547222 0.442187 0.552778 0.440625 0.552778 0.439063 0.555556 0.4375 0.555556 0.434375 0.561111 0.432813 0.561111 0.429688 0.566667 0.428125 0.566667 0.425 0.572222 0.423438 0.572222 0.421875 0.575 0.420312 0.575 0.415625 0.583333 0.415625 0.586111 0.4125 0.591667 0.4125 0.594444 0.407813 0.602778 0.407813 0.605556 0.40625 0.608333 0.40625 0.611111 0.403125 0.616667 0.403125 0.619444 0.401563 0.622222 0.401563 0.625 0.4 0.627778 0.4 0.630556 0.398438 0.633333 0.398438 0.636111 0.396875 0.638889 0.396875 0.644444 0.395312 0.647222 0.395312 0.655556 0.39375 0.658333 0.39375 0.663889 0.392188 0.666667 0.392188 0.672222 0.390625 0.675 0.390625 0.677778 0.389062 0.680556 0.384375 0.680556 0.384375 0.847222 0.390625 0.847222 0.392188 0.85 0.392188 0.852778 0.39375 0.855556 0.395312 0.855556 0.396875 0.858333 0.401563 0.858333 0.403125 0.861111 0.414062 0.861111 0.417188 0.866667 0.417188 0.869444 0.41875 0.872222 0.41875 0.875 0.420312 0.877778 0.420312 0.880556 0.421875 0.883333 0.421875 0.891667 0.423438 0.894444 0.423438 1 0.575 1 0.575 0.983333 0.576563 0.980556 0.576563 0.969444 0.575 0.966667 0.575 0.947222 0.573438 0.944444 0.573438 0.925 0.571875 0.922222 0.571875 0.908333 0.570312 0.905556 0.570312 0.872222 0.571875 0.869444 0.571875 0.863889 0.573438 0.861111 0.573438 0.844444 0.575 0.841667 0.575 0.833333 0.579687 0.825 0.582812 0.825 0.584375 0.822222 0.5875 0.822222 0.589063 0.819444 0.592188 0.819444 0.59375 0.816667 0.595312 0.816667 0.598437 0.811111 0.6 0.811111 0.6 0.808333 0.60625 0.797222 0.60625 0.794444 0.607813 0.791667 0.607813 0.788889 0.610937 0.783333 0.610937 0.780556 0.6125 0.777778 0.6125 0.775 0.614062 0.772222 0.614062 0.761111 0.6125 0.758333 0.6125 0.75 0.610937 0.747222 0.610937 0.741667 0.609375 0.738889 0.609375 0.733333 0.607813 0.730556 0.607813 0.725 0.60625 0.722222 0.60625 0.716667 0.604688 0.713889 0.604688 0.711111 0.601562 0.705556 0.601562 0.702778 0.6 0.7 0.6 0.697222 0.598437 0.694444 0.598437 0.691667 0.596875 0.688889 0.596875 0.686111 0.595312 0.683333 0.595312 0.677778 0.59375 0.675 0.59375 0.666667 0.592188 0.663889 0.592188 0.661111 0.590625 0.658333 0.590625 0.655556 0.589063 0.652778 0.589063 0.65 0.5875 0.647222 0.5875 0.641667 0.585938 0.638889 0.585938 0.633333 0.584375 0.630556 0.584375 0.627778 0.576563 0.613889 0.575 0.613889 0.560938 0.588889 0.560938 0.586111 0.557813 0.580556 0.553125 0.580556 0.55 0.575 0.55 0.572222 0.548437 0.572222 0.546875 0.569444 0.545313 0.569444 0.535937 0.552778 0.535937 0.536111 0.5375 0.533333 0.5375 0.527778 0.539062 0.525 0.539062 0.519444 0.540625 0.516667 0.540625 0.511111 0.542188 0.508333 0.542188 0.486111 0.54375 0.483333 0.54375 0.427778 0.542188 0.425 0.542188 0.416667 0.540625 0.413889 0.540625 0.411111 0.539062 0.408333 0.539062 0.405556 0.5375 0.402778 0.535937 0.402778 0.532812 0.397222 0.53125 0.397222 0.528125 0.391667 0.528125 0.383333
39 0.046875 0.761111 0.046875 0.833333 0.053125 0.833333 0.05625 0.838889 0.05625 0.847222 0.0703125 0.847222 0.0703125 0.786111 0.065625 0.786111 0.0625 0.780556 0.0625 0.777778 0.0609375 0.775 0.0609375 0.761111
39 0.071875 0.772222 0.071875 0.847222 0.0796875 0.847222 0.0796875 0.838889 0.08125 0.836111 0.08125 0.833333 0.0828125 0.830556 0.0828125 0.827778 0.084375 0.825 0.0890625 0.825 0.0890625 0.772222
72 0.753125 0.427778 0.753125 0.808333 0.759375 0.808333 0.7625 0.813889 0.765625 0.813889 0.767187 0.816667 0.770312 0.816667 0.771875 0.819444 0.778125 0.819444 0.779688 0.822222 0.784375 0.822222 0.785937 0.825 0.789062 0.825 0.790625 0.827778 0.792188 0.827778 0.79375 0.830556 0.796875 0.830556 0.798437 0.833333 0.8 0.833333 0.803125 0.838889 0.803125 0.847222 0.825 0.847222 0.825 0.8 0.826563 0.797222 0.826563 0.788889 0.825 0.786111 0.825 0.713889 0.826563 0.711111 0.826563 0.694444 0.828125 0.691667 0.832812 0.691667 0.832812 0.447222 0.828125 0.447222 0.823438 0.438889 0.823438 0.427778
0 0.484375 0.383333 0.484375 0.391667 0.479688 0.4 0.479688 0.402778 0.476562 0.408333 0.476562 0.411111 0.475 0.413889 0.475 0.416667 0.473437 0.419444 0.473437 0.422222 0.471875 0.425 0.471875 0.441667 0.470313 0.444444 0.470313 0.455556 0.46875 0.458333 0.46875 0.472222 0.470313 0.475 0.470313 0.505556 0.46875 0.508333 0.46875 0.513889 0.453125 0.541667 0.451562 0.541667 0.45 0.544444 0.448438 0.544444 0.446875 0.547222 0.445312 0.547222 0.442187 0.552778 0.440625 0.552778 0.439063 0.555556 0.4375 0.555556 0.434375 0.561111 0.432813 0.561111 0.429688 0.566667 0.428125 0.566667 0.425 0.572222 0.423438 0.572222 0.421875 0.575 0.420312 0.575 0.415625 0.583333 0.415625 0.586111 0.4125 0.591667 0.4125 0.594444 0.407813 0.602778 0.407813 0.605556 0.40625 0.608333 0.40625 0.611111 0.403125 0.616667 0.403125 0.619444 0.401563 0.622222 0.401563 0.625 0.4 0.627778 0.4 0.630556 0.398438 0.633333 0.398438 0.636111 0.396875 0.638889 0.396875 0.644444 0.395312 0.647222 0.395312 0.655556 0.39375 0.658333 0.39375 0.663889 0.392188 0.666667 0.392188 0.672222 0.390625 0.675 0.390625 0.677778 0.389062 0.680556 0.384375 0.680556 0.384375 0.847222 0.390625 0.847222 0.392188 0.85 0.392188 0.852778 0.39375 0.855556 0.395312 0.855556 0.396875 0.858333 0.401563 0.858333 0.403125 0.861111 0.414062 0.861111 0.417188 0.866667 0.417188 0.869444 0.41875 0.872222 0.41875 0.875 0.420312 0.877778 0.420312 0.880556 0.421875 0.883333 0.421875 0.891667 0.423438 0.894444 0.423438 1 0.575 1 0.575 0.983333 0.576563 0.980556 0.576563 0.969444 0.575 0.966667 0.575 0.947222 0.573438 0.944444 0.573438 0.925 0.571875 0.922222 0.571875 0.908333 0.570312 0.905556 0.570312 0.872222 0.571875 0.869444 0.571875 0.863889 0.573438 0.861111 0.573438 0.844444 0.575 0.841667 0.575 0.833333 0.579687 0.825 0.582812 0.825 0.584375 0.822222 0.5875 0.822222 0.589063 0.819444 0.592188 0.819444 0.59375 0.816667 0.595312 0.816667 0.598437 0.811111 0.6 0.811111 0.6 0.808333 0.60625 0.797222 0.60625 0.794444 0.607813 0.791667 0.607813 0.788889 0.610937 0.783333 0.610937 0.780556 0.6125 0.777778 0.6125 0.775 0.614062 0.772222 0.614062 0.761111 0.6125 0.758333 0.6125 0.75 0.610937 0.747222 0.610937 0.741667 0.609375 0.738889 0.609375 0.733333 0.607813 0.730556 0.607813 0.725 0.60625 0.722222 0.60625 0.716667 0.604688 0.713889 0.604688 0.711111 0.601562 0.705556 0.601562 0.702778 0.6 0.7 0.6 0.697222 0.598437 0.694444 0.598437 0.691667 0.596875 0.688889 0.596875 0.686111 0.595312 0.683333 0.595312 0.677778 0.59375 0.675 0.59375 0.666667 0.592188 0.663889 0.592188 0.661111 0.590625 0.658333 0.590625 0.655556 0.589063 0.652778 0.589063 0.65 0.5875 0.647222 0.5875 0.641667 0.585938 0.638889 0.585938 0.633333 0.584375 0.630556 0.584375 0.627778 0.576563 0.613889 0.575 0.613889 0.560938 0.588889 0.560938 0.586111 0.557813 0.580556 0.553125 0.580556 0.55 0.575 0.55 0.572222 0.548437 0.572222 0.546875 0.569444 0.545313 0.569444 0.535937 0.552778 0.535937 0.536111 0.5375 0.533333 0.5375 0.527778 0.539062 0.525 0.539062 0.519444 0.540625 0.516667 0.540625 0.511111 0.542188 0.508333 0.542188 0.486111 0.54375 0.483333 0.54375 0.427778 0.542188 0.425 0.542188 0.416667 0.540625 0.413889 0.540625 0.411111 0.539062 0.408333 0.539062 0.405556 0.5375 0.402778 0.535937 0.402778 0.532812 0.397222 0.53125 0.397222 0.528125 0.391667 0.528125 0.383333
39 0.046875 0.761111 0.046875 0.833333 0.053125 0.833333 0.05625 0.838889 0.05625 0.847222 0.0703125 0.847222 0.0703125 0.786111 0.065625 0.786111 0.0625 0.780556 0.0625 0.777778 0.0609375 0.775 0.0609375 0.761111
39 0.071875 0.772222 0.071875 0.847222 0.0796875 0.847222 0.0796875 0.838889 0.08125 0.836111 0.08125 0.833333 0.0828125 0.830556 0.0828125 0.827778 0.084375 0.825 0.0890625 0.825 0.0890625 0.772222
72 0.753125 0.427778 0.753125 0.808333 0.759375 0.808333 0.7625 0.813889 0.765625 0.813889 0.767187 0.816667 0.770312 0.816667 0.771875 0.819444 0.778125 0.819444 0.779688 0.822222 0.784375 0.822222 0.785937 0.825 0.789062 0.825 0.790625 0.827778 0.792188 0.827778 0.79375 0.830556 0.796875 0.830556 0.798437 0.833333 0.8 0.833333 0.803125 0.838889 0.803125 0.847222 0.825 0.847222 0.825 0.8 0.826563 0.797222 0.826563 0.788889 0.825 0.786111 0.825 0.713889 0.826563 0.711111 0.826563 0.694444 0.828125 0.691667 0.832812 0.691667 0.832812 0.447222 0.828125 0.447222 0.823438 0.438889 0.823438 0.427778
