62 0.159375 0.0388889 0.159375 0.838889 0.164062 0.838889 0.16875 0.847222 0.16875 0.85 0.175 0.861111 0.176563 0.861111 0.179688 0.866667 0.18125 0.866667 0.185937 0.875 0.189063 0.875 0.192188 0.880556 0.19375 0.880556 0.195312 0.883333 0.201562 0.883333 0.203125 0.886111 0.207813 0.886111 0.209375 0.888889 0.21875 0.888889 0.220313 0.891667 0.259375 0.891667 0.260938 0.894444 0.26875 0.894444 0.270312 0.897222 0.28125 0.897222 0.282813 0.9 0.317187 0.9 0.31875 0.902778 0.323438 0.902778 0.325 0.905556 0.339063 0.905556 0.340625 0.908333 0.351562 0.908333 0.353125 0.911111 0.35625 0.911111 0.357812 0.913889 0.38125 0.913889 0.382812 0.911111 0.39375 0.911111 0.395312 0.913889 0.407813 0.913889 0.409375 0.916667 0.41875 0.916667 0.420312 0.919444 0.432813 0.919444 0.434375 0.922222 0.45 0.922222 0.451562 0.925 0.464063 0.925 0.465625 0.922222 0.473437 0.922222 0.475 0.925 0.489062 0.925 0.490625 0.927778 0.496875 0.927778 0.498437 0.930556 0.510938 0.930556 0.5125 0.933333 0.51875 0.933333 0.520312 0.936111 0.526563 0.936111 0.528125 0.938889 0.546875 0.938889 0.548437 0.941667 0.560938 0.941667 0.5625 0.944444 0.576563 0.944444 0.578125 0.947222 0.589063 0.947222 0.590625 0.95 0.601562 0.95 0.603125 0.952778 0.617188 0.952778 0.61875 0.955556 0.63125 0.955556 0.632812 0.958333 0.654688 0.958333 0.65625 0.961111 0.671875 0.961111 0.673437 0.963889 0.682813 0.963889 0.684375 0.966667 0.698438 0.966667 0.7 0.969444 0.704687 0.969444 0.70625 0.972222 0.70625 0.980556 0.840625 0.980556 0.840625 0.972222 0.845312 0.963889 0.846875 0.963889 0.848437 0.961111 0.853125 0.961111 0.85625 0.955556 0.857813 0.955556 0.859375 0.952778 0.8625 0.952778 0.864062 0.95 0.865625 0.95 0.870313 0.941667 0.871875 0.941667 0.873438 0.938889 0.875 0.938889 0.876562 0.936111 0.878125 0.936111 0.882812 0.927778 0.884375 0.927778 0.884375 0.925 0.889063 0.916667 0.889063 0.913889 0.890625 0.911111 0.890625 0.891667 0.892187 0.888889 0.892187 0.833333 0.89375 0.830556 0.89375 0.788889 0.895312 0.786111 0.895312 0.769444 0.896875 0.766667 0.896875 0.755556 0.898438 0.752778 0.898438 0.725 0.9 0.722222 0.9 0.705556 0.901563 0.702778 0.901563 0.688889 0.9 0.686111 0.9 0.608333 0.901563 0.605556 0.901563 0.536111 0.903125 0.533333 0.903125 0.488889 0.904688 0.486111 0.904688 0.452778 0.90625 0.45 0.90625 0.422222 0.907812 0.419444 0.907812 0.363889 0.909375 0.361111 0.909375 0.313889 0.910937 0.311111 0.910937 0.286111 0.9125 0.283333 0.9125 0.261111 0.914062 0.258333 0.914062 0.222222 0.915625 0.219444 0.920313 0.219444 0.920313 0.0888889 0.915625 0.0888889 0.914062 0.0861111 0.9125 0.0861111 0.910937 0.0833333 0.904688 0.0833333 0.903125 0.0805556 0.890625 0.0805556 0.889063 0.0777778 0.871875 0.0777778 0.870313 0.075 0.853125 0.075 0.851562 0.0722222 0.832812 0.0722222 0.83125 0.0694444 0.79375 0.0694444 0.792188 0.0666667 0.76875 0.0666667 0.767187 0.0638889 0.748438 0.0638889 0.746875 0.0611111 0.640625 0.0611111 0.639063 0.0583333 0.603125 0.0583333 0.601562 0.0555556 0.554688 0.0555556 0.553125 0.0527778 0.503125 0.0527778 0.501562 0.05 0.5 0.05 0.498437 0.0527778 0.495313 0.0527778 0.49375 0.05 0.478125 0.05 0.476562 0.0472222 0.476562 0.0388889
67 0.159375 0.0388889 0.159375 0.838889 0.164062 0.838889 0.16875 0.847222 0.16875 0.85 0.175 0.861111 0.176563 0.861111 0.179688 0.866667 0.18125 0.866667 0.185937 0.875 0.189063 0.875 0.192188 0.880556 0.19375 0.880556 0.195312 0.883333 0.201562 0.883333 0.203125 0.886111 0.207813 0.886111 0.209375 0.888889 0.21875 0.888889 0.220313 0.891667 0.259375 0.891667 0.260938 0.894444 0.26875 0.894444 0.270312 0.897222 0.28125 0.897222 0.282813 0.9 0.317187 0.9 0.31875 0.902778 0.323438 0.902778 0.325 0.905556 0.339063 0.905556 0.340625 0.908333 0.351562 0.908333 0.353125 0.911111 0.35625 0.911111 0.357812 0.913889 0.38125 0.913889 0.382812 0.911111 0.39375 0.911111 0.395312 0.913889 0.407813 0.913889 0.409375 0.916667 0.41875 0.916667 0.420312 0.919444 0.432813 0.919444 0.434375 0.922222 0.45 0.922222 0.451562 0.925 0.464063 0.925 0.465625 0.922222 0.473437 0.922222 0.475 0.925 0.489062 0.925 0.490625 0.927778 0.496875 0.927778 0.498437 0.930556 0.510938 0.930556 0.5125 0.933333 0.51875 0.933333 0.520312 0.936111 0.526563 0.936111 0.528125 0.938889 0.546875 0.938889 0.548437 0.941667 0.560938 0.941667 0.5625 0.944444 0.576563 0.944444 0.578125 0.947222 0.589063 0.947222 0.590625 0.95 0.601562 0.95 0.603125 0.952778 0.617188 0.952778 0.61875 0.955556 0.63125 0.955556 0.632812 0.958333 0.654688 0.958333 0.65625 0.961111 0.671875 0.961111 0.673437 0.963889 0.682813 0.963889 0.684375 0.966667 0.698438 0.966667 0.7 0.969444 0.704687 0.969444 0.70625 0.972222 0.70625 0.980556 0.840625 0.980556 0.840625 0.972222 0.845312 0.963889 0.846875 0.963889 0.848437 0.961111 0.853125 0.961111 0.85625 0.955556 0.857813 0.955556 0.859375 0.952778 0.8625 0.952778 0.864062 0.95 0.865625 0.95 0.870313 0.941667 0.871875 0.941667 0.873438 0.938889 0.875 0.938889 0.876562 0.936111 0.878125 0.936111 0.882812 0.927778 0.884375 0.927778 0.884375 0.925 0.889063 0.916667 0.889063 0.913889 0.890625 0.911111 0.890625 0.891667 0.892187 0.888889 0.892187 0.833333 0.89375 0.830556 0.89375 0.788889 0.895312 0.786111 0.895312 0.769444 0.896875 0.766667 0.896875 0.755556 0.898438 0.752778 0.898438 0.725 0.9 0.722222 0.9 0.705556 0.901563 0.702778 0.901563 0.688889 0.9 0.686111 0.9 0.608333 0.901563 0.605556 0.901563 0.536111 0.903125 0.533333 0.903125 0.488889 0.904688 0.486111 0.904688 0.452778 0.90625 0.45 0.90625 0.422222 0.907812 0.419444 0.907812 0.363889 0.909375 0.361111 0.909375 0.313889 0.910937 0.311111 0.910937 0.286111 0.9125 0.283333 0.9125 0.261111 0.914062 0.258333 0.914062 0.222222 0.915625 0.219444 0.920313 0.219444 0.920313 0.0888889 0.915625 0.0888889 0.914062 0.0861111 0.9125 0.0861111 0.910937 0.0833333 0.904688 0.0833333 0.903125 0.0805556 0.890625 0.0805556 0.889063 0.0777778 0.871875 0.0777778 0.870313 0.075 0.853125 0.075 0.851562 0.0722222 0.832812 0.0722222 0.83125 0.0694444 0.79375 0.0694444 0.792188 0.0666667 0.76875 0.0666667 0.767187 0.0638889 0.748438 0.0638889 0.746875 0.0611111 0.640625 0.0611111 0.639063 0.0583333 0.603125 0.0583333 0.601562 0.0555556 0.554688 0.0555556 0.553125 0.0527778 0.503125 0.0527778 0.501562 0.05 0.5 0.05 0.498437 0.0527778 0.495313 0.0527778 0.49375 0.05 0.478125 0.05 0.476562 0.0472222 0.476562 0.0388889
62 0.159375 0.0388889 0.159375 0.838889 0.164062 0.838889 0.16875 0.847222 0.16875 0.85 0.175 0.861111 0.176563 0.861111 0.179688 0.866667 0.18125 0.866667 0.185937 0.875 0.189063 0.875 0.192188 0.880556 0.19375 0.880556 0.195312 0.883333 0.201562 0.883333 0.203125 0.886111 0.207813 0.886111 0.209375 0.888889 0.21875 0.888889 0.220313 0.891667 0.259375 0.891667 0.260938 0.894444 0.26875 0.894444 0.270312 0.897222 0.28125 0.897222 0.282813 0.9 0.317187 0.9 0.31875 0.902778 0.323438 0.902778 0.325 0.905556 0.339063 0.905556 0.340625 0.908333 0.351562 0.908333 0.353125 0.911111 0.35625 0.911111 0.357812 0.913889 0.38125 0.913889 0.382812 0.911111 0.39375 0.911111 0.395312 0.913889 0.407813 0.913889 0.409375 0.916667 0.41875 0.916667 0.420312 0.919444 0.432813 0.919444 0.434375 0.922222 0.45 0.922222 0.451562 0.925 0.464063 0.925 0.465625 0.922222 0.473437 0.922222 0.475 0.925 0.489062 0.925 0.490625 0.927778 0.496875 0.927778 0.498437 0.930556 0.510938 0.930556 0.5125 0.933333 0.51875 0.933333 0.520312 0.936111 0.526563 0.936111 0.528125 0.938889 0.546875 0.938889 0.548437 0.941667 0.560938 0.941667 0.5625 0.944444 0.576563 0.944444 0.578125 0.947222 0.589063 0.947222 0.590625 0.95 0.601562 0.95 0.603125 0.952778 0.617188 0.952778 0.61875 0.955556 0.63125 0.955556 0.632812 0.958333 0.654688 0.958333 0.65625 0.961111 0.671875 0.961111 0.673437 0.963889 0.682813 0.963889 0.684375 0.966667 0.698438 0.966667 0.7 0.969444 0.704687 0.969444 0.70625 0.972222 0.70625 0.980556 0.840625 0.980556 0.840625 0.972222 0.845312 0.963889 0.846875 0.963889 0.848437 0.961111 0.853125 0.961111 0.85625 0.955556 0.857813 0.955556 0.859375 0.952778 0.8625 0.952778 0.864062 0.95 0.865625 0.95 0.870313 0.941667 0.871875 0.941667 0.873438 0.938889 0.875 0.938889 0.876562 0.936111 0.878125 0.936111 0.882812 0.927778 0.884375 0.927778 0.884375 0.925 0.889063 0.916667 0.889063 0.913889 0.890625 0.911111 0.890625 0.891667 0.892187 0.888889 0.892187 0.833333 0.89375 0.830556 0.89375 0.788889 0.895312 0.786111 0.895312 0.769444 0.896875 0.766667 0.896875 0.755556 0.898438 0.752778 0.898438 0.725 0.9 0.722222 0.9 0.705556 0.901563 0.702778 0.901563 0.688889 0.9 0.686111 0.9 0.608333 0.901563 0.605556 0.901563 0.536111 0.903125 0.533333 0.903125 0.488889 0.904688 0.486111 0.904688 0.452778 0.90625 0.45 0.90625 0.422222 0.907812 0.419444 0.907812 0.363889 0.909375 0.361111 0.909375 0.313889 0.910937 0.311111 0.910937 0.286111 0.9125 0.283333 0.9125 0.261111 0.914062 0.258333 0.914062 0.222222 0.915625 0.219444 0.920313 0.219444 0.920313 0.0888889 0.915625 0.0888889 0.914062 0.0861111 0.9125 0.0861111 0.910937 0.0833333 0.904688 0.0833333 0.903125 0.0805556 0.890625 0.0805556 0.889063 0.0777778 0.871875 0.0777778 0.870313 0.075 0.853125 0.075 0.851562 0.0722222 0.832812 0.0722222 0.83125 0.0694444 0.79375 0.0694444 0.792188 0.0666667 0.76875 0.0666667 0.767187 0.0638889 0.748438 0.0638889 0.746875 0.0611111 0.640625 0.0611111 0.639063 0.0583333 0.603125 0.0583333 0.601562 0.0555556 0.554688 0.0555556 0.553125 0.0527778 0.503125 0.0527778 0.501562 0.05 0.5 0.05 0.498437 0.0527778 0.495313 0.0527778 0.49375 0.05 0.478125 0.05 0.476562 0.0472222 0.476562 0.0388889
67 0.159375 0.0388889 0.159375 0.838889 0.164062 0.838889 0.16875 0.847222 0.16875 0.85 0.175 0.861111 0.176563 0.861111 0.179688 0.866667 0.18125 0.866667 0.185937 0.875 0.189063 0.875 0.192188 0.880556 0.19375 0.880556 0.195312 0.883333 0.201562 0.883333 0.203125 0.886111 0.207813 0.886111 0.209375 0.888889 0.21875 0.888889 0.220313 0.891667 0.259375 0.891667 0.260938 0.894444 0.26875 0.894444 0.270312 0.897222 0.28125 0.897222 0.282813 0.9 0.317187 0.9 0.31875 0.902778 0.323438 0.902778 0.325 0.905556 0.339063 0.905556 0.340625 0.908333 0.351562 0.908333 0.353125 0.911111 0.35625 0.911111 0.357812 0.913889 0.38125 0.913889 0.382812 0.911111 0.39375 0.911111 0.395312 0.913889 0.407813 0.913889 0.409375 0.916667 0.41875 0.916667 0.420312 0.919444 0.432813 0.919444 0.434375 0.922222 0.45 0.922222 0.451562 0.925 0.464063 0.925 0.465625 0.922222 0.473437 0.922222 0.475 0.925 0.489062 0.925 0.490625 0.927778 0.496875 0.927778 0.498437 0.930556 0.510938 0.930556 0.5125 0.933333 0.51875 0.933333 0.520312 0.936111 0.526563 0.936111 0.528125 0.938889 0.546875 0.938889 0.548437 0.941667 0.560938 0.941667 0.5625 0.944444 0.576563 0.944444 0.578125 0.947222 0.589063 0.947222 0.590625 0.95 0.601562 0.95 0.603125 0.952778 0.617188 0.952778 0.61875 0.955556 0.63125 0.955556 0.632812 0.958333 0.654688 0.958333 0.65625 0.961111 0.671875 0.961111 0.673437 0.963889 0.682813 0.963889 0.684375 0.966667 0.698438 0.966667 0.7 0.969444 0.704687 0.969444 0.70625 0.972222 0.70625 0.980556 0.840625 0.980556 0.840625 0.972222 0.845312 0.963889 0.846875 0.963889 0.848437 0.961111 0.853125 0.961111 0.85625 0.955556 0.857813 0.955556 0.859375 0.952778 0.8625 0.952778 0.864062 0.95 0.865625 0.95 0.870313 0.941667 0.871875 0.941667 0.873438 0.938889 0.875 0.938889 0.876562 0.936111 0.878125 0.936111 0.882812 0.927778 0.884375 0.927778 0.884375 0.925 0.889063 0.916667 0.889063 0.913889 0.890625 0.911111 0.890625 0.891667 0.892187 0.888889 0.892187 0.833333 0.89375 0.830556 0.89375 0.788889 0.895312 0.786111 0.895312 0.769444 0.896875 0.766667 0.896875 0.755556 0.898438 0.752778 0.898438 0.725 0.9 0.722222 0.9 0.705556 0.901563 0.702778 0.901563 0.688889 0.9 0.686111 0.9 0.608333 0.901563 0.605556 0.901563 0.536111 0.903125 0.533333 0.903125 0.488889 0.904688 0.486111 0.904688 0.452778 0.90625 0.45 0.90625 0.422222 0.907812 0.419444 0.907812 0.363889 0.909375 0.361111 0.909375 0.313889 0.910937 0.311111 0.910937 0.286111 0.9125 0.283333 0.9125 0.261111 0.914062 0.258333 0.914062 0.222222 0.915625 0.219444 0.920313 0.219444 0.920313 0.0888889 0.915625 0.0888889 0.914062 0.0861111 0.9125 0.0861111 0.910937 0.0833333 0.904688 0.0833333 0.903125 0.0805556 0.890625 0.0805556 0.889063 0.0777778 0.871875 0.0777778 0.870313 0.075 0.853125 0.075 0.851562 0.0722222 0.832812 0.0722222 0.83125 0.0694444 0.79375 0.0694444 0.792188 0.0666667 0.76875 0.0666667 0.767187 0.0638889 0.748438 0.0638889 0.746875 0.0611111 0.640625 0.0611111 0.639063 0.0583333 0.603125 0.0583333 0.601562 0.0555556 0.554688 0.0555556 0.553125 0.0527778 0.503125 0.0527778 0.501562 0.05 0.5 0.05 0.498437 0.0527778 0.495313 0.0527778 0.49375 0.05 0.478125 0.05 0.476562 0.0472222 0.476562 0.0388889
62 0.159375 0.0388889 0.159375 0.838889 0.164062 0.838889 0.16875 0.847222 0.16875 0.85 0.175 0.861111 0.176563 0.861111 0.179688 0.866667 0.18125 0.866667 0.185937 0.875 0.189063 0.875 0.192188 0.880556 0.19375 0.880556 0.195312 0.883333 0.201562 0.883333 0.203125 0.886111 0.207813 0.886111 0.209375 0.888889 0.21875 0.888889 0.220313 0.891667 0.259375 0.891667 0.260938 0.894444 0.26875 0.894444 0.270312 0.897222 0.28125 0.897222 0.282813 0.9 0.317187 0.9 0.31875 0.902778 0.323438 0.902778 0.325 0.905556 0.339063 0.905556 0.340625 0.908333 0.351562 0.908333 0.353125 0.911111 0.35625 0.911111 0.357812 0.913889 0.38125 0.913889 0.382812 0.911111 0.39375 0.911111 0.395312 0.913889 0.407813 0.913889 0.409375 0.916667 0.41875 0.916667 0.420312 0.919444 0.432813 0.919444 0.434375 0.922222 0.45 0.922222 0.451562 0.925 0.464063 0.925 0.465625 0.922222 0.473437 0.922222 0.475 0.925 0.489062 0.925 0.490625 0.927778 0.496875 0.927778 0.498437 0.930556 0.510938 0.930556 0.5125 0.933333 0.51875 0.933333 0.520312 0.936111 0.526563 0.936111 0.528125 0.938889 0.546875 0.938889 0.548437 0.941667 0.560938 0.941667 0.5625 0.944444 0.576563 0.944444 0.578125 0.947222 0.589063 0.947222 0.590625 0.95 0.601562 0.95 0.603125 0.952778 0.617188 0.952778 0.61875 0.955556 0.63125 0.955556 0.632812 0.958333 0.654688 0.958333 0.65625 0.961111 0.671875 0.961111 0.673437 0.963889 0.682813 0.963889 0.684375 0.966667 0.698438 0.966667 0.7 0.969444 0.704687 0.969444 0.70625 0.972222 0.70625 0.980556 0.840625 0.980556 0.840625 0.972222 0.845312 0.963889 0.846875 0.963889 0.848437 0.961111 0.853125 0.961111 0.85625 0.955556 0.857813 0.955556 0.859375 0.952778 0.8625 0.952778 0.864062 0.95 0.865625 0.95 0.870313 0.941667 0.871875 0.941667 0.873438 0.938889 0.875 0.938889 0.876562 0.936111 0.878125 0.936111 0.882812 0.927778 0.884375 0.927778 0.884375 0.925 0.889063 0.916667 0.889063 0.913889 0.890625 0.911111 0.890625 0.891667 0.892187 0.888889 0.892187 0.833333 0.89375 0.830556 0.89375 0.788889 0.895312 0.786111 0.895312 0.769444 0.896875 0.766667 0.896875 0.755556 0.898438 0.752778 0.898438 0.725 0.9 0.722222 0.9 0.705556 0.901563 0.702778 0.901563 0.688889 0.9 0.686111 0.9 0.608333 0.901563 0.605556 0.901563 0.536111 0.903125 0.533333 0.903125 0.488889 0.904688 0.486111 0.904688 0.452778 0.90625 0.45 0.90625 0.422222 0.907812 0.419444 0.907812 0.363889 0.909375 0.361111 0.909375 0.313889 0.910937 0.311111 0.910937 0.286111 0.9125 0.283333 0.9125 0.261111 0.914062 0.258333 0.914062 0.222222 0.915625 0.219444 0.920313 0.219444 0.920313 0.0888889 0.915625 0.0888889 0.914062 0.0861111 0.9125 0.0861111 0.910937 0.0833333 0.904688 0.0833333 0.903125 0.0805556 0.890625 0.0805556 0.889063 0.0777778 0.871875 0.0777778 0.870313 0.075 0.853125 0.075 0.851562 0.0722222 0.832812 0.0722222 0.83125 0.0694444 0.79375 0.0694444 0.792188 0.0666667 0.76875 0.0666667 0.767187 0.0638889 0.748438 0.0638889 0.746875 0.0611111 0.640625 0.0611111 0.639063 0.0583333 0.603125 0.0583333 0.601562 0.0555556 0.554688 0.0555556 0.553125 0.0527778 0.503125 0.0527778 0.501562 0.05 0.5 0.05 0.498437 0.0527778 0.495313 0.0527778 0.49375 0.05 0.478125 0.05 0.476562 0.0472222 0.476562 0.0388889
67 0.159375 0.0388889 0.159375 0.838889 0.164062 0.838889 0.16875 0.847222 0.16875 0.85 0.175 0.861111 0.176563 0.861111 0.179688 0.866667 0.18125 0.866667 0.185937 0.875 0.189063 0.875 0.192188 0.880556 0.19375 0.880556 0.195312 0.883333 0.201562 0.883333 0.203125 0.886111 0.207813 0.886111 0.209375 0.888889 0.21875 0.888889 0.220313 0.891667 0.259375 0.891667 0.260938 0.894444 0.26875 0.894444 0.270312 0.897222 0.28125 0.897222 0.282813 0.9 0.317187 0.9 0.31875 0.902778 0.323438 0.902778 0.325 0.905556 0.339063 0.905556 0.340625 0.908333 0.351562 0.908333 0.353125 0.911111 0.35625 0.911111 0.357812 0.913889 0.38125 0.913889 0.382812 0.911111 0.39375 0.911111 0.395312 0.913889 0.407813 0.913889 0.409375 0.916667 0.41875 0.916667 0.420312 0.919444 0.432813 0.919444 0.434375 0.922222 0.45 0.922222 0.451562 0.925 0.464063 0.925 0.465625 0.922222 0.473437 0.922222 0.475 0.925 0.489062 0.925 0.490625 0.927778 0.496875 0.927778 0.498437 0.930556 0.510938 0.930556 0.5125 0.933333 0.51875 0.933333 0.520312 0.936111 0.526563 0.936111 0.528125 0.938889 0.546875 0.938889 0.548437 0.941667 0.560938 0.941667 0.5625 0.944444 0.576563 0.944444 0.578125 0.947222 0.589063 0.947222 0.590625 0.95 0.601562 0.95 0.603125 0.952778 0.617188 0.952778 0.61875 0.955556 0.63125 0.955556 0.632812 0.958333 0.654688 0.958333 0.65625 0.961111 0.671875 0.961111 0.673437 0.963889 0.682813 0.963889 0.684375 0.966667 0.698438 0.966667 0.7 0.969444 0.704687 0.969444 0.70625 0.972222 0.70625 0.980556 0.840625 0.980556 0.840625 0.972222 0.845312 0.963889 0.846875 0.963889 0.848437 0.961111 0.853125 0.961111 0.85625 0.955556 0.857813 0.955556 0.859375 0.952778 0.8625 0.952778 0.864062 0.95 0.865625 0.95 0.870313 0.941667 0.871875 0.941667 0.873438 0.938889 0.875 0.938889 0.876562 0.936111 0.878125 0.936111 0.882812 0.927778 0.884375 0.927778 0.884375 0.925 0.889063 0.916667 0.889063 0.913889 0.890625 0.911111 0.890625 0.891667 0.892187 0.888889 0.892187 0.833333 0.89375 0.830556 0.89375 0.788889 0.895312 0.786111 0.895312 0.769444 0.896875 0.766667 0.896875 0.755556 0.898438 0.752778 0.898438 0.725 0.9 0.722222 0.9 0.705556 0.901563 0.702778 0.901563 0.688889 0.9 0.686111 0.9 0.608333 0.901563 0.605556 0.901563 0.536111 0.903125 0.533333 0.903125 0.488889 0.904688 0.486111 0.904688 0.452778 0.90625 0.45 0.90625 0.422222 0.907812 0.419444 0.907812 0.363889 0.909375 0.361111 0.909375 0.313889 0.910937 0.311111 0.910937 0.286111 0.9125 0.283333 0.9125 0.261111 0.914062 0.258333 0.914062 0.222222 0.915625 0.219444 0.920313 0.219444 0.920313 0.0888889 0.915625 0.0888889 0.914062 0.0861111 0.9125 0.0861111 0.910937 0.0833333 0.904688 0.0833333 0.903125 0.0805556 0.890625 0.0805556 0.889063 0.0777778 0.871875 0.0777778 0.870313 0.075 0.853125 0.075 0.851562 0.0722222 0.832812 0.0722222 0.83125 0.0694444 0.79375 0.0694444 0.792188 0.0666667 0.76875 0.0666667 0.767187 0.0638889 0.748438 0.0638889 0.746875 0.0611111 0.640625 0.0611111 0.639063 0.0583333 0.603125 0.0583333 0.601562 0.0555556 0.554688 0.0555556 0.553125 0.0527778 0.503125 0.0527778 0.501562 0.05 0.5 0.05 0.498437 0.0527778 0.495313 0.0527778 0.49375 0.05 0.478125 0.05 0.476562 0.0472222 0.476562 0.0388889
62 0.159375 0.0388889 0.159375 0.838889 0.164062 0.838889 0.16875 0.847222 0.16875 0.85 0.175 0.861111 0.176563 0.861111 0.179688 0.866667 0.18125 0.866667 0.185937 0.875 0.189063 0.875 0.192188 0.880556 0.19375 0.880556 0.195312 0.883333 0.201562 0.883333 0.203125 0.886111 0.207813 0.886111 0.209375 0.888889 0.21875 0.888889 0.220313 0.891667 0.259375 0.891667 0.260938 0.894444 0.26875 0.894444 0.270312 0.897222 0.28125 0.897222 0.282813 0.9 0.317187 0.9 0.31875 0.902778 0.323438 0.902778 0.325 0.905556 0.339063 0.905556 0.340625 0.908333 0.351562 0.908333 0.353125 0.911111 0.35625 0.911111 0.357812 0.913889 0.38125 0.913889 0.382812 0.911111 0.39375 0.911111 0.395312 0.913889 0.407813 0.913889 0.409375 0.916667 0.41875 0.916667 0.420312 0.919444 0.432813 0.919444 0.434375 0.922222 0.45 0.922222 0.451562 0.925 0.464063 0.925 0.465625 0.922222 0.473437 0.922222 0.475 0.925 0.489062 0.925 0.490625 0.927778 0.496875 0.927778 0.498437 0.930556 0.510938 0.930556 0.5125 0.933333 0.51875 0.933333 0.520312 0.936111 0.526563 0.936111 0.528125 0.938889 0.546875 0.938889 0.548437 0.941667 0.560938 0.941667 0.5625 0.944444 0.576563 0.944444 0.578125 0.947222 0.589063 0.947222 0.590625 0.95 0.601562 0.95 0.603125 0.952778 0.617188 0.952778 0.61875 0.955556 0.63125 0.955556 0.632812 0.958333 0.654688 0.958333 0.65625 0.961111 0.671875 0.961111 0.673437 0.963889 0.682813 0.963889 0.684375 0.966667 0.698438 0.966667 0.7 0.969444 0.704687 0.969444 0.70625 0.972222 0.70625 0.980556 0.840625 0.980556 0.840625 0.972222 0.845312 0.963889 0.846875 0.963889 0.848437 0.961111 0.853125 0.961111 0.85625 0.955556 0.857813 0.955556 0.859375 0.952778 0.8625 0.952778 0.864062 0.95 0.865625 0.95 0.870313 0.941667 0.871875 0.941667 0.873438 0.938889 0.875 0.938889 0.876562 0.936111 0.878125 0.936111 0.882812 0.927778 0.884375 0.927778 0.884375 0.925 0.889063 0.916667 0.889063 0.913889 0.890625 0.911111 0.890625 0.891667 0.892187 0.888889 0.892187 0.833333 0.89375 0.830556 0.89375 0.788889 0.895312 0.786111 0.895312 0.769444 0.896875 0.766667 0.896875 0.755556 0.898438 0.752778 0.898438 0.725 0.9 0.722222 0.9 0.705556 0.901563 0.702778 0.901563 0.688889 0.9 0.686111 0.9 0.608333 0.901563 0.605556 0.901563 0.536111 0.903125 0.533333 0.903125 0.488889 0.904688 0.486111 0.904688 0.452778 0.90625 0.45 0.90625 0.422222 0.907812 0.419444 0.907812 0.363889 0.909375 0.361111 0.909375 0.313889 0.910937 0.311111 0.910937 0.286111 0.9125 0.283333 0.9125 0.261111 0.914062 0.258333 0.914062 0.222222 0.915625 0.219444 0.920313 0.219444 0.920313 0.0888889 0.915625 0.0888889 0.914062 0.0861111 0.9125 0.0861111 0.910937 0.0833333 0.904688 0.0833333 0.903125 0.0805556 0.890625 0.0805556 0.889063 0.0777778 0.871875 0.0777778 0.870313 0.075 0.853125 0.075 0.851562 0.0722222 0.832812 0.0722222 0.83125 0.0694444 0.79375 0.0694444 0.792188 0.0666667 0.76875 0.0666667 0.767187 0.0638889 0.748438 0.0638889 0.746875 0.0611111 0.640625 0.0611111 0.639063 0.0583333 0.603125 0.0583333 0.601562 0.0555556 0.554688 0.0555556 0.553125 0.0527778 0.503125 0.0527778 0.501562 0.05 0.5 0.05 0.498437 0.0527778 0.495313 0.0527778 0.49375 0.05 0.478125 0.05 0.476562 0.0472222 0.476562 0.0388889
67 0.159375 0.0388889 0.159375 0.838889 0.164062 0.838889 0.16875 0.847222 0.16875 0.85 0.175 0.861111 0.176563 0.861111 0.179688 0.866667 0.18125 0.866667 0.185937 0.875 0.189063 0.875 0.192188 0.880556 0.19375 0.880556 0.195312 0.883333 0.201562 0.883333 0.203125 0.886111 0.207813 0.886111 0.209375 0.888889 0.21875 0.888889 0.220313 0.891667 0.259375 0.891667 0.260938 0.894444 0.26875 0.894444 0.270312 0.897222 0.28125 0.897222 0.282813 0.9 0.317187 0.9 0.31875 0.902778 0.323438 0.902778 0.325 0.905556 0.339063 0.905556 0.340625 0.908333 0.351562 0.908333 0.353125 0.911111 0.35625 0.911111 0.357812 0.913889 0.38125 0.913889 0.382812 0.911111 0.39375 0.911111 0.395312 0.913889 0.407813 0.913889 0.409375 0.916667 0.41875 0.916667 0.420312 0.919444 0.432813 0.919444 0.434375 0.922222 0.45 0.922222 0.451562 0.925 0.464063 0.925 0.465625 0.922222 0.473437 0.922222 0.475 0.925 0.489062 0.925 0.490625 0.927778 0.496875 0.927778 0.498437 0.930556 0.510938 0.930556 0.5125 0.933333 0.51875 0.933333 0.520312 0.936111 0.526563 0.936111 0.528125 0.938889 0.546875 0.938889 0.548437 0.941667 0.560938 0.941667 0.5625 0.944444 0.576563 0.944444 0.578125 0.947222 0.589063 0.947222 0.590625 0.95 0.601562 0.95 0.603125 0.952778 0.617188 0.952778 0.61875 0.955556 0.63125 0.955556 0.632812 0.958333 0.654688 0.958333 0.65625 0.961111 0.671875 0.961111 0.673437 0.963889 0.682813 0.963889 0.684375 0.966667 0.698438 0.966667 0.7 0.969444 0.704687 0.969444 0.70625 0.972222 0.70625 0.980556 0.840625 0.980556 0.840625 0.972222 0.845312 0.963889 0.846875 0.963889 0.848437 0.961111 0.853125 0.961111 0.85625 0.955556 0.857813 0.955556 0.859375 0.952778 0.8625 0.952778 0.864062 0.95 0.865625 0.95 0.870313 0.941667 0.871875 0.941667 0.873438 0.938889 0.875 0.938889 0.876562 0.936111 0.878125 0.936111 0.882812 0.927778 0.884375 0.927778 0.884375 0.925 0.889063 0.916667 0.889063 0.913889 0.890625 0.911111 0.890625 0.891667 0.892187 0.888889 0.892187 0.833333 0.89375 0.830556 0.89375 0.788889 0.895312 0.786111 0.895312 0.769444 0.896875 0.766667 0.896875 0.755556 0.898438 0.752778 0.898438 0.725 0.9 0.722222 0.9 0.705556 0.901563 0.702778 0.901563 0.688889 0.9 0.686111 0.9 0.608333 0.901563 0.605556 0.901563 0.536111 0.903125 0.533333 0.903125 0.488889 0.904688 0.486111 0.904688 0.452778 0.90625 0.45 0.90625 0.422222 0.907812 0.419444 0.907812 0.363889 0.909375 0.361111 0.909375 0.313889 0.910937 0.311111 0.910937 0.286111 0.9125 0.283333 0.9125 0.261111 0.914062 0.258333 0.914062 0.222222 0.915625 0.219444 0.920313 0.219444 0.920313 0.0888889 0.915625 0.0888889 0.914062 0.0861111 0.9125 0.0861111 0.910937 0.0833333 0.904688 0.0833333 0.903125 0.0805556 0.890625 0.0805556 0.889063 0.0777778 0.871875 0.0777778 0.870313 0.075 0.853125 0.075 0.851562 0.0722222 0.832812 0.0722222 0.83125 0.0694444 0.79375 0.0694444 0.792188 0.0666667 0.76875 0.0666667 0.767187 0.0638889 0.748438 0.0638889 0.746875 0.0611111 0.640625 0.0611111 0.639063 0.0583333 0.603125 0.0583333 0.601562 0.0555556 0.554688 0.0555556 0.553125 0.0527778 0.503125 0.0527778 0.501562 0.05 0.5 0.05 0.498437 0.0527778 0.495313 0.0527778 0.49375 0.05 0.478125 0.05 0.476562 0.0472222 0.476562 0.0388889
62 0.159375 0.0388889 0.159375 0.838889 0.164062 0.838889 0.16875 0.847222 0.16875 0.85 0.175 0.861111 0.176563 0.861111 0.179688 0.866667 0.18125 0.866667 0.185937 0.875 0.189063 0.875 0.192188 0.880556 0.19375 0.880556 0.195312 0.883333 0.201562 0.883333 0.203125 0.886111 0.207813 0.886111 0.209375 0.888889 0.21875 0.888889 0.220313 0.891667 0.259375 0.891667 0.260938 0.894444 0.26875 0.894444 0.270312 0.897222 0.28125 0.897222 0.282813 0.9 0.317187 0.9 0.31875 0.902778 0.323438 0.902778 0.325 0.905556 0.339063 0.905556 0.340625 0.908333 0.351562 0.908333 0.353125 0.911111 0.35625 0.911111 0.357812 0.913889 0.38125 0.913889 0.382812 0.911111 0.39375 0.911111 0.395312 0.913889 0.407813 0.913889 0.409375 0.916667 0.41875 0.916667 0.420312 0.919444 0.432813 0.919444 0.434375 0.922222 0.45 0.922222 0.451562 0.925 0.464063 0.925 0.465625 0.922222 0.473437 0.922222 0.475 0.925 0.489062 0.925 0.490625 0.927778 0.496875 0.927778 0.498437 0.930556 0.510938 0.930556 0.5125 0.933333 0.51875 0.933333 0.520312 0.936111 0.526563 0.936111 0.528125 0.938889 0.546875 0.938889 0.548437 0.941667 0.560938 0.941667 0.5625 0.944444 0.576563 0.944444 0.578125 0.947222 0.589063 0.947222 0.590625 0.95 0.601562 0.95 0.603125 0.952778 0.617188 0.952778 0.61875 0.955556 0.63125 0.955556 0.632812 0.958333 0.654688 0.958333 0.65625 0.961111 0.671875 0.961111 0.673437 0.963889 0.682813 0.963889 0.684375 0.966667 0.698438 0.966667 0.7 0.969444 0.704687 0.969444 0.70625 0.972222 0.70625 0.980556 0.840625 0.980556 0.840625 0.972222 0.845312 0.963889 0.846875 0.963889 0.848437 0.961111 0.853125 0.961111 0.85625 0.955556 0.857813 0.955556 0.859375 0.952778 0.8625 0.952778 0.864062 0.95 0.865625 0.95 0.870313 0.941667 0.871875 0.941667 0.873438 0.938889 0.875 0.938889 0.876562 0.936111 0.878125 0.936111 0.882812 0.927778 0.884375 0.927778 0.884375 0.925 0.889063 0.916667 0.889063 0.913889 0.890625 0.911111 0.890625 0.891667 0.892187 0.888889 0.892187 0.833333 0.89375 0.830556 0.89375 0.788889 0.895312 0.786111 0.895312 0.769444 0.896875 0.766667 0.896875 0.755556 0.898438 0.752778 0.898438 0.725 0.9 0.722222 0.9 0.705556 0.901563 0.702778 0.901563 0.688889 0.9 0.686111 0.9 0.608333 0.901563 0.605556 0.901563 0.536111 0.903125 0.533333 0.903125 0.488889 0.904688 0.486111 0.904688 0.452778 0.90625 0.45 0.90625 0.422222 0.907812 0.419444 0.907812 0.363889 0.909375 0.361111 0.909375 0.313889 0.910937 0.311111 0.910937 0.286111 0.9125 0.283333 0.9125 0.261111 0.914062 0.258333 0.914062 0.222222 0.915625 0.219444 0.920313 0.219444 0.920313 0.0888889 0.915625 0.0888889 0.914062 0.0861111 0.9125 0.0861111 0.910937 0.0833333 0.904688 0.0833333 0.903125 0.0805556 0.890625 0.0805556 0.889063 0.0777778 0.871875 0.0777778 0.870313 0.075 0.853125 0.075 0.851562 0.0722222 0.832812 0.0722222 0.83125 0.0694444 0.79375 0.0694444 0.792188 0.0666667 0.76875 0.0666667 0.767187 0.0638889 0.748438 0.0638889 0.746875 0.0611111 0.640625 0.0611111 0.639063 0.0583333 0.603125 0.0583333 0.601562 0.0555556 0.554688 0.0555556 0.553125 0.0527778 0.503125 0.0527778 0.501562 0.05 0.5 0.05 0.498437 0.0527778 0.495313 0.0527778 0.49375 0.05 0.478125 0.05 0.476562 0.0472222 0.476562 0.0388889
67 0.159375 0.0388889 0.159375 0.838889 0.164062 0.838889 0.16875 0.847222 0.16875 0.85 0.175 0.861111 0.176563 0.861111 0.179688 0.866667 0.18125 0.866667 0.185937 0.875 0.189063 0.875 0.192188 0.880556 0.19375 0.880556 0.195312 0.883333 0.201562 0.883333 0.203125 0.886111 0.207813 0.886111 0.209375 0.888889 0.21875 0.888889 0.220313 0.891667 0.259375 0.891667 0.260938 0.894444 0.26875 0.894444 0.270312 0.897222 0.28125 0.897222 0.282813 0.9 0.317187 0.9 0.31875 0.902778 0.323438 0.902778 0.325 0.905556 0.339063 0.905556 0.340625 0.908333 0.351562 0.908333 0.353125 0.911111 0.35625 0.911111 0.357812 0.913889 0.38125 0.913889 0.382812 0.911111 0.39375 0.911111 0.395312 0.913889 0.407813 0.913889 0.409375 0.916667 0.41875 0.916667 0.420312 0.919444 0.432813 0.919444 0.434375 0.922222 0.45 0.922222 0.451562 0.925 0.464063 0.925 0.465625 0.922222 0.473437 0.922222 0.475 0.925 0.489062 0.925 0.490625 0.927778 0.496875 0.927778 0.498437 0.930556 0.510938 0.930556 0.5125 0.933333 0.51875 0.933333 0.520312 0.936111 0.526563 0.936111 0.528125 0.938889 0.546875 0.938889 0.548437 0.941667 0.560938 0.941667 0.5625 0.944444 0.576563 0.944444 0.578125 0.947222 0.589063 0.947222 0.590625 0.95 0.601562 0.95 0.603125 0.952778 0.617188 0.952778 0.61875 0.955556 0.63125 0.955556 0.632812 0.958333 0.654688 0.958333 0.65625 0.961111 0.671875 0.961111 0.673437 0.963889 0.682813 0.963889 0.684375 0.966667 0.698438 0.966667 0.7 0.969444 0.704687 0.969444 0.70625 0.972222 0.70625 0.980556 0.840625 0.980556 0.840625 0.972222 0.845312 0.963889 0.846875 0.963889 0.848437 0.961111 0.853125 0.961111 0.85625 0.955556 0.857813 0.955556 0.859375 0.952778 0.8625 0.952778 0.864062 0.95 0.865625 0.95 0.870313 0.941667 0.871875 0.941667 0.873438 0.938889 0.875 0.938889 0.876562 0.936111 0.878125 0.936111 0.882812 0.927778 0.884375 0.927778 0.884375 0.925 0.889063 0.916667 0.889063 0.913889 0.890625 0.911111 0.890625 0.891667 0.892187 0.888889 0.892187 0.833333 0.89375 0.830556 0.89375 0.788889 0.895312 0.786111 0.895312 0.769444 0.896875 0.766667 0.896875 0.755556 0.898438 0.752778 0.898438 0.725 0.9 0.722222 0.9 0.705556 0.901563 0.702778 0.901563 0.688889 0.9 0.686111 0.9 0.608333 0.901563 0.605556 0.901563 0.536111 0.903125 0.533333 0.903125 0.488889 0.904688 0.486111 0.904688 0.452778 0.90625 0.45 0.90625 0.422222 0.907812 0.419444 0.907812 0.363889 0.909375 0.361111 0.909375 0.313889 0.910937 0.311111 0.910937 0.286111 0.9125 0.283333 0.9125 0.261111 0.914062 0.258333 0.914062 0.222222 0.915625 0.219444 0.920313 0.219444 0.920313 0.0888889 0.915625 0.0888889 0.914062 0.0861111 0.9125 0.0861111 0.910937 0.0833333 0.904688 0.0833333 0.903125 0.0805556 0.890625 0.0805556 0.889063 0.0777778 0.871875 0.0777778 0.870313 0.075 0.853125 0.075 0.851562 0.0722222 0.832812 0.0722222 0.83125 0.0694444 0.79375 0.0694444 0.792188 0.0666667 0.76875 0.0666667 0.767187 0.0638889 0.748438 0.0638889 0.746875 0.0611111 0.640625 0.0611111 0.639063 0.0583333 0.603125 0.0583333 0.601562 0.0555556 0.554688 0.0555556 0.553125 0.0527778 0.503125 0.0527778 0.501562 0.05 0.5 0.05 0.498437 0.0527778 0.495313 0.0527778 0.49375 0.05 0.478125 0.05 0.476562 0.0472222 0.476562 0.0388889
62 0.159375 0.0388889 0.159375 0.838889 0.164062 0.838889 0.16875 0.847222 0.16875 0.85 0.175 0.861111 0.176563 0.861111 0.179688 0.866667 0.18125 0.866667 0.185937 0.875 0.189063 0.875 0.192188 0.880556 0.19375 0.880556 0.195312 0.883333 0.201562 0.883333 0.203125 0.886111 0.207813 0.886111 0.209375 0.888889 0.21875 0.888889 0.220313 0.891667 0.259375 0.891667 0.260938 0.894444 0.26875 0.894444 0.270312 0.897222 0.28125 0.897222 0.282813 0.9 0.317187 0.9 0.31875 0.902778 0.323438 0.902778 0.325 0.905556 0.339063 0.905556 0.340625 0.908333 0.351562 0.908333 0.353125 0.911111 0.35625 0.911111 0.357812 0.913889 0.38125 0.913889 0.382812 0.911111 0.39375 0.911111 0.395312 0.913889 0.407813 0.913889 0.409375 0.916667 0.41875 0.916667 0.420312 0.919444 0.432813 0.919444 0.434375 0.922222 0.45 0.922222 0.451562 0.925 0.464063 0.925 0.465625 0.922222 0.473437 0.922222 0.475 0.925 0.489062 0.925 0.490625 0.927778 0.496875 0.927778 0.498437 0.930556 0.510938 0.930556 0.5125 0.933333 0.51875 0.933333 0.520312 0.936111 0.526563 0.936111 0.528125 0.938889 0.546875 0.938889 0.548437 0.941667 0.560938 0.941667 0.5625 0.944444 0.576563 0.944444 0.578125 0.947222 0.589063 0.947222 0.590625 0.95 0.601562 0.95 0.603125 0.952778 0.617188 0.952778 0.61875 0.955556 0.63125 0.955556 0.632812 0.958333 0.654688 0.958333 0.65625 0.961111 0.671875 0.961111 0.673437 0.963889 0.682813 0.963889 0.684375 0.966667 0.698438 0.966667 0.7 0.969444 0.704687 0.969444 0.70625 0.972222 0.70625 0.980556 0.840625 0.980556 0.840625 0.972222 0.845312 0.963889 0.846875 0.963889 0.848437 0.961111 0.853125 0.961111 0.85625 0.955556 0.857813 0.955556 0.859375 0.952778 0.8625 0.952778 0.864062 0.95 0.865625 0.95 0.870313 0.941667 0.871875 0.941667 0.873438 0.938889 0.875 0.938889 0.876562 0.936111 0.878125 0.936111 0.882812 0.927778 0.884375 0.927778 0.884375 0.925 0.889063 0.916667 0.889063 0.913889 0.890625 0.911111 0.890625 0.891667 0.892187 0.888889 0.892187 0.833333 0.89375 0.830556 0.89375 0.788889 0.895312 0.786111 0.895312 0.769444 0.896875 0.766667 0.896875 0.755556 0.898438 0.752778 0.898438 0.725 0.9 0.722222 0.9 0.705556 0.901563 0.702778 0.901563 0.688889 0.9 0.686111 0.9 0.608333 0.901563 0.605556 0.901563 0.536111 0.903125 0.533333 0.903125 0.488889 0.904688 0.486111 0.904688 0.452778 0.90625 0.45 0.90625 0.422222 0.907812 0.419444 0.907812 0.363889 0.909375 0.361111 0.909375 0.313889 0.910937 0.311111 0.910937 0.286111 0.9125 0.283333 0.9125 0.261111 0.914062 0.258333 0.914062 0.222222 0.915625 0.219444 0.920313 0.219444 0.920313 0.0888889 0.915625 0.0888889 0.914062 0.0861111 0.9125 0.0861111 0.910937 0.0833333 0.904688 0.0833333 0.903125 0.0805556 0.890625 0.0805556 0.889063 0.0777778 0.871875 0.0777778 0.870313 0.075 0.853125 0.075 0.851562 0.0722222 0.832812 0.0722222 0.83125 0.0694444 0.79375 0.0694444 0.792188 0.0666667 0.76875 0.0666667 0.767187 0.0638889 0.748438 0.0638889 0.746875 0.0611111 0.640625 0.0611111 0.639063 0.0583333 0.603125 0.0583333 0.601562 0.0555556 0.554688 0.0555556 0.553125 0.0527778 0.503125 0.0527778 0.501562 0.05 0.5 0.05 0.498437 0.0527778 0.495313 0.0527778 0.49375 0.05 0.478125 0.05 0.476562 0.0472222 0.476562 0.0388889
67 0.159375 0.0388889 0.159375 0.838889 0.164062 0.838889 0.16875 0.847222 0.16875 0.85 0.175 0.861111 0.176563 0.861111 0.179688 0.866667 0.18125 0.866667 0.185937 0.875 0.189063 0.875 0.192188 0.880556 0.19375 0.880556 0.195312 0.883333 0.201562 0.883333 0.203125 0.886111 0.207813 0.886111 0.209375 0.888889 0.21875 0.888889 0.220313 0.891667 0.259375 0.891667 0.260938 0.894444 0.26875 0.894444 0.270312 0.897222 0.28125 0.897222 0.282813 0.9 0.317187 0.9 0.31875 0.902778 0.323438 0.902778 0.325 0.905556 0.339063 0.905556 0.340625 0.908333 0.351562 0.908333 0.353125 0.911111 0.35625 0.911111 0.357812 0.913889 0.38125 0.913889 0.382812 0.911111 0.39375 0.911111 0.395312 0.913889 0.407813 0.913889 0.409375 0.916667 0.41875 0.916667 0.420312 0.919444 0.432813 0.919444 0.434375 0.922222 0.45 0.922222 0.451562 0.925 0.464063 0.925 0.465625 0.922222 0.473437 0.922222 0.475 0.925 0.489062 0.925 0.490625 0.927778 0.496875 0.927778 0.498437 0.930556 0.510938 0.930556 0.5125 0.933333 0.51875 0.933333 0.520312 0.936111 0.526563 0.936111 0.528125 0.938889 0.546875 0.938889 0.548437 0.941667 0.560938 0.941667 0.5625 0.944444 0.576563 0.944444 0.578125 0.947222 0.589063 0.947222 0.590625 0.95 0.601562 0.95 0.603125 0.952778 0.617188 0.952778 0.61875 0.955556 0.63125 0.955556 0.632812 0.958333 0.654688 0.958333 0.65625 0.961111 0.671875 0.961111 0.673437 0.963889 0.682813 0.963889 0.684375 0.966667 0.698438 0.966667 0.7 0.969444 0.704687 0.969444 0.70625 0.972222 0.70625 0.980556 0.840625 0.980556 0.840625 0.972222 0.845312 0.963889 0.846875 0.963889 0.848437 0.961111 0.853125 0.961111 0.85625 0.955556 0.857813 0.955556 0.859375 0.952778 0.8625 0.952778 0.864062 0.95 0.865625 0.95 0.870313 0.941667 0.871875 0.941667 0.873438 0.938889 0.875 0.938889 0.876562 0.936111 0.878125 0.936111 0.882812 0.927778 0.884375 0.927778 0.884375 0.925 0.889063 0.916667 0.889063 0.913889 0.890625 0.911111 0.890625 0.891667 0.892187 0.888889 0.892187 0.833333 0.89375 0.830556 0.89375 0.788889 0.895312 0.786111 0.895312 0.769444 0.896875 0.766667 0.896875 0.755556 0.898438 0.752778 0.898438 0.725 0.9 0.722222 0.9 0.705556 0.901563 0.702778 0.901563 0.688889 0.9 0.686111 0.9 0.608333 0.901563 0.605556 0.901563 0.536111 0.903125 0.533333 0.903125 0.488889 0.904688 0.486111 0.904688 0.452778 0.90625 0.45 0.90625 0.422222 0.907812 0.419444 0.907812 0.363889 0.909375 0.361111 0.909375 0.313889 0.910937 0.311111 0.910937 0.286111 0.9125 0.283333 0.9125 0.261111 0.914062 0.258333 0.914062 0.222222 0.915625 0.219444 0.920313 0.219444 0.920313 0.0888889 0.915625 0.0888889 0.914062 0.0861111 0.9125 0.0861111 0.910937 0.0833333 0.904688 0.0833333 0.903125 0.0805556 0.890625 0.0805556 0.889063 0.0777778 0.871875 0.0777778 0.870313 0.075 0.853125 0.075 0.851562 0.0722222 0.832812 0.0722222 0.83125 0.0694444 0.79375 0.0694444 0.792188 0.0666667 0.76875 0.0666667 0.767187 0.0638889 0.748438 0.0638889 0.746875 0.0611111 0.640625 0.0611111 0.639063 0.0583333 0.603125 0.0583333 0.601562 0.0555556 0.554688 0.0555556 0.553125 0.0527778 0.503125 0.0527778 0.501562 0.05 0.5 0.05 0.498437 0.0527778 0.495313 0.0527778 0.49375 0.05 0.478125 0.05 0.476562 0.0472222 0.476562 0.0388889
62 0.159375 0.0388889 0.159375 0.838889 0.164062 0.838889 0.16875 0.847222 0.16875 0.85 0.175 0.861111 0.176563 0.861111 0.179688 0.866667 0.18125 0.866667 0.185937 0.875 0.189063 0.875 0.192188 0.880556 0.19375 0.880556 0.195312 0.883333 0.201562 0.883333 0.203125 0.886111 0.207813 0.886111 0.209375 0.888889 0.21875 0.888889 0.220313 0.891667 0.259375 0.891667 0.260938 0.894444 0.26875 0.894444 0.270312 0.897222 0.28125 0.897222 0.282813 0.9 0.317187 0.9 0.31875 0.902778 0.323438 0.902778 0.325 0.905556 0.339063 0.905556 0.340625 0.908333 0.351562 0.908333 0.353125 0.911111 0.35625 0.911111 0.357812 0.913889 0.38125 0.913889 0.382812 0.911111 0.39375 0.911111 0.395312 0.913889 0.407813 0.913889 0.409375 0.916667 0.41875 0.916667 0.420312 0.919444 0.432813 0.919444 0.434375 0.922222 0.45 0.922222 0.451562 0.925 0.464063 0.925 0.465625 0.922222 0.473437 0.922222 0.475 0.925 0.489062 0.925 0.490625 0.927778 0.496875 0.927778 0.498437 0.930556 0.510938 0.930556 0.5125 0.933333 0.51875 0.933333 0.520312 0.936111 0.526563 0.936111 0.528125 0.938889 0.546875 0.938889 0.548437 0.941667 0.560938 0.941667 0.5625 0.944444 0.576563 0.944444 0.578125 0.947222 0.589063 0.947222 0.590625 0.95 0.601562 0.95 0.603125 0.952778 0.617188 0.952778 0.61875 0.955556 0.63125 0.955556 0.632812 0.958333 0.654688 0.958333 0.65625 0.961111 0.671875 0.961111 0.673437 0.963889 0.682813 0.963889 0.684375 0.966667 0.698438 0.966667 0.7 0.969444 0.704687 0.969444 0.70625 0.972222 0.70625 0.980556 0.840625 0.980556 0.840625 0.972222 0.845312 0.963889 0.846875 0.963889 0.848437 0.961111 0.853125 0.961111 0.85625 0.955556 0.857813 0.955556 0.859375 0.952778 0.8625 0.952778 0.864062 0.95 0.865625 0.95 0.870313 0.941667 0.871875 0.941667 0.873438 0.938889 0.875 0.938889 0.876562 0.936111 0.878125 0.936111 0.882812 0.927778 0.884375 0.927778 0.884375 0.925 0.889063 0.916667 0.889063 0.913889 0.890625 0.911111 0.890625 0.891667 0.892187 0.888889 0.892187 0.833333 0.89375 0.830556 0.89375 0.788889 0.895312 0.786111 0.895312 0.769444 0.896875 0.766667 0.896875 0.755556 0.898438 0.752778 0.898438 0.725 0.9 0.722222 0.9 0.705556 0.901563 0.702778 0.901563 0.688889 0.9 0.686111 0.9 0.608333 0.901563 0.605556 0.901563 0.536111 0.903125 0.533333 0.903125 0.488889 0.904688 0.486111 0.904688 0.452778 0.90625 0.45 0.90625 0.422222 0.907812 0.419444 0.907812 0.363889 0.909375 0.361111 0.909375 0.313889 0.910937 0.311111 0.910937 0.286111 0.9125 0.283333 0.9125 0.261111 0.914062 0.258333 0.914062 0.222222 0.915625 0.219444 0.920313 0.219444 0.920313 0.0888889 0.915625 0.0888889 0.914062 0.0861111 0.9125 0.0861111 0.910937 0.0833333 0.904688 0.0833333 0.903125 0.0805556 0.890625 0.0805556 0.889063 0.0777778 0.871875 0.0777778 0.870313 0.075 0.853125 0.075 0.851562 0.0722222 0.832812 0.0722222 0.83125 0.0694444 0.79375 0.0694444 0.792188 0.0666667 0.76875 0.0666667 0.767187 0.0638889 0.748438 0.0638889 0.746875 0.0611111 0.640625 0.0611111 0.639063 0.0583333 0.603125 0.0583333 0.601562 0.0555556 0.554688 0.0555556 0.553125 0.0527778 0.503125 0.0527778 0.501562 0.05 0.5 0.05 0.498437 0.0527778 0.495313 0.0527778 0.49375 0.05 0.478125 0.05 0.476562 0.0472222 0.476562 0.0388889
67 0.159375 0.0388889 0.159375 0.838889 0.164062 0.838889 0.16875 0.847222 0.16875 0.85 0.175 0.861111 0.176563 0.861111 0.179688 0.866667 0.18125 0.866667 0.185937 0.875 0.189063 0.875 0.192188 0.880556 0.19375 0.880556 0.195312 0.883333 0.201562 0.883333 0.203125 0.886111 0.207813 0.886111 0.209375 0.888889 0.21875 0.888889 0.220313 0.891667 0.259375 0.891667 0.260938 0.894444 0.26875 0.894444 0.270312 0.897222 0.28125 0.897222 0.282813 0.9 0.317187 0.9 0.31875 0.902778 0.323438 0.902778 0.325 0.905556 0.339063 0.905556 0.340625 0.908333 0.351562 0.908333 0.353125 0.911111 0.35625 0.911111 0.357812 0.913889 0.38125 0.913889 0.382812 0.911111 0.39375 0.911111 0.395312 0.913889 0.407813 0.913889 0.409375 0.916667 0.41875 0.916667 0.420312 0.919444 0.432813 0.919444 0.434375 0.922222 0.45 0.922222 0.451562 0.925 0.464063 0.925 0.465625 0.922222 0.473437 0.922222 0.475 0.925 0.489062 0.925 0.490625 0.927778 0.496875 0.927778 0.498437 0.930556 0.510938 0.930556 0.5125 0.933333 0.51875 0.933333 0.520312 0.936111 0.526563 0.936111 0.528125 0.938889 0.546875 0.938889 0.548437 0.941667 0.560938 0.941667 0.5625 0.944444 0.576563 0.944444 0.578125 0.947222 0.589063 0.947222 0.590625 0.95 0.601562 0.95 0.603125 0.952778 0.617188 0.952778 0.61875 0.955556 0.63125 0.955556 0.632812 0.958333 0.654688 0.958333 0.65625 0.961111 0.671875 0.961111 0.673437 0.963889 0.682813 0.963889 0.684375 0.966667 0.698438 0.966667 0.7 0.969444 0.704687 0.969444 0.70625 0.972222 0.70625 0.980556 0.840625 0.980556 0.840625 0.972222 0.845312 0.963889 0.846875 0.963889 0.848437 0.961111 0.853125 0.961111 0.85625 0.955556 0.857813 0.955556 0.859375 0.952778 0.8625 0.952778 0.864062 0.95 0.865625 0.95 0.870313 0.941667 0.871875 0.941667 0.873438 0.938889 0.875 0.938889 0.876562 0.936111 0.878125 0.936111 0.882812 0.927778 0.884375 0.927778 0.884375 0.925 0.889063 0.916667 0.889063 0.913889 0.890625 0.911111 0.890625 0.891667 0.892187 0.888889 0.892187 0.833333 0.89375 0.830556 0.89375 0.788889 0.895312 0.786111 0.895312 0.769444 0.896875 0.766667 0.896875 0.755556 0.898438 0.752778 0.898438 0.725 0.9 0.722222 0.9 0.705556 0.901563 0.702778 0.901563 0.688889 0.9 0.686111 0.9 0.608333 0.901563 0.605556 0.901563 0.536111 0.903125 0.533333 0.903125 0.488889 0.904688 0.486111 0.904688 0.452778 0.90625 0.45 0.90625 0.422222 0.907812 0.419444 0.907812 0.363889 0.909375 0.361111 0.909375 0.313889 0.910937 0.311111 0.910937 0.286111 0.9125 0.283333 0.9125 0.261111 0.914062 0.258333 0.914062 0.222222 0.915625 0.219444 0.920313 0.219444 0.920313 0.0888889 0.915625 0.0888889 0.914062 0.0861111 0.9125 0.0861111 0.910937 0.0833333 0.904688 0.0833333 0.903125 0.0805556 0.890625 0.0805556 0.889063 0.0777778 0.871875 0.0777778 0.870313 0.075 0.853125 0.075 0.851562 0.0722222 0.832812 0.0722222 0.83125 0.0694444 0.79375 0.0694444 0.792188 0.0666667 0.76875 0.0666667 0.767187 0.0638889 0.748438 0.0638889 0.746875 0.0611111 0.640625 0.0611111 0.639063 0.0583333 0.603125 0.0583333 0.601562 0.0555556 0.554688 0.0555556 0.553125 0.0527778 0.503125 0.0527778 0.501562 0.05 0.5 0.05 0.498437 0.0527778 0.495313 0.0527778 0.49375 0.05 0.478125 0.05 0.476562 0.0472222 0.476562 0.0388889
62 0.159375 0.0388889 0.159375 0.838889 0.164062 0.838889 0.16875 0.847222 0.16875 0.85 0.175 0.861111 0.176563 0.861111 0.179688 0.866667 0.18125 0.866667 0.185937 0.875 0.189063 0.875 0.192188 0.880556 0.19375 0.880556 0.195312 0.883333 0.201562 0.883333 0.203125 0.886111 0.207813 0.886111 0.209375 0.888889 0.21875 0.888889 0.220313 0.891667 0.259375 0.891667 0.260938 0.894444 0.26875 0.894444 0.270312 0.897222 0.28125 0.897222 0.282813 0.9 0.317187 0.9 0.31875 0.902778 0.323438 0.902778 0.325 0.905556 0.339063 0.905556 0.340625 0.908333 0.351562 0.908333 0.353125 0.911111 0.35625 0.911111 0.357812 0.913889 0.38125 0.913889 0.382812 0.911111 0.39375 0.911111 0.395312 0.913889 0.407813 0.913889 0.409375 0.916667 0.41875 0.916667 0.420312 0.919444 0.432813 0.919444 0.434375 0.922222 0.45 0.922222 0.451562 0.925 0.464063 0.925 0.465625 0.922222 0.473437 0.922222 0.475 0.925 0.489062 0.925 0.490625 0.927778 0.496875 0.927778 0.498437 0.930556 0.510938 0.930556 0.5125 0.933333 0.51875 0.933333 0.520312 0.936111 0.526563 0.936111 0.528125 0.938889 0.546875 0.938889 0.548437 0.941667 0.560938 0.941667 0.5625 0.944444 0.576563 0.944444 0.578125 0.947222 0.589063 0.947222 0.590625 0.95 0.601562 0.95 0.603125 0.952778 0.617188 0.952778 0.61875 0.955556 0.63125 0.955556 0.632812 0.958333 0.654688 0.958333 0.65625 0.961111 0.671875 0.961111 0.673437 0.963889 0.682813 0.963889 0.684375 0.966667 0.698438 0.966667 0.7 0.969444 0.704687 0.969444 0.70625 0.972222 0.70625 0.980556 0.840625 0.980556 0.840625 0.972222 0.845312 0.963889 0.846875 0.963889 0.848437 0.961111 0.853125 0.961111 0.85625 0.955556 0.857813 0.955556 0.859375 0.952778 0.8625 0.952778 0.864062 0.95 0.865625 0.95 0.870313 0.941667 0.871875 0.941667 0.873438 0.938889 0.875 0.938889 0.876562 0.936111 0.878125 0.936111 0.882812 0.927778 0.884375 0.927778 0.884375 0.925 0.889063 0.916667 0.889063 0.913889 0.890625 0.911111 0.890625 0.891667 0.892187 0.888889 0.892187 0.833333 0.89375 0.830556 0.89375 0.788889 0.895312 0.786111 0.895312 0.769444 0.896875 0.766667 0.896875 0.755556 0.898438 0.752778 0.898438 0.725 0.9 0.722222 0.9 0.705556 0.901563 0.702778 0.901563 0.688889 0.9 0.686111 0.9 0.608333 0.901563 0.605556 0.901563 0.536111 0.903125 0.533333 0.903125 0.488889 0.904688 0.486111 0.904688 0.452778 0.90625 0.45 0.90625 0.422222 0.907812 0.419444 0.907812 0.363889 0.909375 0.361111 0.909375 0.313889 0.910937 0.311111 0.910937 0.286111 0.9125 0.283333 0.9125 0.261111 0.914062 0.258333 0.914062 0.222222 0.915625 0.219444 0.920313 0.219444 0.920313 0.0888889 0.915625 0.0888889 0.914062 0.0861111 0.9125 0.0861111 0.910937 0.0833333 0.904688 0.0833333 0.903125 0.0805556 0.890625 0.0805556 0.889063 0.0777778 0.871875 0.0777778 0.870313 0.075 0.853125 0.075 0.851562 0.0722222 0.832812 0.0722222 0.83125 0.0694444 0.79375 0.0694444 0.792188 0.0666667 0.76875 0.0666667 0.767187 0.0638889 0.748438 0.0638889 0.746875 0.0611111 0.640625 0.0611111 0.639063 0.0583333 0.603125 0.0583333 0.601562 0.0555556 0.554688 0.0555556 0.553125 0.0527778 0.503125 0.0527778 0.501562 0.05 0.5 0.05 0.498437 0.0527778 0.495313 0.0527778 0.49375 0.05 0.478125 0.05 0.476562 0.0472222 0.476562 0.0388889
67 0.159375 0.0388889 0.159375 0.838889 0.164062 0.838889 0.16875 0.847222 0.16875 0.85 0.175 0.861111 0.176563 0.861111 0.179688 0.866667 0.18125 0.866667 0.185937 0.875 0.189063 0.875 0.192188 0.880556 0.19375 0.880556 0.195312 0.883333 0.201562 0.883333 0.203125 0.886111 0.207813 0.886111 0.209375 0.888889 0.21875 0.888889 0.220313 0.891667 0.259375 0.891667 0.260938 0.894444 0.26875 0.894444 0.270312 0.897222 0.28125 0.897222 0.282813 0.9 0.317187 0.9 0.31875 0.902778 0.323438 0.902778 0.325 0.905556 0.339063 0.905556 0.340625 0.908333 0.351562 0.908333 0.353125 0.911111 0.35625 0.911111 0.357812 0.913889 0.38125 0.913889 0.382812 0.911111 0.39375 0.911111 0.395312 0.913889 0.407813 0.913889 0.409375 0.916667 0.41875 0.916667 0.420312 0.919444 0.432813 0.919444 0.434375 0.922222 0.45 0.922222 0.451562 0.925 0.464063 0.925 0.465625 0.922222 0.473437 0.922222 0.475 0.925 0.489062 0.925 0.490625 0.927778 0.496875 0.927778 0.498437 0.930556 0.510938 0.930556 0.5125 0.933333 0.51875 0.933333 0.520312 0.936111 0.526563 0.936111 0.528125 0.938889 0.546875 0.938889 0.548437 0.941667 0.560938 0.941667 0.5625 0.944444 0.576563 0.944444 0.578125 0.947222 0.589063 0.947222 0.590625 0.95 0.601562 0.95 0.603125 0.952778 0.617188 0.952778 0.61875 0.955556 0.63125 0.955556 0.632812 0.958333 0.654688 0.958333 0.65625 0.961111 0.671875 0.961111 0.673437 0.963889 0.682813 0.963889 0.684375 0.966667 0.698438 0.966667 0.7 0.969444 0.704687 0.969444 0.70625 0.972222 0.70625 0.980556 0.840625 0.980556 0.840625 0.972222 0.845312 0.963889 0.846875 0.963889 0.848437 0.961111 0.853125 0.961111 0.85625 0.955556 0.857813 0.955556 0.859375 0.952778 0.8625 0.952778 0.864062 0.95 0.865625 0.95 0.870313 0.941667 0.871875 0.941667 0.873438 0.938889 0.875 0.938889 0.876562 0.936111 0.878125 0.936111 0.882812 0.927778 0.884375 0.927778 0.884375 0.925 0.889063 0.916667 0.889063 0.913889 0.890625 0.911111 0.890625 0.891667 0.892187 0.888889 0.892187 0.833333 0.89375 0.830556 0.89375 0.788889 0.895312 0.786111 0.895312 0.769444 0.896875 0.766667 0.896875 0.755556 0.898438 0.752778 0.898438 0.725 0.9 0.722222 0.9 0.705556 0.901563 0.702778 0.901563 0.688889 0.9 0.686111 0.9 0.608333 0.901563 0.605556 0.901563 0.536111 0.903125 0.533333 0.903125 0.488889 0.904688 0.486111 0.904688 0.452778 0.90625 0.45 0.90625 0.422222 0.907812 0.419444 0.907812 0.363889 0.909375 0.361111 0.909375 0.313889 0.910937 0.311111 0.910937 0.286111 0.9125 0.283333 0.9125 0.261111 0.914062 0.258333 0.914062 0.222222 0.915625 0.219444 0.920313 0.219444 0.920313 0.0888889 0.915625 0.0888889 0.914062 0.0861111 0.9125 0.0861111 0.910937 0.0833333 0.904688 0.0833333 0.903125 0.0805556 0.890625 0.0805556 0.889063 0.0777778 0.871875 0.0777778 0.870313 0.075 0.853125 0.075 0.851562 0.0722222 0.832812 0.0722222 0.83125 0.0694444 0.79375 0.0694444 0.792188 0.0666667 0.76875 0.0666667 0.767187 0.0638889 0.748438 0.0638889 0.746875 0.0611111 0.640625 0.0611111 0.639063 0.0583333 0.603125 0.0583333 0.601562 0.0555556 0.554688 0.0555556 0.553125 0.0527778 0.503125 0.0527778 0.501562 0.05 0.5 0.05 0.498437 0.0527778 0.495313 0.0527778 0.49375 0.05 0.478125 0.05 0.476562 0.0472222 0.476562 0.0388889
