0 0.0796875 0.372222 0.0796875 0.380556 0.0765625 0.386111 0.0734375 0.386111 0.071875 0.388889 0.06875 0.388889 0.0671875 0.391667 0.0640625 0.391667 0.0625 0.394444 0.0609375 0.394444 0.059375 0.397222 0.05625 0.397222 0.0546875 0.4 0.053125 0.4 0.0515625 0.402778 0.05 0.402778 0.046875 0.408333 0.0453125 0.408333 0.04375 0.411111 0.0421875 0.411111 0.040625 0.413889 0.0390625 0.413889 0.0328125 0.425 0.0328125 0.427778 0.0296875 0.433333 0.0296875 0.436111 0.0265625 0.441667 0.0265625 0.444444 0.025 0.447222 0.025 0.45 0.0234375 0.452778 0.0234375 0.461111 0.021875 0.463889 0.021875 0.469444 0.0203125 0.472222 0.0203125 0.508333 0.021875 0.511111 0.021875 0.513889 0.0234375 0.516667 0.0234375 0.525 0.025 0.527778 0.025 0.530556 0.0265625 0.533333 0.0265625 0.536111 0.028125 0.538889 0.028125 0.541667 0.0296875 0.544444 0.0296875 0.547222 0.03125 0.55 0.03125 0.552778 0.034375 0.558333 0.034375 0.561111 0.0359375 0.563889 0.0359375 0.566667 0.0375 0.569444 0.0375 0.572222 0.0390625 0.575 0.0390625 0.577778 0.040625 0.580556 0.040625 0.586111 0.0421875 0.588889 0.0421875 0.6 0.04375 0.602778 0.04375 0.605556 0.0453125 0.608333 0.0453125 0.611111 0.05 0.619444 0.0515625 0.619444 0.0546875 0.625 0.0546875 0.627778 0.05625 0.630556 0.05625 0.633333 0.059375 0.638889 0.059375 0.644444 0.0609375 0.647222 0.0609375 0.65 0.059375 0.652778 0.059375 0.658333 0.0578125 0.661111 0.0578125 0.663889 0.05625 0.666667 0.05625 0.669444 0.0375 0.702778 0.0359375 0.702778 0.0265625 0.719444 0.025 0.719444 0.01875 0.730556 0.0171875 0.730556 0.0125 0.738889 0.0109375 0.738889 0.009375 0.741667 0.003125 0.741667 0.003125 1 0.398438 1 0.398438 0.988889 0.396875 0.986111 0.396875 0.977778 0.395312 0.975 0.395312 0.972222 0.39375 0.969444 0.39375 0.966667 0.392188 0.963889 0.392188 0.961111 0.389062 0.955556 0.389062 0.952778 0.3875 0.95 0.3875 0.947222 0.385938 0.944444 0.385938 0.938889 0.384375 0.936111 0.384375 0.933333 0.382812 0.930556 0.382812 0.927778 0.38125 0.925 0.38125 0.919444 0.378125 0.913889 0.378125 0.908333 0.376563 0.905556 0.376563 0.902778 0.375 0.9 0.375 0.897222 0.365625 0.880556 0.365625 0.877778 0.364062 0.875 0.3625 0.875 0.35625 0.863889 0.35625 0.861111 0.353125 0.855556 0.353125 0.852778 0.351562 0.85 0.351562 0.847222 0.346875 0.838889 0.346875 0.836111 0.342187 0.827778 0.342187 0.825 0.339063 0.819444 0.339063 0.816667 0.335938 0.811111 0.335938 0.808333 0.33125 0.8 0.33125 0.797222 0.326562 0.788889 0.326562 0.783333 0.325 0.780556 0.325 0.775 0.323438 0.772222 0.323438 0.769444 0.321875 0.766667 0.321875 0.761111 0.317187 0.752778 0.317187 0.75 0.314063 0.744444 0.3125 0.744444 0.310937 0.741667 0.310937 0.738889 0.304688 0.727778 0.304688 0.725 0.301562 0.719444 0.301562 0.716667 0.298438 0.711111 0.298438 0.708333 0.296875 0.705556 0.296875 0.702778 0.295312 0.7 0.295312 0.697222 0.29375 0.694444 0.29375 0.691667 0.292188 0.688889 0.292188 0.686111 0.285937 0.675 0.285937 0.672222 0.282813 0.666667 0.28125 0.666667 0.278125 0.661111 0.276563 0.661111 0.275 0.658333 0.273438 0.658333 0.271875 0.655556 0.270312 0.655556 0.26875 0.652778 0.267188 0.652778 0.265625 0.65 0.2625 0.65 0.260938 0.647222 0.25625 0.647222 0.254687 0.644444 0.251563 0.644444 0.25 0.641667 0.246875 0.641667 0.245312 0.638889 0.242188 0.638889 0.240625 0.636111 0.229687 0.636111 0.228125 0.633333 0.220313 0.633333 0.214062 0.622222 0.214062 0.616667 0.2125 0.613889 0.2125 0.605556 0.214062 0.602778 0.214062 0.588889 0.2125 0.586111 0.2125 0.563889 0.210938 0.561111 0.210938 0.55 0.209375 0.547222 0.209375 0.538889 0.207813 0.536111 0.207813 0.533333 0.204688 0.527778 0.204688 0.525 0.2 0.516667 0.2 0.513889 0.19375 0.502778 0.19375 0.5 0.192188 0.497222 0.192188 0.486111 0.190625 0.483333 0.190625 0.475 0.189063 0.472222 0.189063 0.466667 0.1875 0.463889 0.1875 0.461111 0.185937 0.458333 0.185937 0.455556 0.182812 0.45 0.182812 0.447222 0.179688 0.441667 0.179688 0.438889 0.175 0.430556 0.175 0.427778 0.170312 0.419444 0.170312 0.416667 0.160938 0.4 0.159375 0.4 0.15625 0.394444 0.154687 0.394444 0.153125 0.391667 0.151562 0.391667 0.15 0.388889 0.146875 0.388889 0.145313 0.386111 0.14375 0.386111 0.142188 0.383333 0.140625 0.383333 0.139062 0.380556 0.139062 0.372222
39 0.803125 0.672222 0.803125 0.683333 0.801562 0.686111 0.801562 0.688889 0.8 0.691667 0.8 0.694444 0.796875 0.7 0.790625 0.7 0.790625 0.780556 0.795313 0.780556 0.798437 0.786111 0.8 0.786111 0.801562 0.788889 0.803125 0.788889 0.804688 0.791667 0.80625 0.791667 0.807813 0.794444 0.807813 0.802778 0.817187 0.802778 0.817187 0.794444 0.81875 0.791667 0.821875 0.791667 0.823438 0.788889 0.826563 0.788889 0.828125 0.786111 0.832812 0.786111 0.832812 0.702778 0.828125 0.702778 0.823438 0.694444 0.823438 0.691667 0.821875 0.688889 0.820312 0.688889 0.817187 0.683333 0.817187 0.672222
3 0.4125 0.491667 0.4125 0.5 0.414062 0.502778 0.4125 0.505556 0.4125 0.508333 0.410937 0.511111 0.410937 0.519444 0.409375 0.522222 0.409375 0.530556 0.40625 0.536111 0.40625 0.541667 0.404687 0.544444 0.404687 0.558333 0.417188 0.558333 0.417188 0.538889 0.415625 0.536111 0.415625 0.511111 0.414062 0.508333 0.414062 0.491667 0.4125 0.491667 0.409375 0.483333 0.407813 0.486111 0.403125 0.486111 0.390625 0.469444 0.365625 0.488889 0.3625 0.494444 0.3625 0.497222 0.360938 0.5 0.360938 0.505556 0.3625 0.508333 0.3625 0.511111 0.364062 0.513889 0.365625 0.513889 0.367188 0.516667 0.36875 0.516667 0.36875 0.519444 0.371875 0.525 0.375 0.525 0.376563 0.527778 0.378125 0.527778 0.382812 0.536111 0.384375 0.536111 0.389062 0.544444 0.395312 0.533333 0.396875 0.533333 0.398438 0.536111 0.398438 0.541667 0.4 0.544444 0.4 0.558333 0.31875 0.558333 0.31875 0.519444 0.317187 0.516667 0.317187 0.508333 0.314063 0.502778 0.310937 0.508333 0.310937 0.513889 0.309375 0.516667 0.309375 0.519444 0.307813 0.519444 0.307813 0.491667 0.30625 0.488889 0.304688 0.488889 0.303125 0.486111 0.279687 0.486111 0.278125 0.483333 0.276563 0.483333 0.275 0.486111 0.265625 0.486111 0.264062 0.488889 0.260938 0.488889 0.259375 0.491667 0.257812 0.491667 0.25625 0.494444 0.25625 0.5 0.254687 0.502778 0.259375 0.511111 0.260938 0.511111 0.2625 0.513889 0.26875 0.513889 0.270312 0.516667 0.273438 0.516667 0.273438 0.527778 0.276563 0.533333 0.278125 0.533333 0.279687 0.536111 0.282813 0.536111 0.2875 0.544444 0.289062 0.544444 0.290625 0.547222 0.292188 0.547222 0.29375 0.55 0.29375 0.558333 0.210938 0.558333 0.210938 0.547222 0.209375 0.544444 0.209375 0.541667 0.207813 0.538889 0.207813 0.536111 0.20625 0.533333 0.20625 0.530556 0.19375 0.508333 0.19375 0.505556 0.192188 0.502778 0.192188 0.5 0.190625 0.497222 0.190625 0.494444 0.189063 0.491667 0.189063 0.463889 0.1875 0.461111 0.189063 0.458333 0.232812 0.458333 0.234375 0.461111 0.242188 0.461111 0.245312 0.466667 0.254687 0.466667 0.25625 0.469444 0.28125 0.469444 0.282813 0.472222 0.285937 0.472222 0.2875 0.469444 0.028125 0.458333 0.028125 0.438889 0.078125 0.252778 0.0875 0.252778 0.0890625 0.25 0.09375 0.25 0.0953125 0.247222 0.096875 0.247222 0.096875 0.244444 0.0984375 0.241667 0.0984375 0.238889 0.1 0.236111 0.1 0.233333 0.103125 0.227778 0.114063 0.227778 0.115625 0.230556 0.132812 0.230556 0.134375 0.233333 0.139062 0.233333 0.140625 0.236111 0.142188 0.236111 0.14375 0.238889 0.148438 0.238889 0.15 0.241667 0.15625 0.241667 0.157813 0.244444 0.28125 0.244444 0.282813 0.247222 0.3125 0.247222 0.314063 0.25 0.348437 0.25 0.35 0.252778 0.398438 0.252778 0.4 0.255556 0.423438 0.255556 0.425 0.258333 0.451562 0.258333 0.453125 0.261111 0.470313 0.261111 0.471875 0.263889 0.501562 0.263889 0.503125 0.261111 0.5125 0.261111 0.514063 0.258333 0.515625 0.258333 0.517187 0.261111 0.526563 0.261111 0.528125 0.258333 0.548437 0.258333 0.55 0.261111 0.554688 0.261111 0.55625 0.263889 0.559375 0.263889 0.560938 0.266667 0.564062 0.266667 0.565625 0.269444 0.56875 0.269444 0.570312 0.272222 0.595312 0.272222 0.596875 0.275 0.621875 0.275 0.623438 0.277778 0.634375 0.277778 0.635938 0.280556 0.645312 0.280556 0.653125 0.294444 0.653125 0.308333 0.654688 0.311111 0.654688 0.338889 0.65625 0.341667 0.65625 0.355556 0.657812 0.358333 0.657812 0.366667 0.659375 0.369444 0.659375 0.375 0.660937 0.377778 0.660937 0.383333 0.6625 0.386111 0.6625 0.391667 0.664062 0.394444 0.664062 0.397222 0.665625 0.4 0.665625 0.402778 0.667188 0.405556 0.667188 0.411111 0.66875 0.413889 0.66875 0.419444 0.670313 0.422222 0.670313 0.425 0.671875 0.427778 0.671875 0.430556 0.673437 0.433333 0.673437 0.438889 0.676562 0.444444 0.676562 0.447222 0.679688 0.452778 0.679688 0.455556 0.68125 0.458333 0.68125 0.461111 0.6875 0.472222 0.6875 0.475 0.692187 0.483333 0.692187 0.486111 0.69375 0.488889 0.695312 0.488889 0.70625 0.508333 0.707812 0.508333 0.714063 0.519444 0.715625 0.519444 0.717188 0.522222 0.71875 0.522222 0.720312 0.525 0.721875 0.525 0.723437 0.527778 0.725 0.527778 0.726562 0.530556 0.729688 0.530556 0.73125 0.533333 0.734375 0.533333 0.735937 0.536111 0.7375 0.536111 0.739062 0.538889 0.740625 0.538889 0.742188 0.541667 0.748438 0.541667 0.75 0.538889 0.753125 0.538889 0.754687 0.536111 0.76875 0.536111 0.770312 0.533333 0.771875 0.533333 0.773438 0.536111 0.78125 0.536111 0.782812 0.538889 0.79375 0.538889 0.795313 0.541667 0.796875 0.541667 0.798437 0.538889 0.801562 0.538889 0.803125 0.541667 0.809375 0.541667 0.810938 0.544444 0.83125 0.544444 0.832812 0.547222 0.834375 0.547222 0.835938 0.544444 0.860937 0.544444 0.8625 0.541667 0.86875 0.541667 0.870313 0.538889 0.876562 0.538889 0.878125 0.536111 0.884375 0.536111 0.885938 0.533333 0.890625 0.533333 0.892187 0.530556 0.9 0.530556 0.901563 0.527778 0.909375 0.527778 0.910937 0.525 0.9125 0.525 0.914062 0.522222 0.91875 0.522222 0.920313 0.519444 0.923437 0.519444 0.925 0.516667 0.928125 0.516667 0.929688 0.513889 0.93125 0.513889 0.932813 0.511111 0.935938 0.511111 0.9375 0.508333 0.940625 0.508333 0.942187 0.505556 0.94375 0.505556 0.945312 0.502778 0.946875 0.502778 0.948438 0.5 0.95 0.5 0.951563 0.497222 0.953125 0.497222 0.954687 0.494444 0.957812 0.494444 0.960938 0.488889 0.9625 0.488889 0.964063 0.486111 0.965625 0.486111 0.967188 0.483333 0.96875 0.483333 0.973437 0.475 0.975 0.475 0.978125 0.469444 0.979688 0.469444 0.984375 0.461111 0.985937 0.461111 0.9875 0.458333 0.989062 0.458333 0.990625 0.455556 0.99375 0.455556 0.995313 0.452778 0.998438 0.452778 0.998438 0 0.003125 0 0.003125 0.219444 0.0140625 0.219444 0.015625 0.222222 0.0203125 0.222222 0.021875 0.225 0.028125 0.225 0.0296875 0.227778 0.0359375 0.227778 0.0375 0.230556 0.0453125 0.230556 0.046875 0.233333 0.0515625 0.233333 0.053125 0.236111 0.0578125 0.236111 0.059375 0.238889 0.065625 0.238889 0.0671875 0.241667 0.06875 0.241667 0.0703125 0.244444 0.071875 0.244444 0.075 0.25 0.0765625 0.25 0.078125 0.252778 0.028125 0.438889 0.0265625 0.438889 0.0234375 0.444444 0.021875 0.444444 0.0203125 0.447222 0.003125 0.447222 0.003125 0.558333 0.0296875 0.558333 0.0296875 0.536111 0.028125 0.533333 0.028125 0.525 0.0265625 0.522222 0.0265625 0.516667 0.025 0.513889 0.025 0.505556 0.0234375 0.502778 0.0234375 0.472222 0.025 0.469444 0.025 0.466667 0.0265625 0.463889 0.0265625 0.461111 0.028125 0.458333 0.2875 0.469444 0.290625 0.469444 0.292188 0.472222 0.307813 0.472222 0.309375 0.469444 0.35625 0.469444 0.359375 0.463889 0.360938 0.463889 0.364062 0.458333 0.364062 0.455556 0.365625 0.455556 0.365625 0.461111 0.36875 0.466667 0.370313 0.466667 0.371875 0.469444 0.378125 0.469444 0.384375 0.480556 0.385938 0.480556 0.389062 0.475 0.390625 0.475 0.39375 0.480556 0.392188 0.480556 0.390625 0.483333 0.385938 0.483333 0.384375 0.480556 0.382812 0.483333 0.38125 0.483333 0.379687 0.486111 0.36875 0.486111 0.367188 0.488889 0.365625 0.488889 0.390625 0.469444 0.390625 0.466667 0.392188 0.463889 0.392188 0.461111 0.390625 0.458333 0.389062 0.461111 0.389062 0.466667 0.390625 0.469444 0.403125 0.486111 0.401563 0.483333 0.409375 0.483333
0 0.0796875 0.372222 0.0796875 0.380556 0.0765625 0.386111 0.0734375 0.386111 0.071875 0.388889 0.06875 0.388889 0.0671875 0.391667 0.0640625 0.391667 0.0625 0.394444 0.0609375 0.394444 0.059375 0.397222 0.05625 0.397222 0.0546875 0.4 0.053125 0.4 0.0515625 0.402778 0.05 0.402778 0.046875 0.408333 0.0453125 0.408333 0.04375 0.411111 0.0421875 0.411111 0.040625 0.413889 0.0390625 0.413889 0.0328125 0.425 0.0328125 0.427778 0.0296875 0.433333 0.0296875 0.436111 0.0265625 0.441667 0.0265625 0.444444 0.025 0.447222 0.025 0.45 0.0234375 0.452778 0.0234375 0.461111 0.021875 0.463889 0.021875 0.469444 0.0203125 0.472222 0.0203125 0.508333 0.021875 0.511111 0.021875 0.513889 0.0234375 0.516667 0.0234375 0.525 0.025 0.527778 0.025 0.530556 0.0265625 0.533333 0.0265625 0.536111 0.028125 0.538889 0.028125 0.541667 0.0296875 0.544444 0.0296875 0.547222 0.03125 0.55 0.03125 0.552778 0.034375 0.558333 0.034375 0.561111 0.0359375 0.563889 0.0359375 0.566667 0.0375 0.569444 0.0375 0.572222 0.0390625 0.575 0.0390625 0.577778 0.040625 0.580556 0.040625 0.586111 0.0421875 0.588889 0.0421875 0.6 0.04375 0.602778 0.04375 0.605556 0.0453125 0.608333 0.0453125 0.611111 0.05 0.619444 0.0515625 0.619444 0.0546875 0.625 0.0546875 0.627778 0.05625 0.630556 0.05625 0.633333 0.059375 0.638889 0.059375 0.644444 0.0609375 0.647222 0.0609375 0.65 0.059375 0.652778 0.059375 0.658333 0.0578125 0.661111 0.0578125 0.663889 0.05625 0.666667 0.05625 0.669444 0.0375 0.702778 0.0359375 0.702778 0.0265625 0.719444 0.025 0.719444 0.01875 0.730556 0.0171875 0.730556 0.0125 0.738889 0.0109375 0.738889 0.009375 0.741667 0.003125 0.741667 0.003125 1 0.398438 1 0.398438 0.988889 0.396875 0.986111 0.396875 0.977778 0.395312 0.975 0.395312 0.972222 0.39375 0.969444 0.39375 0.966667 0.392188 0.963889 0.392188 0.961111 0.389062 0.955556 0.389062 0.952778 0.3875 0.95 0.3875 0.947222 0.385938 0.944444 0.385938 0.938889 0.384375 0.936111 0.384375 0.933333 0.382812 0.930556 0.382812 0.927778 0.38125 0.925 0.38125 0.919444 0.378125 0.913889 0.378125 0.908333 0.376563 0.905556 0.376563 0.902778 0.375 0.9 0.375 0.897222 0.365625 0.880556 0.365625 0.877778 0.364062 0.875 0.3625 0.875 0.35625 0.863889 0.35625 0.861111 0.353125 0.855556 0.353125 0.852778 0.351562 0.85 0.351562 0.847222 0.346875 0.838889 0.346875 0.836111 0.342187 0.827778 0.342187 0.825 0.339063 0.819444 0.339063 0.816667 0.335938 0.811111 0.335938 0.808333 0.33125 0.8 0.33125 0.797222 0.326562 0.788889 0.326562 0.783333 0.325 0.780556 0.325 0.775 0.323438 0.772222 0.323438 0.769444 0.321875 0.766667 0.321875 0.761111 0.317187 0.752778 0.317187 0.75 0.314063 0.744444 0.3125 0.744444 0.310937 0.741667 0.310937 0.738889 0.304688 0.727778 0.304688 0.725 0.301562 0.719444 0.301562 0.716667 0.298438 0.711111 0.298438 0.708333 0.296875 0.705556 0.296875 0.702778 0.295312 0.7 0.295312 0.697222 0.29375 0.694444 0.29375 0.691667 0.292188 0.688889 0.292188 0.686111 0.285937 0.675 0.285937 0.672222 0.282813 0.666667 0.28125 0.666667 0.278125 0.661111 0.276563 0.661111 0.275 0.658333 0.273438 0.658333 0.271875 0.655556 0.270312 0.655556 0.26875 0.652778 0.267188 0.652778 0.265625 0.65 0.2625 0.65 0.260938 0.647222 0.25625 0.647222 0.254687 0.644444 0.251563 0.644444 0.25 0.641667 0.246875 0.641667 0.245312 0.638889 0.242188 0.638889 0.240625 0.636111 0.229687 0.636111 0.228125 0.633333 0.220313 0.633333 0.214062 0.622222 0.214062 0.616667 0.2125 0.613889 0.2125 0.605556 0.214062 0.602778 0.214062 0.588889 0.2125 0.586111 0.2125 0.563889 0.210938 0.561111 0.210938 0.55 0.209375 0.547222 0.209375 0.538889 0.207813 0.536111 0.207813 0.533333 0.204688 0.527778 0.204688 0.525 0.2 0.516667 0.2 0.513889 0.19375 0.502778 0.19375 0.5 0.192188 0.497222 0.192188 0.486111 0.190625 0.483333 0.190625 0.475 0.189063 0.472222 0.189063 0.466667 0.1875 0.463889 0.1875 0.461111 0.185937 0.458333 0.185937 0.455556 0.182812 0.45 0.182812 0.447222 0.179688 0.441667 0.179688 0.438889 0.175 0.430556 0.175 0.427778 0.170312 0.419444 0.170312 0.416667 0.160938 0.4 0.159375 0.4 0.15625 0.394444 0.154687 0.394444 0.153125 0.391667 0.151562 0.391667 0.15 0.388889 0.146875 0.388889 0.145313 0.386111 0.14375 0.386111 0.142188 0.383333 0.140625 0.383333 0.139062 0.380556 0.139062 0.372222
39 0.803125 0.672222 0.803125 0.683333 0.801562 0.686111 0.801562 0.688889 0.8 0.691667 0.8 0.694444 0.796875 0.7 0.790625 0.7 0.790625 0.780556 0.795313 0.780556 0.798437 0.786111 0.8 0.786111 0.801562 0.788889 0.803125 0.788889 0.804688 0.791667 0.80625 0.791667 0.807813 0.794444 0.807813 0.802778 0.817187 0.802778 0.817187 0.794444 0.81875 0.791667 0.821875 0.791667 0.823438 0.788889 0.826563 0.788889 0.828125 0.786111 0.832812 0.786111 0.832812 0.702778 0.828125 0.702778 0.823438 0.694444 0.823438 0.691667 0.821875 0.688889 0.820312 0.688889 0.817187 0.683333 0.817187 0.672222
3 0.4125 0.491667 0.4125 0.5 0.414062 0.502778 0.4125 0.505556 0.4125 0.508333 0.410937 0.511111 0.410937 0.519444 0.409375 0.522222 0.409375 0.530556 0.40625 0.536111 0.40625 0.541667 0.404687 0.544444 0.404687 0.558333 0.417188 0.558333 0.417188 0.538889 0.415625 0.536111 0.415625 0.511111 0.414062 0.508333 0.414062 0.491667 0.4125 0.491667 0.409375 0.483333 0.407813 0.486111 0.403125 0.486111 0.390625 0.469444 0.365625 0.488889 0.3625 0.494444 0.3625 0.497222 0.360938 0.5 0.360938 0.505556 0.3625 0.508333 0.3625 0.511111 0.364062 0.513889 0.365625 0.513889 0.367188 0.516667 0.36875 0.516667 0.36875 0.519444 0.371875 0.525 0.375 0.525 0.376563 0.527778 0.378125 0.527778 0.382812 0.536111 0.384375 0.536111 0.389062 0.544444 0.395312 0.533333 0.396875 0.533333 0.398438 0.536111 0.398438 0.541667 0.4 0.544444 0.4 0.558333 0.31875 0.558333 0.31875 0.519444 0.317187 0.516667 0.317187 0.508333 0.314063 0.502778 0.310937 0.508333 0.310937 0.513889 0.309375 0.516667 0.309375 0.519444 0.307813 0.519444 0.307813 0.491667 0.30625 0.488889 0.304688 0.488889 0.303125 0.486111 0.279687 0.486111 0.278125 0.483333 0.276563 0.483333 0.275 0.486111 0.265625 0.486111 0.264062 0.488889 0.260938 0.488889 0.259375 0.491667 0.257812 0.491667 0.25625 0.494444 0.25625 0.5 0.254687 0.502778 0.259375 0.511111 0.260938 0.511111 0.2625 0.513889 0.26875 0.513889 0.270312 0.516667 0.273438 0.516667 0.273438 0.527778 0.276563 0.533333 0.278125 0.533333 0.279687 0.536111 0.282813 0.536111 0.2875 0.544444 0.289062 0.544444 0.290625 0.547222 0.292188 0.547222 0.29375 0.55 0.29375 0.558333 0.210938 0.558333 0.210938 0.547222 0.209375 0.544444 0.209375 0.541667 0.207813 0.538889 0.207813 0.536111 0.20625 0.533333 0.20625 0.530556 0.19375 0.508333 0.19375 0.505556 0.192188 0.502778 0.192188 0.5 0.190625 0.497222 0.190625 0.494444 0.189063 0.491667 0.189063 0.463889 0.1875 0.461111 0.189063 0.458333 0.232812 0.458333 0.234375 0.461111 0.242188 0.461111 0.245312 0.466667 0.254687 0.466667 0.25625 0.469444 0.28125 0.469444 0.282813 0.472222 0.285937 0.472222 0.2875 0.469444 0.028125 0.458333 0.028125 0.438889 0.078125 0.252778 0.0875 0.252778 0.0890625 0.25 0.09375 0.25 0.0953125 0.247222 0.096875 0.247222 0.096875 0.244444 0.0984375 0.241667 0.0984375 0.238889 0.1 0.236111 0.1 0.233333 0.103125 0.227778 0.114063 0.227778 0.115625 0.230556 0.132812 0.230556 0.134375 0.233333 0.139062 0.233333 0.140625 0.236111 0.142188 0.236111 0.14375 0.238889 0.148438 0.238889 0.15 0.241667 0.15625 0.241667 0.157813 0.244444 0.28125 0.244444 0.282813 0.247222 0.3125 0.247222 0.314063 0.25 0.348437 0.25 0.35 0.252778 0.398438 0.252778 0.4 0.255556 0.423438 0.255556 0.425 0.258333 0.451562 0.258333 0.453125 0.261111 0.470313 0.261111 0.471875 0.263889 0.501562 0.263889 0.503125 0.261111 0.5125 0.261111 0.514063 0.258333 0.515625 0.258333 0.517187 0.261111 0.526563 0.261111 0.528125 0.258333 0.548437 0.258333 0.55 0.261111 0.554688 0.261111 0.55625 0.263889 0.559375 0.263889 0.560938 0.266667 0.564062 0.266667 0.565625 0.269444 0.56875 0.269444 0.570312 0.272222 0.595312 0.272222 0.596875 0.275 0.621875 0.275 0.623438 0.277778 0.634375 0.277778 0.635938 0.280556 0.645312 0.280556 0.653125 0.294444 0.653125 0.308333 0.654688 0.311111 0.654688 0.338889 0.65625 0.341667 0.65625 0.355556 0.657812 0.358333 0.657812 0.366667 0.659375 0.369444 0.659375 0.375 0.660937 0.377778 0.660937 0.383333 0.6625 0.386111 0.6625 0.391667 0.664062 0.394444 0.664062 0.397222 0.665625 0.4 0.665625 0.402778 0.667188 0.405556 0.667188 0.411111 0.66875 0.413889 0.66875 0.419444 0.670313 0.422222 0.670313 0.425 0.671875 0.427778 0.671875 0.430556 0.673437 0.433333 0.673437 0.438889 0.676562 0.444444 0.676562 0.447222 0.679688 0.452778 0.679688 0.455556 0.68125 0.458333 0.68125 0.461111 0.6875 0.472222 0.6875 0.475 0.692187 0.483333 0.692187 0.486111 0.69375 0.488889 0.695312 0.488889 0.70625 0.508333 0.707812 0.508333 0.714063 0.519444 0.715625 0.519444 0.717188 0.522222 0.71875 0.522222 0.720312 0.525 0.721875 0.525 0.723437 0.527778 0.725 0.527778 0.726562 0.530556 0.729688 0.530556 0.73125 0.533333 0.734375 0.533333 0.735937 0.536111 0.7375 0.536111 0.739062 0.538889 0.740625 0.538889 0.742188 0.541667 0.748438 0.541667 0.75 0.538889 0.753125 0.538889 0.754687 0.536111 0.76875 0.536111 0.770312 0.533333 0.771875 0.533333 0.773438 0.536111 0.78125 0.536111 0.782812 0.538889 0.79375 0.538889 0.795313 0.541667 0.796875 0.541667 0.798437 0.538889 0.801562 0.538889 0.803125 0.541667 0.809375 0.541667 0.810938 0.544444 0.83125 0.544444 0.832812 0.547222 0.834375 0.547222 0.835938 0.544444 0.860937 0.544444 0.8625 0.541667 0.86875 0.541667 0.870313 0.538889 0.876562 0.538889 0.878125 0.536111 0.884375 0.536111 0.885938 0.533333 0.890625 0.533333 0.892187 0.530556 0.9 0.530556 0.901563 0.527778 0.909375 0.527778 0.910937 0.525 0.9125 0.525 0.914062 0.522222 0.91875 0.522222 0.920313 0.519444 0.923437 0.519444 0.925 0.516667 0.928125 0.516667 0.929688 0.513889 0.93125 0.513889 0.932813 0.511111 0.935938 0.511111 0.9375 0.508333 0.940625 0.508333 0.942187 0.505556 0.94375 0.505556 0.945312 0.502778 0.946875 0.502778 0.948438 0.5 0.95 0.5 0.951563 0.497222 0.953125 0.497222 0.954687 0.494444 0.957812 0.494444 0.960938 0.488889 0.9625 0.488889 0.964063 0.486111 0.965625 0.486111 0.967188 0.483333 0.96875 0.483333 0.973437 0.475 0.975 0.475 0.978125 0.469444 0.979688 0.469444 0.984375 0.461111 0.985937 0.461111 0.9875 0.458333 0.989062 0.458333 0.990625 0.455556 0.99375 0.455556 0.995313 0.452778 0.998438 0.452778 0.998438 0 0.003125 0 0.003125 0.219444 0.0140625 0.219444 0.015625 0.222222 0.0203125 0.222222 0.021875 0.225 0.028125 0.225 0.0296875 0.227778 0.0359375 0.227778 0.0375 0.230556 0.0453125 0.230556 0.046875 0.233333 0.0515625 0.233333 0.053125 0.236111 0.0578125 0.236111 0.059375 0.238889 0.065625 0.238889 0.0671875 0.241667 0.06875 0.241667 0.0703125 0.244444 0.071875 0.244444 0.075 0.25 0.0765625 0.25 0.078125 0.252778 0.028125 0.438889 0.0265625 0.438889 0.0234375 0.444444 0.021875 0.444444 0.0203125 0.447222 0.003125 0.447222 0.003125 0.558333 0.0296875 0.558333 0.0296875 0.536111 0.028125 0.533333 0.028125 0.525 0.0265625 0.522222 0.0265625 0.516667 0.025 0.513889 0.025 0.505556 0.0234375 0.502778 0.0234375 0.472222 0.025 0.469444 0.025 0.466667 0.0265625 0.463889 0.0265625 0.461111 0.028125 0.458333 0.2875 0.469444 0.290625 0.469444 0.292188 0.472222 0.307813 0.472222 0.309375 0.469444 0.35625 0.469444 0.359375 0.463889 0.360938 0.463889 0.364062 0.458333 0.364062 0.455556 0.365625 0.455556 0.365625 0.461111 0.36875 0.466667 0.370313 0.466667 0.371875 0.469444 0.378125 0.469444 0.384375 0.480556 0.385938 0.480556 0.389062 0.475 0.390625 0.475 0.39375 0.480556 0.392188 0.480556 0.390625 0.483333 0.385938 0.483333 0.384375 0.480556 0.382812 0.483333 0.38125 0.483333 0.379687 0.486111 0.36875 0.486111 0.367188 0.488889 0.365625 0.488889 0.390625 0.469444 0.390625 0.466667 0.392188 0.463889 0.392188 0.461111 0.390625 0.458333 0.389062 0.461111 0.389062 0.466667 0.390625 0.469444 0.403125 0.486111 0.401563 0.483333 0.409375 0.483333
0 0.0796875 0.372222 0.0796875 0.380556 0.0765625 0.386111 0.0734375 0.386111 0.071875 0.388889 0.06875 0.388889 0.0671875 0.391667 0.0640625 0.391667 0.0625 0.394444 0.0609375 0.394444 0.059375 0.397222 0.05625 0.397222 0.0546875 0.4 0.053125 0.4 0.0515625 0.402778 0.05 0.402778 0.046875 0.408333 0.0453125 0.408333 0.04375 0.411111 0.0421875 0.411111 0.040625 0.413889 0.0390625 0.413889 0.0328125 0.425 0.0328125 0.427778 0.0296875 0.433333 0.0296875 0.436111 0.0265625 0.441667 0.0265625 0.444444 0.025 0.447222 0.025 0.45 0.0234375 0.452778 0.0234375 0.461111 0.021875 0.463889 0.021875 0.469444 0.0203125 0.472222 0.0203125 0.508333 0.021875 0.511111 0.021875 0.513889 0.0234375 0.516667 0.0234375 0.525 0.025 0.527778 0.025 0.530556 0.0265625 0.533333 0.0265625 0.536111 0.028125 0.538889 0.028125 0.541667 0.0296875 0.544444 0.0296875 0.547222 0.03125 0.55 0.03125 0.552778 0.034375 0.558333 0.034375 0.561111 0.0359375 0.563889 0.0359375 0.566667 0.0375 0.569444 0.0375 0.572222 0.0390625 0.575 0.0390625 0.577778 0.040625 0.580556 0.040625 0.586111 0.0421875 0.588889 0.0421875 0.6 0.04375 0.602778 0.04375 0.605556 0.0453125 0.608333 0.0453125 0.611111 0.05 0.619444 0.0515625 0.619444 0.0546875 0.625 0.0546875 0.627778 0.05625 0.630556 0.05625 0.633333 0.059375 0.638889 0.059375 0.644444 0.0609375 0.647222 0.0609375 0.65 0.059375 0.652778 0.059375 0.658333 0.0578125 0.661111 0.0578125 0.663889 0.05625 0.666667 0.05625 0.669444 0.0375 0.702778 0.0359375 0.702778 0.0265625 0.719444 0.025 0.719444 0.01875 0.730556 0.0171875 0.730556 0.0125 0.738889 0.0109375 0.738889 0.009375 0.741667 0.003125 0.741667 0.003125 1 0.398438 1 0.398438 0.988889 0.396875 0.986111 0.396875 0.977778 0.395312 0.975 0.395312 0.972222 0.39375 0.969444 0.39375 0.966667 0.392188 0.963889 0.392188 0.961111 0.389062 0.955556 0.389062 0.952778 0.3875 0.95 0.3875 0.947222 0.385938 0.944444 0.385938 0.938889 0.384375 0.936111 0.384375 0.933333 0.382812 0.930556 0.382812 0.927778 0.38125 0.925 0.38125 0.919444 0.378125 0.913889 0.378125 0.908333 0.376563 0.905556 0.376563 0.902778 0.375 0.9 0.375 0.897222 0.365625 0.880556 0.365625 0.877778 0.364062 0.875 0.3625 0.875 0.35625 0.863889 0.35625 0.861111 0.353125 0.855556 0.353125 0.852778 0.351562 0.85 0.351562 0.847222 0.346875 0.838889 0.346875 0.836111 0.342187 0.827778 0.342187 0.825 0.339063 0.819444 0.339063 0.816667 0.335938 0.811111 0.335938 0.808333 0.33125 0.8 0.33125 0.797222 0.326562 0.788889 0.326562 0.783333 0.325 0.780556 0.325 0.775 0.323438 0.772222 0.323438 0.769444 0.321875 0.766667 0.321875 0.761111 0.317187 0.752778 0.317187 0.75 0.314063 0.744444 0.3125 0.744444 0.310937 0.741667 0.310937 0.738889 0.304688 0.727778 0.304688 0.725 0.301562 0.719444 0.301562 0.716667 0.298438 0.711111 0.298438 0.708333 0.296875 0.705556 0.296875 0.702778 0.295312 0.7 0.295312 0.697222 0.29375 0.694444 0.29375 0.691667 0.292188 0.688889 0.292188 0.686111 0.285937 0.675 0.285937 0.672222 0.282813 0.666667 0.28125 0.666667 0.278125 0.661111 0.276563 0.661111 0.275 0.658333 0.273438 0.658333 0.271875 0.655556 0.270312 0.655556 0.26875 0.652778 0.267188 0.652778 0.265625 0.65 0.2625 0.65 0.260938 0.647222 0.25625 0.647222 0.254687 0.644444 0.251563 0.644444 0.25 0.641667 0.246875 0.641667 0.245312 0.638889 0.242188 0.638889 0.240625 0.636111 0.229687 0.636111 0.228125 0.633333 0.220313 0.633333 0.214062 0.622222 0.214062 0.616667 0.2125 0.613889 0.2125 0.605556 0.214062 0.602778 0.214062 0.588889 0.2125 0.586111 0.2125 0.563889 0.210938 0.561111 0.210938 0.55 0.209375 0.547222 0.209375 0.538889 0.207813 0.536111 0.207813 0.533333 0.204688 0.527778 0.204688 0.525 0.2 0.516667 0.2 0.513889 0.19375 0.502778 0.19375 0.5 0.192188 0.497222 0.192188 0.486111 0.190625 0.483333 0.190625 0.475 0.189063 0.472222 0.189063 0.466667 0.1875 0.463889 0.1875 0.461111 0.185937 0.458333 0.185937 0.455556 0.182812 0.45 0.182812 0.447222 0.179688 0.441667 0.179688 0.438889 0.175 0.430556 0.175 0.427778 0.170312 0.419444 0.170312 0.416667 0.160938 0.4 0.159375 0.4 0.15625 0.394444 0.154687 0.394444 0.153125 0.391667 0.151562 0.391667 0.15 0.388889 0.146875 0.388889 0.145313 0.386111 0.14375 0.386111 0.142188 0.383333 0.140625 0.383333 0.139062 0.380556 0.139062 0.372222
39 0.803125 0.672222 0.803125 0.683333 0.801562 0.686111 0.801562 0.688889 0.8 0.691667 0.8 0.694444 0.796875 0.7 0.790625 0.7 0.790625 0.780556 0.795313 0.780556 0.798437 0.786111 0.8 0.786111 0.801562 0.788889 0.803125 0.788889 0.804688 0.791667 0.80625 0.791667 0.807813 0.794444 0.807813 0.802778 0.817187 0.802778 0.817187 0.794444 0.81875 0.791667 0.821875 0.791667 0.823438 0.788889 0.826563 0.788889 0.828125 0.786111 0.832812 0.786111 0.832812 0.702778 0.828125 0.702778 0.823438 0.694444 0.823438 0.691667 0.821875 0.688889 0.820312 0.688889 0.817187 0.683333 0.817187 0.672222
3 0.4125 0.491667 0.4125 0.5 0.414062 0.502778 0.4125 0.505556 0.4125 0.508333 0.410937 0.511111 0.410937 0.519444 0.409375 0.522222 0.409375 0.530556 0.40625 0.536111 0.40625 0.541667 0.404687 0.544444 0.404687 0.558333 0.417188 0.558333 0.417188 0.538889 0.415625 0.536111 0.415625 0.511111 0.414062 0.508333 0.414062 0.491667 0.4125 0.491667 0.409375 0.483333 0.407813 0.486111 0.403125 0.486111 0.390625 0.469444 0.365625 0.488889 0.3625 0.494444 0.3625 0.497222 0.360938 0.5 0.360938 0.505556 0.3625 0.508333 0.3625 0.511111 0.364062 0.513889 0.365625 0.513889 0.367188 0.516667 0.36875 0.516667 0.36875 0.519444 0.371875 0.525 0.375 0.525 0.376563 0.527778 0.378125 0.527778 0.382812 0.536111 0.384375 0.536111 0.389062 0.544444 0.395312 0.533333 0.396875 0.533333 0.398438 0.536111 0.398438 0.541667 0.4 0.544444 0.4 0.558333 0.31875 0.558333 0.31875 0.519444 0.317187 0.516667 0.317187 0.508333 0.314063 0.502778 0.310937 0.508333 0.310937 0.513889 0.309375 0.516667 0.309375 0.519444 0.307813 0.519444 0.307813 0.491667 0.30625 0.488889 0.304688 0.488889 0.303125 0.486111 0.279687 0.486111 0.278125 0.483333 0.276563 0.483333 0.275 0.486111 0.265625 0.486111 0.264062 0.488889 0.260938 0.488889 0.259375 0.491667 0.257812 0.491667 0.25625 0.494444 0.25625 0.5 0.254687 0.502778 0.259375 0.511111 0.260938 0.511111 0.2625 0.513889 0.26875 0.513889 0.270312 0.516667 0.273438 0.516667 0.273438 0.527778 0.276563 0.533333 0.278125 0.533333 0.279687 0.536111 0.282813 0.536111 0.2875 0.544444 0.289062 0.544444 0.290625 0.547222 0.292188 0.547222 0.29375 0.55 0.29375 0.558333 0.210938 0.558333 0.210938 0.547222 0.209375 0.544444 0.209375 0.541667 0.207813 0.538889 0.207813 0.536111 0.20625 0.533333 0.20625 0.530556 0.19375 0.508333 0.19375 0.505556 0.192188 0.502778 0.192188 0.5 0.190625 0.497222 0.190625 0.494444 0.189063 0.491667 0.189063 0.463889 0.1875 0.461111 0.189063 0.458333 0.232812 0.458333 0.234375 0.461111 0.242188 0.461111 0.245312 0.466667 0.254687 0.466667 0.25625 0.469444 0.28125 0.469444 0.282813 0.472222 0.285937 0.472222 0.2875 0.469444 0.028125 0.458333 0.028125 0.438889 0.078125 0.252778 0.0875 0.252778 0.0890625 0.25 0.09375 0.25 0.0953125 0.247222 0.096875 0.247222 0.096875 0.244444 0.0984375 0.241667 0.0984375 0.238889 0.1 0.236111 0.1 0.233333 0.103125 0.227778 0.114063 0.227778 0.115625 0.230556 0.132812 0.230556 0.134375 0.233333 0.139062 0.233333 0.140625 0.236111 0.142188 0.236111 0.14375 0.238889 0.148438 0.238889 0.15 0.241667 0.15625 0.241667 0.157813 0.244444 0.28125 0.244444 0.282813 0.247222 0.3125 0.247222 0.314063 0.25 0.348437 0.25 0.35 0.252778 0.398438 0.252778 0.4 0.255556 0.423438 0.255556 0.425 0.258333 0.451562 0.258333 0.453125 0.261111 0.470313 0.261111 0.471875 0.263889 0.501562 0.263889 0.503125 0.261111 0.5125 0.261111 0.514063 0.258333 0.515625 0.258333 0.517187 0.261111 0.526563 0.261111 0.528125 0.258333 0.548437 0.258333 0.55 0.261111 0.554688 0.261111 0.55625 0.263889 0.559375 0.263889 0.560938 0.266667 0.564062 0.266667 0.565625 0.269444 0.56875 0.269444 0.570312 0.272222 0.595312 0.272222 0.596875 0.275 0.621875 0.275 0.623438 0.277778 0.634375 0.277778 0.635938 0.280556 0.645312 0.280556 0.653125 0.294444 0.653125 0.308333 0.654688 0.311111 0.654688 0.338889 0.65625 0.341667 0.65625 0.355556 0.657812 0.358333 0.657812 0.366667 0.659375 0.369444 0.659375 0.375 0.660937 0.377778 0.660937 0.383333 0.6625 0.386111 0.6625 0.391667 0.664062 0.394444 0.664062 0.397222 0.665625 0.4 0.665625 0.402778 0.667188 0.405556 0.667188 0.411111 0.66875 0.413889 0.66875 0.419444 0.670313 0.422222 0.670313 0.425 0.671875 0.427778 0.671875 0.430556 0.673437 0.433333 0.673437 0.438889 0.676562 0.444444 0.676562 0.447222 0.679688 0.452778 0.679688 0.455556 0.68125 0.458333 0.68125 0.461111 0.6875 0.472222 0.6875 0.475 0.692187 0.483333 0.692187 0.486111 0.69375 0.488889 0.695312 0.488889 0.70625 0.508333 0.707812 0.508333 0.714063 0.519444 0.715625 0.519444 0.717188 0.522222 0.71875 0.522222 0.720312 0.525 0.721875 0.525 0.723437 0.527778 0.725 0.527778 0.726562 0.530556 0.729688 0.530556 0.73125 0.533333 0.734375 0.533333 0.735937 0.536111 0.7375 0.536111 0.739062 0.538889 0.740625 0.538889 0.742188 0.541667 0.748438 0.541667 0.75 0.538889 0.753125 0.538889 0.754687 0.536111 0.76875 0.536111 0.770312 0.533333 0.771875 0.533333 0.773438 0.536111 0.78125 0.536111 0.782812 0.538889 0.79375 0.538889 0.795313 0.541667 0.796875 0.541667 0.798437 0.538889 0.801562 0.538889 0.803125 0.541667 0.809375 0.541667 0.810938 0.544444 0.83125 0.544444 0.832812 0.547222 0.834375 0.547222 0.835938 0.544444 0.860937 0.544444 0.8625 0.541667 0.86875 0.541667 0.870313 0.538889 0.876562 0.538889 0.878125 0.536111 0.884375 0.536111 0.885938 0.533333 0.890625 0.533333 0.892187 0.530556 0.9 0.530556 0.901563 0.527778 0.909375 0.527778 0.910937 0.525 0.9125 0.525 0.914062 0.522222 0.91875 0.522222 0.920313 0.519444 0.923437 0.519444 0.925 0.516667 0.928125 0.516667 0.929688 0.513889 0.93125 0.513889 0.932813 0.511111 0.935938 0.511111 0.9375 0.508333 0.940625 0.508333 0.942187 0.505556 0.94375 0.505556 0.945312 0.502778 0.946875 0.502778 0.948438 0.5 0.95 0.5 0.951563 0.497222 0.953125 0.497222 0.954687 0.494444 0.957812 0.494444 0.960938 0.488889 0.9625 0.488889 0.964063 0.486111 0.965625 0.486111 0.967188 0.483333 0.96875 0.483333 0.973437 0.475 0.975 0.475 0.978125 0.469444 0.979688 0.469444 0.984375 0.461111 0.985937 0.461111 0.9875 0.458333 0.989062 0.458333 0.990625 0.455556 0.99375 0.455556 0.995313 0.452778 0.998438 0.452778 0.998438 0 0.003125 0 0.003125 0.219444 0.0140625 0.219444 0.015625 0.222222 0.0203125 0.222222 0.021875 0.225 0.028125 0.225 0.0296875 0.227778 0.0359375 0.227778 0.0375 0.230556 0.0453125 0.230556 0.046875 0.233333 0.0515625 0.233333 0.053125 0.236111 0.0578125 0.236111 0.059375 0.238889 0.065625 0.238889 0.0671875 0.241667 0.06875 0.241667 0.0703125 0.244444 0.071875 0.244444 0.075 0.25 0.0765625 0.25 0.078125 0.252778 0.028125 0.438889 0.0265625 0.438889 0.0234375 0.444444 0.021875 0.444444 0.0203125 0.447222 0.003125 0.447222 0.003125 0.558333 0.0296875 0.558333 0.0296875 0.536111 0.028125 0.533333 0.028125 0.525 0.0265625 0.522222 0.0265625 0.516667 0.025 0.513889 0.025 0.505556 0.0234375 0.502778 0.0234375 0.472222 0.025 0.469444 0.025 0.466667 0.0265625 0.463889 0.0265625 0.461111 0.028125 0.458333 0.2875 0.469444 0.290625 0.469444 0.292188 0.472222 0.307813 0.472222 0.309375 0.469444 0.35625 0.469444 0.359375 0.463889 0.360938 0.463889 0.364062 0.458333 0.364062 0.455556 0.365625 0.455556 0.365625 0.461111 0.36875 0.466667 0.370313 0.466667 0.371875 0.469444 0.378125 0.469444 0.384375 0.480556 0.385938 0.480556 0.389062 0.475 0.390625 0.475 0.39375 0.480556 0.392188 0.480556 0.390625 0.483333 0.385938 0.483333 0.384375 0.480556 0.382812 0.483333 0.38125 0.483333 0.379687 0.486111 0.36875 0.486111 0.367188 0.488889 0.365625 0.488889 0.390625 0.469444 0.390625 0.466667 0.392188 0.463889 0.392188 0.461111 0.390625 0.458333 0.389062 0.461111 0.389062 0.466667 0.390625 0.469444 0.403125 0.486111 0.401563 0.483333 0.409375 0.483333
0 0.0796875 0.372222 0.0796875 0.380556 0.0765625 0.386111 0.0734375 0.386111 0.071875 0.388889 0.06875 0.388889 0.0671875 0.391667 0.0640625 0.391667 0.0625 0.394444 0.0609375 0.394444 0.059375 0.397222 0.05625 0.397222 0.0546875 0.4 0.053125 0.4 0.0515625 0.402778 0.05 0.402778 0.046875 0.408333 0.0453125 0.408333 0.04375 0.411111 0.0421875 0.411111 0.040625 0.413889 0.0390625 0.413889 0.0328125 0.425 0.0328125 0.427778 0.0296875 0.433333 0.0296875 0.436111 0.0265625 0.441667 0.0265625 0.444444 0.025 0.447222 0.025 0.45 0.0234375 0.452778 0.0234375 0.461111 0.021875 0.463889 0.021875 0.469444 0.0203125 0.472222 0.0203125 0.508333 0.021875 0.511111 0.021875 0.513889 0.0234375 0.516667 0.0234375 0.525 0.025 0.527778 0.025 0.530556 0.0265625 0.533333 0.0265625 0.536111 0.028125 0.538889 0.028125 0.541667 0.0296875 0.544444 0.0296875 0.547222 0.03125 0.55 0.03125 0.552778 0.034375 0.558333 0.034375 0.561111 0.0359375 0.563889 0.0359375 0.566667 0.0375 0.569444 0.0375 0.572222 0.0390625 0.575 0.0390625 0.577778 0.040625 0.580556 0.040625 0.586111 0.0421875 0.588889 0.0421875 0.6 0.04375 0.602778 0.04375 0.605556 0.0453125 0.608333 0.0453125 0.611111 0.05 0.619444 0.0515625 0.619444 0.0546875 0.625 0.0546875 0.627778 0.05625 0.630556 0.05625 0.633333 0.059375 0.638889 0.059375 0.644444 0.0609375 0.647222 0.0609375 0.65 0.059375 0.652778 0.059375 0.658333 0.0578125 0.661111 0.0578125 0.663889 0.05625 0.666667 0.05625 0.669444 0.0375 0.702778 0.0359375 0.702778 0.0265625 0.719444 0.025 0.719444 0.01875 0.730556 0.0171875 0.730556 0.0125 0.738889 0.0109375 0.738889 0.009375 0.741667 0.003125 0.741667 0.003125 1 0.398438 1 0.398438 0.988889 0.396875 0.986111 0.396875 0.977778 0.395312 0.975 0.395312 0.972222 0.39375 0.969444 0.39375 0.966667 0.392188 0.963889 0.392188 0.961111 0.389062 0.955556 0.389062 0.952778 0.3875 0.95 0.3875 0.947222 0.385938 0.944444 0.385938 0.938889 0.384375 0.936111 0.384375 0.933333 0.382812 0.930556 0.382812 0.927778 0.38125 0.925 0.38125 0.919444 0.378125 0.913889 0.378125 0.908333 0.376563 0.905556 0.376563 0.902778 0.375 0.9 0.375 0.897222 0.365625 0.880556 0.365625 0.877778 0.364062 0.875 0.3625 0.875 0.35625 0.863889 0.35625 0.861111 0.353125 0.855556 0.353125 0.852778 0.351562 0.85 0.351562 0.847222 0.346875 0.838889 0.346875 0.836111 0.342187 0.827778 0.342187 0.825 0.339063 0.819444 0.339063 0.816667 0.335938 0.811111 0.335938 0.808333 0.33125 0.8 0.33125 0.797222 0.326562 0.788889 0.326562 0.783333 0.325 0.780556 0.325 0.775 0.323438 0.772222 0.323438 0.769444 0.321875 0.766667 0.321875 0.761111 0.317187 0.752778 0.317187 0.75 0.314063 0.744444 0.3125 0.744444 0.310937 0.741667 0.310937 0.738889 0.304688 0.727778 0.304688 0.725 0.301562 0.719444 0.301562 0.716667 0.298438 0.711111 0.298438 0.708333 0.296875 0.705556 0.296875 0.702778 0.295312 0.7 0.295312 0.697222 0.29375 0.694444 0.29375 0.691667 0.292188 0.688889 0.292188 0.686111 0.285937 0.675 0.285937 0.672222 0.282813 0.666667 0.28125 0.666667 0.278125 0.661111 0.276563 0.661111 0.275 0.658333 0.273438 0.658333 0.271875 0.655556 0.270312 0.655556 0.26875 0.652778 0.267188 0.652778 0.265625 0.65 0.2625 0.65 0.260938 0.647222 0.25625 0.647222 0.254687 0.644444 0.251563 0.644444 0.25 0.641667 0.246875 0.641667 0.245312 0.638889 0.242188 0.638889 0.240625 0.636111 0.229687 0.636111 0.228125 0.633333 0.220313 0.633333 0.214062 0.622222 0.214062 0.616667 0.2125 0.613889 0.2125 0.605556 0.214062 0.602778 0.214062 0.588889 0.2125 0.586111 0.2125 0.563889 0.210938 0.561111 0.210938 0.55 0.209375 0.547222 0.209375 0.538889 0.207813 0.536111 0.207813 0.533333 0.204688 0.527778 0.204688 0.525 0.2 0.516667 0.2 0.513889 0.19375 0.502778 0.19375 0.5 0.192188 0.497222 0.192188 0.486111 0.190625 0.483333 0.190625 0.475 0.189063 0.472222 0.189063 0.466667 0.1875 0.463889 0.1875 0.461111 0.185937 0.458333 0.185937 0.455556 0.182812 0.45 0.182812 0.447222 0.179688 0.441667 0.179688 0.438889 0.175 0.430556 0.175 0.427778 0.170312 0.419444 0.170312 0.416667 0.160938 0.4 0.159375 0.4 0.15625 0.394444 0.154687 0.394444 0.153125 0.391667 0.151562 0.391667 0.15 0.388889 0.146875 0.388889 0.145313 0.386111 0.14375 0.386111 0.142188 0.383333 0.140625 0.383333 0.139062 0.380556 0.139062 0.372222
39 0.803125 0.672222 0.803125 0.683333 0.801562 0.686111 0.801562 0.688889 0.8 0.691667 0.8 0.694444 0.796875 0.7 0.790625 0.7 0.790625 0.780556 0.795313 0.780556 0.798437 0.786111 0.8 0.786111 0.801562 0.788889 0.803125 0.788889 0.804688 0.791667 0.80625 0.791667 0.807813 0.794444 0.807813 0.802778 0.817187 0.802778 0.817187 0.794444 0.81875 0.791667 0.821875 0.791667 0.823438 0.788889 0.826563 0.788889 0.828125 0.786111 0.832812 0.786111 0.832812 0.702778 0.828125 0.702778 0.823438 0.694444 0.823438 0.691667 0.821875 0.688889 0.820312 0.688889 0.817187 0.683333 0.817187 0.672222
3 0.4125 0.491667 0.4125 0.5 0.414062 0.502778 0.4125 0.505556 0.4125 0.508333 0.410937 0.511111 0.410937 0.519444 0.409375 0.522222 0.409375 0.530556 0.40625 0.536111 0.40625 0.541667 0.404687 0.544444 0.404687 0.558333 0.417188 0.558333 0.417188 0.538889 0.415625 0.536111 0.415625 0.511111 0.414062 0.508333 0.414062 0.491667 0.4125 0.491667 0.409375 0.483333 0.407813 0.486111 0.403125 0.486111 0.390625 0.469444 0.365625 0.488889 0.3625 0.494444 0.3625 0.497222 0.360938 0.5 0.360938 0.505556 0.3625 0.508333 0.3625 0.511111 0.364062 0.513889 0.365625 0.513889 0.367188 0.516667 0.36875 0.516667 0.36875 0.519444 0.371875 0.525 0.375 0.525 0.376563 0.527778 0.378125 0.527778 0.382812 0.536111 0.384375 0.536111 0.389062 0.544444 0.395312 0.533333 0.396875 0.533333 0.398438 0.536111 0.398438 0.541667 0.4 0.544444 0.4 0.558333 0.31875 0.558333 0.31875 0.519444 0.317187 0.516667 0.317187 0.508333 0.314063 0.502778 0.310937 0.508333 0.310937 0.513889 0.309375 0.516667 0.309375 0.519444 0.307813 0.519444 0.307813 0.491667 0.30625 0.488889 0.304688 0.488889 0.303125 0.486111 0.279687 0.486111 0.278125 0.483333 0.276563 0.483333 0.275 0.486111 0.265625 0.486111 0.264062 0.488889 0.260938 0.488889 0.259375 0.491667 0.257812 0.491667 0.25625 0.494444 0.25625 0.5 0.254687 0.502778 0.259375 0.511111 0.260938 0.511111 0.2625 0.513889 0.26875 0.513889 0.270312 0.516667 0.273438 0.516667 0.273438 0.527778 0.276563 0.533333 0.278125 0.533333 0.279687 0.536111 0.282813 0.536111 0.2875 0.544444 0.289062 0.544444 0.290625 0.547222 0.292188 0.547222 0.29375 0.55 0.29375 0.558333 0.210938 0.558333 0.210938 0.547222 0.209375 0.544444 0.209375 0.541667 0.207813 0.538889 0.207813 0.536111 0.20625 0.533333 0.20625 0.530556 0.19375 0.508333 0.19375 0.505556 0.192188 0.502778 0.192188 0.5 0.190625 0.497222 0.190625 0.494444 0.189063 0.491667 0.189063 0.463889 0.1875 0.461111 0.189063 0.458333 0.232812 0.458333 0.234375 0.461111 0.242188 0.461111 0.245312 0.466667 0.254687 0.466667 0.25625 0.469444 0.28125 0.469444 0.282813 0.472222 0.285937 0.472222 0.2875 0.469444 0.028125 0.458333 0.028125 0.438889 0.078125 0.252778 0.0875 0.252778 0.0890625 0.25 0.09375 0.25 0.0953125 0.247222 0.096875 0.247222 0.096875 0.244444 0.0984375 0.241667 0.0984375 0.238889 0.1 0.236111 0.1 0.233333 0.103125 0.227778 0.114063 0.227778 0.115625 0.230556 0.132812 0.230556 0.134375 0.233333 0.139062 0.233333 0.140625 0.236111 0.142188 0.236111 0.14375 0.238889 0.148438 0.238889 0.15 0.241667 0.15625 0.241667 0.157813 0.244444 0.28125 0.244444 0.282813 0.247222 0.3125 0.247222 0.314063 0.25 0.348437 0.25 0.35 0.252778 0.398438 0.252778 0.4 0.255556 0.423438 0.255556 0.425 0.258333 0.451562 0.258333 0.453125 0.261111 0.470313 0.261111 0.471875 0.263889 0.501562 0.263889 0.503125 0.261111 0.5125 0.261111 0.514063 0.258333 0.515625 0.258333 0.517187 0.261111 0.526563 0.261111 0.528125 0.258333 0.548437 0.258333 0.55 0.261111 0.554688 0.261111 0.55625 0.263889 0.559375 0.263889 0.560938 0.266667 0.564062 0.266667 0.565625 0.269444 0.56875 0.269444 0.570312 0.272222 0.595312 0.272222 0.596875 0.275 0.621875 0.275 0.623438 0.277778 0.634375 0.277778 0.635938 0.280556 0.645312 0.280556 0.653125 0.294444 0.653125 0.308333 0.654688 0.311111 0.654688 0.338889 0.65625 0.341667 0.65625 0.355556 0.657812 0.358333 0.657812 0.366667 0.659375 0.369444 0.659375 0.375 0.660937 0.377778 0.660937 0.383333 0.6625 0.386111 0.6625 0.391667 0.664062 0.394444 0.664062 0.397222 0.665625 0.4 0.665625 0.402778 0.667188 0.405556 0.667188 0.411111 0.66875 0.413889 0.66875 0.419444 0.670313 0.422222 0.670313 0.425 0.671875 0.427778 0.671875 0.430556 0.673437 0.433333 0.673437 0.438889 0.676562 0.444444 0.676562 0.447222 0.679688 0.452778 0.679688 0.455556 0.68125 0.458333 0.68125 0.461111 0.6875 0.472222 0.6875 0.475 0.692187 0.483333 0.692187 0.486111 0.69375 0.488889 0.695312 0.488889 0.70625 0.508333 0.707812 0.508333 0.714063 0.519444 0.715625 0.519444 0.717188 0.522222 0.71875 0.522222 0.720312 0.525 0.721875 0.525 0.723437 0.527778 0.725 0.527778 0.726562 0.530556 0.729688 0.530556 0.73125 0.533333 0.734375 0.533333 0.735937 0.536111 0.7375 0.536111 0.739062 0.538889 0.740625 0.538889 0.742188 0.541667 0.748438 0.541667 0.75 0.538889 0.753125 0.538889 0.754687 0.536111 0.76875 0.536111 0.770312 0.533333 0.771875 0.533333 0.773438 0.536111 0.78125 0.536111 0.782812 0.538889 0.79375 0.538889 0.795313 0.541667 0.796875 0.541667 0.798437 0.538889 0.801562 0.538889 0.803125 0.541667 0.809375 0.541667 0.810938 0.544444 0.83125 0.544444 0.832812 0.547222 0.834375 0.547222 0.835938 0.544444 0.860937 0.544444 0.8625 0.541667 0.86875 0.541667 0.870313 0.538889 0.876562 0.538889 0.878125 0.536111 0.884375 0.536111 0.885938 0.533333 0.890625 0.533333 0.892187 0.530556 0.9 0.530556 0.901563 0.527778 0.909375 0.527778 0.910937 0.525 0.9125 0.525 0.914062 0.522222 0.91875 0.522222 0.920313 0.519444 0.923437 0.519444 0.925 0.516667 0.928125 0.516667 0.929688 0.513889 0.93125 0.513889 0.932813 0.511111 0.935938 0.511111 0.9375 0.508333 0.940625 0.508333 0.942187 0.505556 0.94375 0.505556 0.945312 0.502778 0.946875 0.502778 0.948438 0.5 0.95 0.5 0.951563 0.497222 0.953125 0.497222 0.954687 0.494444 0.957812 0.494444 0.960938 0.488889 0.9625 0.488889 0.964063 0.486111 0.965625 0.486111 0.967188 0.483333 0.96875 0.483333 0.973437 0.475 0.975 0.475 0.978125 0.469444 0.979688 0.469444 0.984375 0.461111 0.985937 0.461111 0.9875 0.458333 0.989062 0.458333 0.990625 0.455556 0.99375 0.455556 0.995313 0.452778 0.998438 0.452778 0.998438 0 0.003125 0 0.003125 0.219444 0.0140625 0.219444 0.015625 0.222222 0.0203125 0.222222 0.021875 0.225 0.028125 0.225 0.0296875 0.227778 0.0359375 0.227778 0.0375 0.230556 0.0453125 0.230556 0.046875 0.233333 0.0515625 0.233333 0.053125 0.236111 0.0578125 0.236111 0.059375 0.238889 0.065625 0.238889 0.0671875 0.241667 0.06875 0.241667 0.0703125 0.244444 0.071875 0.244444 0.075 0.25 0.0765625 0.25 0.078125 0.252778 0.028125 0.438889 0.0265625 0.438889 0.0234375 0.444444 0.021875 0.444444 0.0203125 0.447222 0.003125 0.447222 0.003125 0.558333 0.0296875 0.558333 0.0296875 0.536111 0.028125 0.533333 0.028125 0.525 0.0265625 0.522222 0.0265625 0.516667 0.025 0.513889 0.025 0.505556 0.0234375 0.502778 0.0234375 0.472222 0.025 0.469444 0.025 0.466667 0.0265625 0.463889 0.0265625 0.461111 0.028125 0.458333 0.2875 0.469444 0.290625 0.469444 0.292188 0.472222 0.307813 0.472222 0.309375 0.469444 0.35625 0.469444 0.359375 0.463889 0.360938 0.463889 0.364062 0.458333 0.364062 0.455556 0.365625 0.455556 0.365625 0.461111 0.36875 0.466667 0.370313 0.466667 0.371875 0.469444 0.378125 0.469444 0.384375 0.480556 0.385938 0.480556 0.389062 0.475 0.390625 0.475 0.39375 0.480556 0.392188 0.480556 0.390625 0.483333 0.385938 0.483333 0.384375 0.480556 0.382812 0.483333 0.38125 0.483333 0.379687 0.486111 0.36875 0.486111 0.367188 0.488889 0.365625 0.488889 0.390625 0.469444 0.390625 0.466667 0.392188 0.463889 0.392188 0.461111 0.390625 0.458333 0.389062 0.461111 0.389062 0.466667 0.390625 0.469444 0.403125 0.486111 0.401563 0.483333 0.409375 0.483333
0 0.0796875 0.372222 0.0796875 0.380556 0.0765625 0.386111 0.0734375 0.386111 0.071875 0.388889 0.06875 0.388889 0.0671875 0.391667 0.0640625 0.391667 0.0625 0.394444 0.0609375 0.394444 0.059375 0.397222 0.05625 0.397222 0.0546875 0.4 0.053125 0.4 0.0515625 0.402778 0.05 0.402778 0.046875 0.408333 0.0453125 0.408333 0.04375 0.411111 0.0421875 0.411111 0.040625 0.413889 0.0390625 0.413889 0.0328125 0.425 0.0328125 0.427778 0.0296875 0.433333 0.0296875 0.436111 0.0265625 0.441667 0.0265625 0.444444 0.025 0.447222 0.025 0.45 0.0234375 0.452778 0.0234375 0.461111 0.021875 0.463889 0.021875 0.469444 0.0203125 0.472222 0.0203125 0.508333 0.021875 0.511111 0.021875 0.513889 0.0234375 0.516667 0.0234375 0.525 0.025 0.527778 0.025 0.530556 0.0265625 0.533333 0.0265625 0.536111 0.028125 0.538889 0.028125 0.541667 0.0296875 0.544444 0.0296875 0.547222 0.03125 0.55 0.03125 0.552778 0.034375 0.558333 0.034375 0.561111 0.0359375 0.563889 0.0359375 0.566667 0.0375 0.569444 0.0375 0.572222 0.0390625 0.575 0.0390625 0.577778 0.040625 0.580556 0.040625 0.586111 0.0421875 0.588889 0.0421875 0.6 0.04375 0.602778 0.04375 0.605556 0.0453125 0.608333 0.0453125 0.611111 0.05 0.619444 0.0515625 0.619444 0.0546875 0.625 0.0546875 0.627778 0.05625 0.630556 0.05625 0.633333 0.059375 0.638889 0.059375 0.644444 0.0609375 0.647222 0.0609375 0.65 0.059375 0.652778 0.059375 0.658333 0.0578125 0.661111 0.0578125 0.663889 0.05625 0.666667 0.05625 0.669444 0.0375 0.702778 0.0359375 0.702778 0.0265625 0.719444 0.025 0.719444 0.01875 0.730556 0.0171875 0.730556 0.0125 0.738889 0.0109375 0.738889 0.009375 0.741667 0.003125 0.741667 0.003125 1 0.398438 1 0.398438 0.988889 0.396875 0.986111 0.396875 0.977778 0.395312 0.975 0.395312 0.972222 0.39375 0.969444 0.39375 0.966667 0.392188 0.963889 0.392188 0.961111 0.389062 0.955556 0.389062 0.952778 0.3875 0.95 0.3875 0.947222 0.385938 0.944444 0.385938 0.938889 0.384375 0.936111 0.384375 0.933333 0.382812 0.930556 0.382812 0.927778 0.38125 0.925 0.38125 0.919444 0.378125 0.913889 0.378125 0.908333 0.376563 0.905556 0.376563 0.902778 0.375 0.9 0.375 0.897222 0.365625 0.880556 0.365625 0.877778 0.364062 0.875 0.3625 0.875 0.35625 0.863889 0.35625 0.861111 0.353125 0.855556 0.353125 0.852778 0.351562 0.85 0.351562 0.847222 0.346875 0.838889 0.346875 0.836111 0.342187 0.827778 0.342187 0.825 0.339063 0.819444 0.339063 0.816667 0.335938 0.811111 0.335938 0.808333 0.33125 0.8 0.33125 0.797222 0.326562 0.788889 0.326562 0.783333 0.325 0.780556 0.325 0.775 0.323438 0.772222 0.323438 0.769444 0.321875 0.766667 0.321875 0.761111 0.317187 0.752778 0.317187 0.75 0.314063 0.744444 0.3125 0.744444 0.310937 0.741667 0.310937 0.738889 0.304688 0.727778 0.304688 0.725 0.301562 0.719444 0.301562 0.716667 0.298438 0.711111 0.298438 0.708333 0.296875 0.705556 0.296875 0.702778 0.295312 0.7 0.295312 0.697222 0.29375 0.694444 0.29375 0.691667 0.292188 0.688889 0.292188 0.686111 0.285937 0.675 0.285937 0.672222 0.282813 0.666667 0.28125 0.666667 0.278125 0.661111 0.276563 0.661111 0.275 0.658333 0.273438 0.658333 0.271875 0.655556 0.270312 0.655556 0.26875 0.652778 0.267188 0.652778 0.265625 0.65 0.2625 0.65 0.260938 0.647222 0.25625 0.647222 0.254687 0.644444 0.251563 0.644444 0.25 0.641667 0.246875 0.641667 0.245312 0.638889 0.242188 0.638889 0.240625 0.636111 0.229687 0.636111 0.228125 0.633333 0.220313 0.633333 0.214062 0.622222 0.214062 0.616667 0.2125 0.613889 0.2125 0.605556 0.214062 0.602778 0.214062 0.588889 0.2125 0.586111 0.2125 0.563889 0.210938 0.561111 0.210938 0.55 0.209375 0.547222 0.209375 0.538889 0.207813 0.536111 0.207813 0.533333 0.204688 0.527778 0.204688 0.525 0.2 0.516667 0.2 0.513889 0.19375 0.502778 0.19375 0.5 0.192188 0.497222 0.192188 0.486111 0.190625 0.483333 0.190625 0.475 0.189063 0.472222 0.189063 0.466667 0.1875 0.463889 0.1875 0.461111 0.185937 0.458333 0.185937 0.455556 0.182812 0.45 0.182812 0.447222 0.179688 0.441667 0.179688 0.438889 0.175 0.430556 0.175 0.427778 0.170312 0.419444 0.170312 0.416667 0.160938 0.4 0.159375 0.4 0.15625 0.394444 0.154687 0.394444 0.153125 0.391667 0.151562 0.391667 0.15 0.388889 0.146875 0.388889 0.145313 0.386111 0.14375 0.386111 0.142188 0.383333 0.140625 0.383333 0.139062 0.380556 0.139062 0.372222
39 0.803125 0.672222 0.803125 0.683333 0.801562 0.686111 0.801562 0.688889 0.8 0.691667 0.8 0.694444 0.796875 0.7 0.790625 0.7 0.790625 0.780556 0.795313 0.780556 0.798437 0.786111 0.8 0.786111 0.801562 0.788889 0.803125 0.788889 0.804688 0.791667 0.80625 0.791667 0.807813 0.794444 0.807813 0.802778 0.817187 0.802778 0.817187 0.794444 0.81875 0.791667 0.821875 0.791667 0.823438 0.788889 0.826563 0.788889 0.828125 0.786111 0.832812 0.786111 0.832812 0.702778 0.828125 0.702778 0.823438 0.694444 0.823438 0.691667 0.821875 0.688889 0.820312 0.688889 0.817187 0.683333 0.817187 0.672222
3 0.4125 0.491667 0.4125 0.5 0.414062 0.502778 0.4125 0.505556 0.4125 0.508333 0.410937 0.511111 0.410937 0.519444 0.409375 0.522222 0.409375 0.530556 0.40625 0.536111 0.40625 0.541667 0.404687 0.544444 0.404687 0.558333 0.417188 0.558333 0.417188 0.538889 0.415625 0.536111 0.415625 0.511111 0.414062 0.508333 0.414062 0.491667 0.4125 0.491667 0.409375 0.483333 0.407813 0.486111 0.403125 0.486111 0.390625 0.469444 0.365625 0.488889 0.3625 0.494444 0.3625 0.497222 0.360938 0.5 0.360938 0.505556 0.3625 0.508333 0.3625 0.511111 0.364062 0.513889 0.365625 0.513889 0.367188 0.516667 0.36875 0.516667 0.36875 0.519444 0.371875 0.525 0.375 0.525 0.376563 0.527778 0.378125 0.527778 0.382812 0.536111 0.384375 0.536111 0.389062 0.544444 0.395312 0.533333 0.396875 0.533333 0.398438 0.536111 0.398438 0.541667 0.4 0.544444 0.4 0.558333 0.31875 0.558333 0.31875 0.519444 0.317187 0.516667 0.317187 0.508333 0.314063 0.502778 0.310937 0.508333 0.310937 0.513889 0.309375 0.516667 0.309375 0.519444 0.307813 0.519444 0.307813 0.491667 0.30625 0.488889 0.304688 0.488889 0.303125 0.486111 0.279687 0.486111 0.278125 0.483333 0.276563 0.483333 0.275 0.486111 0.265625 0.486111 0.264062 0.488889 0.260938 0.488889 0.259375 0.491667 0.257812 0.491667 0.25625 0.494444 0.25625 0.5 0.254687 0.502778 0.259375 0.511111 0.260938 0.511111 0.2625 0.513889 0.26875 0.513889 0.270312 0.516667 0.273438 0.516667 0.273438 0.527778 0.276563 0.533333 0.278125 0.533333 0.279687 0.536111 0.282813 0.536111 0.2875 0.544444 0.289062 0.544444 0.290625 0.547222 0.292188 0.547222 0.29375 0.55 0.29375 0.558333 0.210938 0.558333 0.210938 0.547222 0.209375 0.544444 0.209375 0.541667 0.207813 0.538889 0.207813 0.536111 0.20625 0.533333 0.20625 0.530556 0.19375 0.508333 0.19375 0.505556 0.192188 0.502778 0.192188 0.5 0.190625 0.497222 0.190625 0.494444 0.189063 0.491667 0.189063 0.463889 0.1875 0.461111 0.189063 0.458333 0.232812 0.458333 0.234375 0.461111 0.242188 0.461111 0.245312 0.466667 0.254687 0.466667 0.25625 0.469444 0.28125 0.469444 0.282813 0.472222 0.285937 0.472222 0.2875 0.469444 0.028125 0.458333 0.028125 0.438889 0.078125 0.252778 0.0875 0.252778 0.0890625 0.25 0.09375 0.25 0.0953125 0.247222 0.096875 0.247222 0.096875 0.244444 0.0984375 0.241667 0.0984375 0.238889 0.1 0.236111 0.1 0.233333 0.103125 0.227778 0.114063 0.227778 0.115625 0.230556 0.132812 0.230556 0.134375 0.233333 0.139062 0.233333 0.140625 0.236111 0.142188 0.236111 0.14375 0.238889 0.148438 0.238889 0.15 0.241667 0.15625 0.241667 0.157813 0.244444 0.28125 0.244444 0.282813 0.247222 0.3125 0.247222 0.314063 0.25 0.348437 0.25 0.35 0.252778 0.398438 0.252778 0.4 0.255556 0.423438 0.255556 0.425 0.258333 0.451562 0.258333 0.453125 0.261111 0.470313 0.261111 0.471875 0.263889 0.501562 0.263889 0.503125 0.261111 0.5125 0.261111 0.514063 0.258333 0.515625 0.258333 0.517187 0.261111 0.526563 0.261111 0.528125 0.258333 0.548437 0.258333 0.55 0.261111 0.554688 0.261111 0.55625 0.263889 0.559375 0.263889 0.560938 0.266667 0.564062 0.266667 0.565625 0.269444 0.56875 0.269444 0.570312 0.272222 0.595312 0.272222 0.596875 0.275 0.621875 0.275 0.623438 0.277778 0.634375 0.277778 0.635938 0.280556 0.645312 0.280556 0.653125 0.294444 0.653125 0.308333 0.654688 0.311111 0.654688 0.338889 0.65625 0.341667 0.65625 0.355556 0.657812 0.358333 0.657812 0.366667 0.659375 0.369444 0.659375 0.375 0.660937 0.377778 0.660937 0.383333 0.6625 0.386111 0.6625 0.391667 0.664062 0.394444 0.664062 0.397222 0.665625 0.4 0.665625 0.402778 0.667188 0.405556 0.667188 0.411111 0.66875 0.413889 0.66875 0.419444 0.670313 0.422222 0.670313 0.425 0.671875 0.427778 0.671875 0.430556 0.673437 0.433333 0.673437 0.438889 0.676562 0.444444 0.676562 0.447222 0.679688 0.452778 0.679688 0.455556 0.68125 0.458333 0.68125 0.461111 0.6875 0.472222 0.6875 0.475 0.692187 0.483333 0.692187 0.486111 0.69375 0.488889 0.695312 0.488889 0.70625 0.508333 0.707812 0.508333 0.714063 0.519444 0.715625 0.519444 0.717188 0.522222 0.71875 0.522222 0.720312 0.525 0.721875 0.525 0.723437 0.527778 0.725 0.527778 0.726562 0.530556 0.729688 0.530556 0.73125 0.533333 0.734375 0.533333 0.735937 0.536111 0.7375 0.536111 0.739062 0.538889 0.740625 0.538889 0.742188 0.541667 0.748438 0.541667 0.75 0.538889 0.753125 0.538889 0.754687 0.536111 0.76875 0.536111 0.770312 0.533333 0.771875 0.533333 0.773438 0.536111 0.78125 0.536111 0.782812 0.538889 0.79375 0.538889 0.795313 0.541667 0.796875 0.541667 0.798437 0.538889 0.801562 0.538889 0.803125 0.541667 0.809375 0.541667 0.810938 0.544444 0.83125 0.544444 0.832812 0.547222 0.834375 0.547222 0.835938 0.544444 0.860937 0.544444 0.8625 0.541667 0.86875 0.541667 0.870313 0.538889 0.876562 0.538889 0.878125 0.536111 0.884375 0.536111 0.885938 0.533333 0.890625 0.533333 0.892187 0.530556 0.9 0.530556 0.901563 0.527778 0.909375 0.527778 0.910937 0.525 0.9125 0.525 0.914062 0.522222 0.91875 0.522222 0.920313 0.519444 0.923437 0.519444 0.925 0.516667 0.928125 0.516667 0.929688 0.513889 0.93125 0.513889 0.932813 0.511111 0.935938 0.511111 0.9375 0.508333 0.940625 0.508333 0.942187 0.505556 0.94375 0.505556 0.945312 0.502778 0.946875 0.502778 0.948438 0.5 0.95 0.5 0.951563 0.497222 0.953125 0.497222 0.954687 0.494444 0.957812 0.494444 0.960938 0.488889 0.9625 0.488889 0.964063 0.486111 0.965625 0.486111 0.967188 0.483333 0.96875 0.483333 0.973437 0.475 0.975 0.475 0.978125 0.469444 0.979688 0.469444 0.984375 0.461111 0.985937 0.461111 0.9875 0.458333 0.989062 0.458333 0.990625 0.455556 0.99375 0.455556 0.995313 0.452778 0.998438 0.452778 0.998438 0 0.003125 0 0.003125 0.219444 0.0140625 0.219444 0.015625 0.222222 0.0203125 0.222222 0.021875 0.225 0.028125 0.225 0.0296875 0.227778 0.0359375 0.227778 0.0375 0.230556 0.0453125 0.230556 0.046875 0.233333 0.0515625 0.233333 0.053125 0.236111 0.0578125 0.236111 0.059375 0.238889 0.065625 0.238889 0.0671875 0.241667 0.06875 0.241667 0.0703125 0.244444 0.071875 0.244444 0.075 0.25 0.0765625 0.25 0.078125 0.252778 0.028125 0.438889 0.0265625 0.438889 0.0234375 0.444444 0.021875 0.444444 0.0203125 0.447222 0.003125 0.447222 0.003125 0.558333 0.0296875 0.558333 0.0296875 0.536111 0.028125 0.533333 0.028125 0.525 0.0265625 0.522222 0.0265625 0.516667 0.025 0.513889 0.025 0.505556 0.0234375 0.502778 0.0234375 0.472222 0.025 0.469444 0.025 0.466667 0.0265625 0.463889 0.0265625 0.461111 0.028125 0.458333 0.2875 0.469444 0.290625 0.469444 0.292188 0.472222 0.307813 0.472222 0.309375 0.469444 0.35625 0.469444 0.359375 0.463889 0.360938 0.463889 0.364062 0.458333 0.364062 0.455556 0.365625 0.455556 0.365625 0.461111 0.36875 0.466667 0.370313 0.466667 0.371875 0.469444 0.378125 0.469444 0.384375 0.480556 0.385938 0.480556 0.389062 0.475 0.390625 0.475 0.39375 0.480556 0.392188 0.480556 0.390625 0.483333 0.385938 0.483333 0.384375 0.480556 0.382812 0.483333 0.38125 0.483333 0.379687 0.486111 0.36875 0.486111 0.367188 0.488889 0.365625 0.488889 0.390625 0.469444 0.390625 0.466667 0.392188 0.463889 0.392188 0.461111 0.390625 0.458333 0.389062 0.461111 0.389062 0.466667 0.390625 0.469444 0.403125 0.486111 0.401563 0.483333 0.409375 0.483333
0 0.0796875 0.372222 0.0796875 0.380556 0.0765625 0.386111 0.0734375 0.386111 0.071875 0.388889 0.06875 0.388889 0.0671875 0.391667 0.0640625 0.391667 0.0625 0.394444 0.0609375 0.394444 0.059375 0.397222 0.05625 0.397222 0.0546875 0.4 0.053125 0.4 0.0515625 0.402778 0.05 0.402778 0.046875 0.408333 0.0453125 0.408333 0.04375 0.411111 0.0421875 0.411111 0.040625 0.413889 0.0390625 0.413889 0.0328125 0.425 0.0328125 0.427778 0.0296875 0.433333 0.0296875 0.436111 0.0265625 0.441667 0.0265625 0.444444 0.025 0.447222 0.025 0.45 0.0234375 0.452778 0.0234375 0.461111 0.021875 0.463889 0.021875 0.469444 0.0203125 0.472222 0.0203125 0.508333 0.021875 0.511111 0.021875 0.513889 0.0234375 0.516667 0.0234375 0.525 0.025 0.527778 0.025 0.530556 0.0265625 0.533333 0.0265625 0.536111 0.028125 0.538889 0.028125 0.541667 0.0296875 0.544444 0.0296875 0.547222 0.03125 0.55 0.03125 0.552778 0.034375 0.558333 0.034375 0.561111 0.0359375 0.563889 0.0359375 0.566667 0.0375 0.569444 0.0375 0.572222 0.0390625 0.575 0.0390625 0.577778 0.040625 0.580556 0.040625 0.586111 0.0421875 0.588889 0.0421875 0.6 0.04375 0.602778 0.04375 0.605556 0.0453125 0.608333 0.0453125 0.611111 0.05 0.619444 0.0515625 0.619444 0.0546875 0.625 0.0546875 0.627778 0.05625 0.630556 0.05625 0.633333 0.059375 0.638889 0.059375 0.644444 0.0609375 0.647222 0.0609375 0.65 0.059375 0.652778 0.059375 0.658333 0.0578125 0.661111 0.0578125 0.663889 0.05625 0.666667 0.05625 0.669444 0.0375 0.702778 0.0359375 0.702778 0.0265625 0.719444 0.025 0.719444 0.01875 0.730556 0.0171875 0.730556 0.0125 0.738889 0.0109375 0.738889 0.009375 0.741667 0.003125 0.741667 0.003125 1 0.398438 1 0.398438 0.988889 0.396875 0.986111 0.396875 0.977778 0.395312 0.975 0.395312 0.972222 0.39375 0.969444 0.39375 0.966667 0.392188 0.963889 0.392188 0.961111 0.389062 0.955556 0.389062 0.952778 0.3875 0.95 0.3875 0.947222 0.385938 0.944444 0.385938 0.938889 0.384375 0.936111 0.384375 0.933333 0.382812 0.930556 0.382812 0.927778 0.38125 0.925 0.38125 0.919444 0.378125 0.913889 0.378125 0.908333 0.376563 0.905556 0.376563 0.902778 0.375 0.9 0.375 0.897222 0.365625 0.880556 0.365625 0.877778 0.364062 0.875 0.3625 0.875 0.35625 0.863889 0.35625 0.861111 0.353125 0.855556 0.353125 0.852778 0.351562 0.85 0.351562 0.847222 0.346875 0.838889 0.346875 0.836111 0.342187 0.827778 0.342187 0.825 0.339063 0.819444 0.339063 0.816667 0.335938 0.811111 0.335938 0.808333 0.33125 0.8 0.33125 0.797222 0.326562 0.788889 0.326562 0.783333 0.325 0.780556 0.325 0.775 0.323438 0.772222 0.323438 0.769444 0.321875 0.766667 0.321875 0.761111 0.317187 0.752778 0.317187 0.75 0.314063 0.744444 0.3125 0.744444 0.310937 0.741667 0.310937 0.738889 0.304688 0.727778 0.304688 0.725 0.301562 0.719444 0.301562 0.716667 0.298438 0.711111 0.298438 0.708333 0.296875 0.705556 0.296875 0.702778 0.295312 0.7 0.295312 0.697222 0.29375 0.694444 0.29375 0.691667 0.292188 0.688889 0.292188 0.686111 0.285937 0.675 0.285937 0.672222 0.282813 0.666667 0.28125 0.666667 0.278125 0.661111 0.276563 0.661111 0.275 0.658333 0.273438 0.658333 0.271875 0.655556 0.270312 0.655556 0.26875 0.652778 0.267188 0.652778 0.265625 0.65 0.2625 0.65 0.260938 0.647222 0.25625 0.647222 0.254687 0.644444 0.251563 0.644444 0.25 0.641667 0.246875 0.641667 0.245312 0.638889 0.242188 0.638889 0.240625 0.636111 0.229687 0.636111 0.228125 0.633333 0.220313 0.633333 0.214062 0.622222 0.214062 0.616667 0.2125 0.613889 0.2125 0.605556 0.214062 0.602778 0.214062 0.588889 0.2125 0.586111 0.2125 0.563889 0.210938 0.561111 0.210938 0.55 0.209375 0.547222 0.209375 0.538889 0.207813 0.536111 0.207813 0.533333 0.204688 0.527778 0.204688 0.525 0.2 0.516667 0.2 0.513889 0.19375 0.502778 0.19375 0.5 0.192188 0.497222 0.192188 0.486111 0.190625 0.483333 0.190625 0.475 0.189063 0.472222 0.189063 0.466667 0.1875 0.463889 0.1875 0.461111 0.185937 0.458333 0.185937 0.455556 0.182812 0.45 0.182812 0.447222 0.179688 0.441667 0.179688 0.438889 0.175 0.430556 0.175 0.427778 0.170312 0.419444 0.170312 0.416667 0.160938 0.4 0.159375 0.4 0.15625 0.394444 0.154687 0.394444 0.153125 0.391667 0.151562 0.391667 0.15 0.388889 0.146875 0.388889 0.145313 0.386111 0.14375 0.386111 0.142188 0.383333 0.140625 0.383333 0.139062 0.380556 0.139062 0.372222
39 0.803125 0.672222 0.803125 0.683333 0.801562 0.686111 0.801562 0.688889 0.8 0.691667 0.8 0.694444 0.796875 0.7 0.790625 0.7 0.790625 0.780556 0.795313 0.780556 0.798437 0.786111 0.8 0.786111 0.801562 0.788889 0.803125 0.788889 0.804688 0.791667 0.80625 0.791667 0.807813 0.794444 0.807813 0.802778 0.817187 0.802778 0.817187 0.794444 0.81875 0.791667 0.821875 0.791667 0.823438 0.788889 0.826563 0.788889 0.828125 0.786111 0.832812 0.786111 0.832812 0.702778 0.828125 0.702778 0.823438 0.694444 0.823438 0.691667 0.821875 0.688889 0.820312 0.688889 0.817187 0.683333 0.817187 0.672222
3 0.4125 0.491667 0.4125 0.5 0.414062 0.502778 0.4125 0.505556 0.4125 0.508333 0.410937 0.511111 0.410937 0.519444 0.409375 0.522222 0.409375 0.530556 0.40625 0.536111 0.40625 0.541667 0.404687 0.544444 0.404687 0.558333 0.417188 0.558333 0.417188 0.538889 0.415625 0.536111 0.415625 0.511111 0.414062 0.508333 0.414062 0.491667 0.4125 0.491667 0.409375 0.483333 0.407813 0.486111 0.403125 0.486111 0.390625 0.469444 0.365625 0.488889 0.3625 0.494444 0.3625 0.497222 0.360938 0.5 0.360938 0.505556 0.3625 0.508333 0.3625 0.511111 0.364062 0.513889 0.365625 0.513889 0.367188 0.516667 0.36875 0.516667 0.36875 0.519444 0.371875 0.525 0.375 0.525 0.376563 0.527778 0.378125 0.527778 0.382812 0.536111 0.384375 0.536111 0.389062 0.544444 0.395312 0.533333 0.396875 0.533333 0.398438 0.536111 0.398438 0.541667 0.4 0.544444 0.4 0.558333 0.31875 0.558333 0.31875 0.519444 0.317187 0.516667 0.317187 0.508333 0.314063 0.502778 0.310937 0.508333 0.310937 0.513889 0.309375 0.516667 0.309375 0.519444 0.307813 0.519444 0.307813 0.491667 0.30625 0.488889 0.304688 0.488889 0.303125 0.486111 0.279687 0.486111 0.278125 0.483333 0.276563 0.483333 0.275 0.486111 0.265625 0.486111 0.264062 0.488889 0.260938 0.488889 0.259375 0.491667 0.257812 0.491667 0.25625 0.494444 0.25625 0.5 0.254687 0.502778 0.259375 0.511111 0.260938 0.511111 0.2625 0.513889 0.26875 0.513889 0.270312 0.516667 0.273438 0.516667 0.273438 0.527778 0.276563 0.533333 0.278125 0.533333 0.279687 0.536111 0.282813 0.536111 0.2875 0.544444 0.289062 0.544444 0.290625 0.547222 0.292188 0.547222 0.29375 0.55 0.29375 0.558333 0.210938 0.558333 0.210938 0.547222 0.209375 0.544444 0.209375 0.541667 0.207813 0.538889 0.207813 0.536111 0.20625 0.533333 0.20625 0.530556 0.19375 0.508333 0.19375 0.505556 0.192188 0.502778 0.192188 0.5 0.190625 0.497222 0.190625 0.494444 0.189063 0.491667 0.189063 0.463889 0.1875 0.461111 0.189063 0.458333 0.232812 0.458333 0.234375 0.461111 0.242188 0.461111 0.245312 0.466667 0.254687 0.466667 0.25625 0.469444 0.28125 0.469444 0.282813 0.472222 0.285937 0.472222 0.2875 0.469444 0.028125 0.458333 0.028125 0.438889 0.078125 0.252778 0.0875 0.252778 0.0890625 0.25 0.09375 0.25 0.0953125 0.247222 0.096875 0.247222 0.096875 0.244444 0.0984375 0.241667 0.0984375 0.238889 0.1 0.236111 0.1 0.233333 0.103125 0.227778 0.114063 0.227778 0.115625 0.230556 0.132812 0.230556 0.134375 0.233333 0.139062 0.233333 0.140625 0.236111 0.142188 0.236111 0.14375 0.238889 0.148438 0.238889 0.15 0.241667 0.15625 0.241667 0.157813 0.244444 0.28125 0.244444 0.282813 0.247222 0.3125 0.247222 0.314063 0.25 0.348437 0.25 0.35 0.252778 0.398438 0.252778 0.4 0.255556 0.423438 0.255556 0.425 0.258333 0.451562 0.258333 0.453125 0.261111 0.470313 0.261111 0.471875 0.263889 0.501562 0.263889 0.503125 0.261111 0.5125 0.261111 0.514063 0.258333 0.515625 0.258333 0.517187 0.261111 0.526563 0.261111 0.528125 0.258333 0.548437 0.258333 0.55 0.261111 0.554688 0.261111 0.55625 0.263889 0.559375 0.263889 0.560938 0.266667 0.564062 0.266667 0.565625 0.269444 0.56875 0.269444 0.570312 0.272222 0.595312 0.272222 0.596875 0.275 0.621875 0.275 0.623438 0.277778 0.634375 0.277778 0.635938 0.280556 0.645312 0.280556 0.653125 0.294444 0.653125 0.308333 0.654688 0.311111 0.654688 0.338889 0.65625 0.341667 0.65625 0.355556 0.657812 0.358333 0.657812 0.366667 0.659375 0.369444 0.659375 0.375 0.660937 0.377778 0.660937 0.383333 0.6625 0.386111 0.6625 0.391667 0.664062 0.394444 0.664062 0.397222 0.665625 0.4 0.665625 0.402778 0.667188 0.405556 0.667188 0.411111 0.66875 0.413889 0.66875 0.419444 0.670313 0.422222 0.670313 0.425 0.671875 0.427778 0.671875 0.430556 0.673437 0.433333 0.673437 0.438889 0.676562 0.444444 0.676562 0.447222 0.679688 0.452778 0.679688 0.455556 0.68125 0.458333 0.68125 0.461111 0.6875 0.472222 0.6875 0.475 0.692187 0.483333 0.692187 0.486111 0.69375 0.488889 0.695312 0.488889 0.70625 0.508333 0.707812 0.508333 0.714063 0.519444 0.715625 0.519444 0.717188 0.522222 0.71875 0.522222 0.720312 0.525 0.721875 0.525 0.723437 0.527778 0.725 0.527778 0.726562 0.530556 0.729688 0.530556 0.73125 0.533333 0.734375 0.533333 0.735937 0.536111 0.7375 0.536111 0.739062 0.538889 0.740625 0.538889 0.742188 0.541667 0.748438 0.541667 0.75 0.538889 0.753125 0.538889 0.754687 0.536111 0.76875 0.536111 0.770312 0.533333 0.771875 0.533333 0.773438 0.536111 0.78125 0.536111 0.782812 0.538889 0.79375 0.538889 0.795313 0.541667 0.796875 0.541667 0.798437 0.538889 0.801562 0.538889 0.803125 0.541667 0.809375 0.541667 0.810938 0.544444 0.83125 0.544444 0.832812 0.547222 0.834375 0.547222 0.835938 0.544444 0.860937 0.544444 0.8625 0.541667 0.86875 0.541667 0.870313 0.538889 0.876562 0.538889 0.878125 0.536111 0.884375 0.536111 0.885938 0.533333 0.890625 0.533333 0.892187 0.530556 0.9 0.530556 0.901563 0.527778 0.909375 0.527778 0.910937 0.525 0.9125 0.525 0.914062 0.522222 0.91875 0.522222 0.920313 0.519444 0.923437 0.519444 0.925 0.516667 0.928125 0.516667 0.929688 0.513889 0.93125 0.513889 0.932813 0.511111 0.935938 0.511111 0.9375 0.508333 0.940625 0.508333 0.942187 0.505556 0.94375 0.505556 0.945312 0.502778 0.946875 0.502778 0.948438 0.5 0.95 0.5 0.951563 0.497222 0.953125 0.497222 0.954687 0.494444 0.957812 0.494444 0.960938 0.488889 0.9625 0.488889 0.964063 0.486111 0.965625 0.486111 0.967188 0.483333 0.96875 0.483333 0.973437 0.475 0.975 0.475 0.978125 0.469444 0.979688 0.469444 0.984375 0.461111 0.985937 0.461111 0.9875 0.458333 0.989062 0.458333 0.990625 0.455556 0.99375 0.455556 0.995313 0.452778 0.998438 0.452778 0.998438 0 0.003125 0 0.003125 0.219444 0.0140625 0.219444 0.015625 0.222222 0.0203125 0.222222 0.021875 0.225 0.028125 0.225 0.0296875 0.227778 0.0359375 0.227778 0.0375 0.230556 0.0453125 0.230556 0.046875 0.233333 0.0515625 0.233333 0.053125 0.236111 0.0578125 0.236111 0.059375 0.238889 0.065625 0.238889 0.0671875 0.241667 0.06875 0.241667 0.0703125 0.244444 0.071875 0.244444 0.075 0.25 0.0765625 0.25 0.078125 0.252778 0.028125 0.438889 0.0265625 0.438889 0.0234375 0.444444 0.021875 0.444444 0.0203125 0.447222 0.003125 0.447222 0.003125 0.558333 0.0296875 0.558333 0.0296875 0.536111 0.028125 0.533333 0.028125 0.525 0.0265625 0.522222 0.0265625 0.516667 0.025 0.513889 0.025 0.505556 0.0234375 0.502778 0.0234375 0.472222 0.025 0.469444 0.025 0.466667 0.0265625 0.463889 0.0265625 0.461111 0.028125 0.458333 0.2875 0.469444 0.290625 0.469444 0.292188 0.472222 0.307813 0.472222 0.309375 0.469444 0.35625 0.469444 0.359375 0.463889 0.360938 0.463889 0.364062 0.458333 0.364062 0.455556 0.365625 0.455556 0.365625 0.461111 0.36875 0.466667 0.370313 0.466667 0.371875 0.469444 0.378125 0.469444 0.384375 0.480556 0.385938 0.480556 0.389062 0.475 0.390625 0.475 0.39375 0.480556 0.392188 0.480556 0.390625 0.483333 0.385938 0.483333 0.384375 0.480556 0.382812 0.483333 0.38125 0.483333 0.379687 0.486111 0.36875 0.486111 0.367188 0.488889 0.365625 0.488889 0.390625 0.469444 0.390625 0.466667 0.392188 0.463889 0.392188 0.461111 0.390625 0.458333 0.389062 0.461111 0.389062 0.466667 0.390625 0.469444 0.403125 0.486111 0.401563 0.483333 0.409375 0.483333
0 0.0796875 0.372222 0.0796875 0.380556 0.0765625 0.386111 0.0734375 0.386111 0.071875 0.388889 0.06875 0.388889 0.0671875 0.391667 0.0640625 0.391667 0.0625 0.394444 0.0609375 0.394444 0.059375 0.397222 0.05625 0.397222 0.0546875 0.4 0.053125 0.4 0.0515625 0.402778 0.05 0.402778 0.046875 0.408333 0.0453125 0.408333 0.04375 0.411111 0.0421875 0.411111 0.040625 0.413889 0.0390625 0.413889 0.0328125 0.425 0.0328125 0.427778 0.0296875 0.433333 0.0296875 0.436111 0.0265625 0.441667 0.0265625 0.444444 0.025 0.447222 0.025 0.45 0.0234375 0.452778 0.0234375 0.461111 0.021875 0.463889 0.021875 0.469444 0.0203125 0.472222 0.0203125 0.508333 0.021875 0.511111 0.021875 0.513889 0.0234375 0.516667 0.0234375 0.525 0.025 0.527778 0.025 0.530556 0.0265625 0.533333 0.0265625 0.536111 0.028125 0.538889 0.028125 0.541667 0.0296875 0.544444 0.0296875 0.547222 0.03125 0.55 0.03125 0.552778 0.034375 0.558333 0.034375 0.561111 0.0359375 0.563889 0.0359375 0.566667 0.0375 0.569444 0.0375 0.572222 0.0390625 0.575 0.0390625 0.577778 0.040625 0.580556 0.040625 0.586111 0.0421875 0.588889 0.0421875 0.6 0.04375 0.602778 0.04375 0.605556 0.0453125 0.608333 0.0453125 0.611111 0.05 0.619444 0.0515625 0.619444 0.0546875 0.625 0.0546875 0.627778 0.05625 0.630556 0.05625 0.633333 0.059375 0.638889 0.059375 0.644444 0.0609375 0.647222 0.0609375 0.65 0.059375 0.652778 0.059375 0.658333 0.0578125 0.661111 0.0578125 0.663889 0.05625 0.666667 0.05625 0.669444 0.0375 0.702778 0.0359375 0.702778 0.0265625 0.719444 0.025 0.719444 0.01875 0.730556 0.0171875 0.730556 0.0125 0.738889 0.0109375 0.738889 0.009375 0.741667 0.003125 0.741667 0.003125 1 0.398438 1 0.398438 0.988889 0.396875 0.986111 0.396875 0.977778 0.395312 0.975 0.395312 0.972222 0.39375 0.969444 0.39375 0.966667 0.392188 0.963889 0.392188 0.961111 0.389062 0.955556 0.389062 0.952778 0.3875 0.95 0.3875 0.947222 0.385938 0.944444 0.385938 0.938889 0.384375 0.936111 0.384375 0.933333 0.382812 0.930556 0.382812 0.927778 0.38125 0.925 0.38125 0.919444 0.378125 0.913889 0.378125 0.908333 0.376563 0.905556 0.376563 0.902778 0.375 0.9 0.375 0.897222 0.365625 0.880556 0.365625 0.877778 0.364062 0.875 0.3625 0.875 0.35625 0.863889 0.35625 0.861111 0.353125 0.855556 0.353125 0.852778 0.351562 0.85 0.351562 0.847222 0.346875 0.838889 0.346875 0.836111 0.342187 0.827778 0.342187 0.825 0.339063 0.819444 0.339063 0.816667 0.335938 0.811111 0.335938 0.808333 0.33125 0.8 0.33125 0.797222 0.326562 0.788889 0.326562 0.783333 0.325 0.780556 0.325 0.775 0.323438 0.772222 0.323438 0.769444 0.321875 0.766667 0.321875 0.761111 0.317187 0.752778 0.317187 0.75 0.314063 0.744444 0.3125 0.744444 0.310937 0.741667 0.310937 0.738889 0.304688 0.727778 0.304688 0.725 0.301562 0.719444 0.301562 0.716667 0.298438 0.711111 0.298438 0.708333 0.296875 0.705556 0.296875 0.702778 0.295312 0.7 0.295312 0.697222 0.29375 0.694444 0.29375 0.691667 0.292188 0.688889 0.292188 0.686111 0.285937 0.675 0.285937 0.672222 0.282813 0.666667 0.28125 0.666667 0.278125 0.661111 0.276563 0.661111 0.275 0.658333 0.273438 0.658333 0.271875 0.655556 0.270312 0.655556 0.26875 0.652778 0.267188 0.652778 0.265625 0.65 0.2625 0.65 0.260938 0.647222 0.25625 0.647222 0.254687 0.644444 0.251563 0.644444 0.25 0.641667 0.246875 0.641667 0.245312 0.638889 0.242188 0.638889 0.240625 0.636111 0.229687 0.636111 0.228125 0.633333 0.220313 0.633333 0.214062 0.622222 0.214062 0.616667 0.2125 0.613889 0.2125 0.605556 0.214062 0.602778 0.214062 0.588889 0.2125 0.586111 0.2125 0.563889 0.210938 0.561111 0.210938 0.55 0.209375 0.547222 0.209375 0.538889 0.207813 0.536111 0.207813 0.533333 0.204688 0.527778 0.204688 0.525 0.2 0.516667 0.2 0.513889 0.19375 0.502778 0.19375 0.5 0.192188 0.497222 0.192188 0.486111 0.190625 0.483333 0.190625 0.475 0.189063 0.472222 0.189063 0.466667 0.1875 0.463889 0.1875 0.461111 0.185937 0.458333 0.185937 0.455556 0.182812 0.45 0.182812 0.447222 0.179688 0.441667 0.179688 0.438889 0.175 0.430556 0.175 0.427778 0.170312 0.419444 0.170312 0.416667 0.160938 0.4 0.159375 0.4 0.15625 0.394444 0.154687 0.394444 0.153125 0.391667 0.151562 0.391667 0.15 0.388889 0.146875 0.388889 0.145313 0.386111 0.14375 0.386111 0.142188 0.383333 0.140625 0.383333 0.139062 0.380556 0.139062 0.372222
39 0.803125 0.672222 0.803125 0.683333 0.801562 0.686111 0.801562 0.688889 0.8 0.691667 0.8 0.694444 0.796875 0.7 0.790625 0.7 0.790625 0.780556 0.795313 0.780556 0.798437 0.786111 0.8 0.786111 0.801562 0.788889 0.803125 0.788889 0.804688 0.791667 0.80625 0.791667 0.807813 0.794444 0.807813 0.802778 0.817187 0.802778 0.817187 0.794444 0.81875 0.791667 0.821875 0.791667 0.823438 0.788889 0.826563 0.788889 0.828125 0.786111 0.832812 0.786111 0.832812 0.702778 0.828125 0.702778 0.823438 0.694444 0.823438 0.691667 0.821875 0.688889 0.820312 0.688889 0.817187 0.683333 0.817187 0.672222
3 0.4125 0.491667 0.4125 0.5 0.414062 0.502778 0.4125 0.505556 0.4125 0.508333 0.410937 0.511111 0.410937 0.519444 0.409375 0.522222 0.409375 0.530556 0.40625 0.536111 0.40625 0.541667 0.404687 0.544444 0.404687 0.558333 0.417188 0.558333 0.417188 0.538889 0.415625 0.536111 0.415625 0.511111 0.414062 0.508333 0.414062 0.491667 0.4125 0.491667 0.409375 0.483333 0.407813 0.486111 0.403125 0.486111 0.390625 0.469444 0.365625 0.488889 0.3625 0.494444 0.3625 0.497222 0.360938 0.5 0.360938 0.505556 0.3625 0.508333 0.3625 0.511111 0.364062 0.513889 0.365625 0.513889 0.367188 0.516667 0.36875 0.516667 0.36875 0.519444 0.371875 0.525 0.375 0.525 0.376563 0.527778 0.378125 0.527778 0.382812 0.536111 0.384375 0.536111 0.389062 0.544444 0.395312 0.533333 0.396875 0.533333 0.398438 0.536111 0.398438 0.541667 0.4 0.544444 0.4 0.558333 0.31875 0.558333 0.31875 0.519444 0.317187 0.516667 0.317187 0.508333 0.314063 0.502778 0.310937 0.508333 0.310937 0.513889 0.309375 0.516667 0.309375 0.519444 0.307813 0.519444 0.307813 0.491667 0.30625 0.488889 0.304688 0.488889 0.303125 0.486111 0.279687 0.486111 0.278125 0.483333 0.276563 0.483333 0.275 0.486111 0.265625 0.486111 0.264062 0.488889 0.260938 0.488889 0.259375 0.491667 0.257812 0.491667 0.25625 0.494444 0.25625 0.5 0.254687 0.502778 0.259375 0.511111 0.260938 0.511111 0.2625 0.513889 0.26875 0.513889 0.270312 0.516667 0.273438 0.516667 0.273438 0.527778 0.276563 0.533333 0.278125 0.533333 0.279687 0.536111 0.282813 0.536111 0.2875 0.544444 0.289062 0.544444 0.290625 0.547222 0.292188 0.547222 0.29375 0.55 0.29375 0.558333 0.210938 0.558333 0.210938 0.547222 0.209375 0.544444 0.209375 0.541667 0.207813 0.538889 0.207813 0.536111 0.20625 0.533333 0.20625 0.530556 0.19375 0.508333 0.19375 0.505556 0.192188 0.502778 0.192188 0.5 0.190625 0.497222 0.190625 0.494444 0.189063 0.491667 0.189063 0.463889 0.1875 0.461111 0.189063 0.458333 0.232812 0.458333 0.234375 0.461111 0.242188 0.461111 0.245312 0.466667 0.254687 0.466667 0.25625 0.469444 0.28125 0.469444 0.282813 0.472222 0.285937 0.472222 0.2875 0.469444 0.028125 0.458333 0.028125 0.438889 0.078125 0.252778 0.0875 0.252778 0.0890625 0.25 0.09375 0.25 0.0953125 0.247222 0.096875 0.247222 0.096875 0.244444 0.0984375 0.241667 0.0984375 0.238889 0.1 0.236111 0.1 0.233333 0.103125 0.227778 0.114063 0.227778 0.115625 0.230556 0.132812 0.230556 0.134375 0.233333 0.139062 0.233333 0.140625 0.236111 0.142188 0.236111 0.14375 0.238889 0.148438 0.238889 0.15 0.241667 0.15625 0.241667 0.157813 0.244444 0.28125 0.244444 0.282813 0.247222 0.3125 0.247222 0.314063 0.25 0.348437 0.25 0.35 0.252778 0.398438 0.252778 0.4 0.255556 0.423438 0.255556 0.425 0.258333 0.451562 0.258333 0.453125 0.261111 0.470313 0.261111 0.471875 0.263889 0.501562 0.263889 0.503125 0.261111 0.5125 0.261111 0.514063 0.258333 0.515625 0.258333 0.517187 0.261111 0.526563 0.261111 0.528125 0.258333 0.548437 0.258333 0.55 0.261111 0.554688 0.261111 0.55625 0.263889 0.559375 0.263889 0.560938 0.266667 0.564062 0.266667 0.565625 0.269444 0.56875 0.269444 0.570312 0.272222 0.595312 0.272222 0.596875 0.275 0.621875 0.275 0.623438 0.277778 0.634375 0.277778 0.635938 0.280556 0.645312 0.280556 0.653125 0.294444 0.653125 0.308333 0.654688 0.311111 0.654688 0.338889 0.65625 0.341667 0.65625 0.355556 0.657812 0.358333 0.657812 0.366667 0.659375 0.369444 0.659375 0.375 0.660937 0.377778 0.660937 0.383333 0.6625 0.386111 0.6625 0.391667 0.664062 0.394444 0.664062 0.397222 0.665625 0.4 0.665625 0.402778 0.667188 0.405556 0.667188 0.411111 0.66875 0.413889 0.66875 0.419444 0.670313 0.422222 0.670313 0.425 0.671875 0.427778 0.671875 0.430556 0.673437 0.433333 0.673437 0.438889 0.676562 0.444444 0.676562 0.447222 0.679688 0.452778 0.679688 0.455556 0.68125 0.458333 0.68125 0.461111 0.6875 0.472222 0.6875 0.475 0.692187 0.483333 0.692187 0.486111 0.69375 0.488889 0.695312 0.488889 0.70625 0.508333 0.707812 0.508333 0.714063 0.519444 0.715625 0.519444 0.717188 0.522222 0.71875 0.522222 0.720312 0.525 0.721875 0.525 0.723437 0.527778 0.725 0.527778 0.726562 0.530556 0.729688 0.530556 0.73125 0.533333 0.734375 0.533333 0.735937 0.536111 0.7375 0.536111 0.739062 0.538889 0.740625 0.538889 0.742188 0.541667 0.748438 0.541667 0.75 0.538889 0.753125 0.538889 0.754687 0.536111 0.76875 0.536111 0.770312 0.533333 0.771875 0.533333 0.773438 0.536111 0.78125 0.536111 0.782812 0.538889 0.79375 0.538889 0.795313 0.541667 0.796875 0.541667 0.798437 0.538889 0.801562 0.538889 0.803125 0.541667 0.809375 0.541667 0.810938 0.544444 0.83125 0.544444 0.832812 0.547222 0.834375 0.547222 0.835938 0.544444 0.860937 0.544444 0.8625 0.541667 0.86875 0.541667 0.870313 0.538889 0.876562 0.538889 0.878125 0.536111 0.884375 0.536111 0.885938 0.533333 0.890625 0.533333 0.892187 0.530556 0.9 0.530556 0.901563 0.527778 0.909375 0.527778 0.910937 0.525 0.9125 0.525 0.914062 0.522222 0.91875 0.522222 0.920313 0.519444 0.923437 0.519444 0.925 0.516667 0.928125 0.516667 0.929688 0.513889 0.93125 0.513889 0.932813 0.511111 0.935938 0.511111 0.9375 0.508333 0.940625 0.508333 0.942187 0.505556 0.94375 0.505556 0.945312 0.502778 0.946875 0.502778 0.948438 0.5 0.95 0.5 0.951563 0.497222 0.953125 0.497222 0.954687 0.494444 0.957812 0.494444 0.960938 0.488889 0.9625 0.488889 0.964063 0.486111 0.965625 0.486111 0.967188 0.483333 0.96875 0.483333 0.973437 0.475 0.975 0.475 0.978125 0.469444 0.979688 0.469444 0.984375 0.461111 0.985937 0.461111 0.9875 0.458333 0.989062 0.458333 0.990625 0.455556 0.99375 0.455556 0.995313 0.452778 0.998438 0.452778 0.998438 0 0.003125 0 0.003125 0.219444 0.0140625 0.219444 0.015625 0.222222 0.0203125 0.222222 0.021875 0.225 0.028125 0.225 0.0296875 0.227778 0.0359375 0.227778 0.0375 0.230556 0.0453125 0.230556 0.046875 0.233333 0.0515625 0.233333 0.053125 0.236111 0.0578125 0.236111 0.059375 0.238889 0.065625 0.238889 0.0671875 0.241667 0.06875 0.241667 0.0703125 0.244444 0.071875 0.244444 0.075 0.25 0.0765625 0.25 0.078125 0.252778 0.028125 0.438889 0.0265625 0.438889 0.0234375 0.444444 0.021875 0.444444 0.0203125 0.447222 0.003125 0.447222 0.003125 0.558333 0.0296875 0.558333 0.0296875 0.536111 0.028125 0.533333 0.028125 0.525 0.0265625 0.522222 0.0265625 0.516667 0.025 0.513889 0.025 0.505556 0.0234375 0.502778 0.0234375 0.472222 0.025 0.469444 0.025 0.466667 0.0265625 0.463889 0.0265625 0.461111 0.028125 0.458333 0.2875 0.469444 0.290625 0.469444 0.292188 0.472222 0.307813 0.472222 0.309375 0.469444 0.35625 0.469444 0.359375 0.463889 0.360938 0.463889 0.364062 0.458333 0.364062 0.455556 0.365625 0.455556 0.365625 0.461111 0.36875 0.466667 0.370313 0.466667 0.371875 0.469444 0.378125 0.469444 0.384375 0.480556 0.385938 0.480556 0.389062 0.475 0.390625 0.475 0.39375 0.480556 0.392188 0.480556 0.390625 0.483333 0.385938 0.483333 0.384375 0.480556 0.382812 0.483333 0.38125 0.483333 0.379687 0.486111 0.36875 0.486111 0.367188 0.488889 0.365625 0.488889 0.390625 0.469444 0.390625 0.466667 0.392188 0.463889 0.392188 0.461111 0.390625 0.458333 0.389062 0.461111 0.389062 0.466667 0.390625 0.469444 0.403125 0.486111 0.401563 0.483333 0.409375 0.483333
0 0.0796875 0.372222 0.0796875 0.380556 0.0765625 0.386111 0.0734375 0.386111 0.071875 0.388889 0.06875 0.388889 0.0671875 0.391667 0.0640625 0.391667 0.0625 0.394444 0.0609375 0.394444 0.059375 0.397222 0.05625 0.397222 0.0546875 0.4 0.053125 0.4 0.0515625 0.402778 0.05 0.402778 0.046875 0.408333 0.0453125 0.408333 0.04375 0.411111 0.0421875 0.411111 0.040625 0.413889 0.0390625 0.413889 0.0328125 0.425 0.0328125 0.427778 0.0296875 0.433333 0.0296875 0.436111 0.0265625 0.441667 0.0265625 0.444444 0.025 0.447222 0.025 0.45 0.0234375 0.452778 0.0234375 0.461111 0.021875 0.463889 0.021875 0.469444 0.0203125 0.472222 0.0203125 0.508333 0.021875 0.511111 0.021875 0.513889 0.0234375 0.516667 0.0234375 0.525 0.025 0.527778 0.025 0.530556 0.0265625 0.533333 0.0265625 0.536111 0.028125 0.538889 0.028125 0.541667 0.0296875 0.544444 0.0296875 0.547222 0.03125 0.55 0.03125 0.552778 0.034375 0.558333 0.034375 0.561111 0.0359375 0.563889 0.0359375 0.566667 0.0375 0.569444 0.0375 0.572222 0.0390625 0.575 0.0390625 0.577778 0.040625 0.580556 0.040625 0.586111 0.0421875 0.588889 0.0421875 0.6 0.04375 0.602778 0.04375 0.605556 0.0453125 0.608333 0.0453125 0.611111 0.05 0.619444 0.0515625 0.619444 0.0546875 0.625 0.0546875 0.627778 0.05625 0.630556 0.05625 0.633333 0.059375 0.638889 0.059375 0.644444 0.0609375 0.647222 0.0609375 0.65 0.059375 0.652778 0.059375 0.658333 0.0578125 0.661111 0.0578125 0.663889 0.05625 0.666667 0.05625 0.669444 0.0375 0.702778 0.0359375 0.702778 0.0265625 0.719444 0.025 0.719444 0.01875 0.730556 0.0171875 0.730556 0.0125 0.738889 0.0109375 0.738889 0.009375 0.741667 0.003125 0.741667 0.003125 1 0.398438 1 0.398438 0.988889 0.396875 0.986111 0.396875 0.977778 0.395312 0.975 0.395312 0.972222 0.39375 0.969444 0.39375 0.966667 0.392188 0.963889 0.392188 0.961111 0.389062 0.955556 0.389062 0.952778 0.3875 0.95 0.3875 0.947222 0.385938 0.944444 0.385938 0.938889 0.384375 0.936111 0.384375 0.933333 0.382812 0.930556 0.382812 0.927778 0.38125 0.925 0.38125 0.919444 0.378125 0.913889 0.378125 0.908333 0.376563 0.905556 0.376563 0.902778 0.375 0.9 0.375 0.897222 0.365625 0.880556 0.365625 0.877778 0.364062 0.875 0.3625 0.875 0.35625 0.863889 0.35625 0.861111 0.353125 0.855556 0.353125 0.852778 0.351562 0.85 0.351562 0.847222 0.346875 0.838889 0.346875 0.836111 0.342187 0.827778 0.342187 0.825 0.339063 0.819444 0.339063 0.816667 0.335938 0.811111 0.335938 0.808333 0.33125 0.8 0.33125 0.797222 0.326562 0.788889 0.326562 0.783333 0.325 0.780556 0.325 0.775 0.323438 0.772222 0.323438 0.769444 0.321875 0.766667 0.321875 0.761111 0.317187 0.752778 0.317187 0.75 0.314063 0.744444 0.3125 0.744444 0.310937 0.741667 0.310937 0.738889 0.304688 0.727778 0.304688 0.725 0.301562 0.719444 0.301562 0.716667 0.298438 0.711111 0.298438 0.708333 0.296875 0.705556 0.296875 0.702778 0.295312 0.7 0.295312 0.697222 0.29375 0.694444 0.29375 0.691667 0.292188 0.688889 0.292188 0.686111 0.285937 0.675 0.285937 0.672222 0.282813 0.666667 0.28125 0.666667 0.278125 0.661111 0.276563 0.661111 0.275 0.658333 0.273438 0.658333 0.271875 0.655556 0.270312 0.655556 0.26875 0.652778 0.267188 0.652778 0.265625 0.65 0.2625 0.65 0.260938 0.647222 0.25625 0.647222 0.254687 0.644444 0.251563 0.644444 0.25 0.641667 0.246875 0.641667 0.245312 0.638889 0.242188 0.638889 0.240625 0.636111 0.229687 0.636111 0.228125 0.633333 0.220313 0.633333 0.214062 0.622222 0.214062 0.616667 0.2125 0.613889 0.2125 0.605556 0.214062 0.602778 0.214062 0.588889 0.2125 0.586111 0.2125 0.563889 0.210938 0.561111 0.210938 0.55 0.209375 0.547222 0.209375 0.538889 0.207813 0.536111 0.207813 0.533333 0.204688 0.527778 0.204688 0.525 0.2 0.516667 0.2 0.513889 0.19375 0.502778 0.19375 0.5 0.192188 0.497222 0.192188 0.486111 0.190625 0.483333 0.190625 0.475 0.189063 0.472222 0.189063 0.466667 0.1875 0.463889 0.1875 0.461111 0.185937 0.458333 0.185937 0.455556 0.182812 0.45 0.182812 0.447222 0.179688 0.441667 0.179688 0.438889 0.175 0.430556 0.175 0.427778 0.170312 0.419444 0.170312 0.416667 0.160938 0.4 0.159375 0.4 0.15625 0.394444 0.154687 0.394444 0.153125 0.391667 0.151562 0.391667 0.15 0.388889 0.146875 0.388889 0.145313 0.386111 0.14375 0.386111 0.142188 0.383333 0.140625 0.383333 0.139062 0.380556 0.139062 0.372222
39 0.803125 0.672222 0.803125 0.683333 0.801562 0.686111 0.801562 0.688889 0.8 0.691667 0.8 0.694444 0.796875 0.7 0.790625 0.7 0.790625 0.780556 0.795313 0.780556 0.798437 0.786111 0.8 0.786111 0.801562 0.788889 0.803125 0.788889 0.804688 0.791667 0.80625 0.791667 0.807813 0.794444 0.807813 0.802778 0.817187 0.802778 0.817187 0.794444 0.81875 0.791667 0.821875 0.791667 0.823438 0.788889 0.826563 0.788889 0.828125 0.786111 0.832812 0.786111 0.832812 0.702778 0.828125 0.702778 0.823438 0.694444 0.823438 0.691667 0.821875 0.688889 0.820312 0.688889 0.817187 0.683333 0.817187 0.672222
3 0.4125 0.491667 0.4125 0.5 0.414062 0.502778 0.4125 0.505556 0.4125 0.508333 0.410937 0.511111 0.410937 0.519444 0.409375 0.522222 0.409375 0.530556 0.40625 0.536111 0.40625 0.541667 0.404687 0.544444 0.404687 0.558333 0.417188 0.558333 0.417188 0.538889 0.415625 0.536111 0.415625 0.511111 0.414062 0.508333 0.414062 0.491667 0.4125 0.491667 0.409375 0.483333 0.407813 0.486111 0.403125 0.486111 0.390625 0.469444 0.365625 0.488889 0.3625 0.494444 0.3625 0.497222 0.360938 0.5 0.360938 0.505556 0.3625 0.508333 0.3625 0.511111 0.364062 0.513889 0.365625 0.513889 0.367188 0.516667 0.36875 0.516667 0.36875 0.519444 0.371875 0.525 0.375 0.525 0.376563 0.527778 0.378125 0.527778 0.382812 0.536111 0.384375 0.536111 0.389062 0.544444 0.395312 0.533333 0.396875 0.533333 0.398438 0.536111 0.398438 0.541667 0.4 0.544444 0.4 0.558333 0.31875 0.558333 0.31875 0.519444 0.317187 0.516667 0.317187 0.508333 0.314063 0.502778 0.310937 0.508333 0.310937 0.513889 0.309375 0.516667 0.309375 0.519444 0.307813 0.519444 0.307813 0.491667 0.30625 0.488889 0.304688 0.488889 0.303125 0.486111 0.279687 0.486111 0.278125 0.483333 0.276563 0.483333 0.275 0.486111 0.265625 0.486111 0.264062 0.488889 0.260938 0.488889 0.259375 0.491667 0.257812 0.491667 0.25625 0.494444 0.25625 0.5 0.254687 0.502778 0.259375 0.511111 0.260938 0.511111 0.2625 0.513889 0.26875 0.513889 0.270312 0.516667 0.273438 0.516667 0.273438 0.527778 0.276563 0.533333 0.278125 0.533333 0.279687 0.536111 0.282813 0.536111 0.2875 0.544444 0.289062 0.544444 0.290625 0.547222 0.292188 0.547222 0.29375 0.55 0.29375 0.558333 0.210938 0.558333 0.210938 0.547222 0.209375 0.544444 0.209375 0.541667 0.207813 0.538889 0.207813 0.536111 0.20625 0.533333 0.20625 0.530556 0.19375 0.508333 0.19375 0.505556 0.192188 0.502778 0.192188 0.5 0.190625 0.497222 0.190625 0.494444 0.189063 0.491667 0.189063 0.463889 0.1875 0.461111 0.189063 0.458333 0.232812 0.458333 0.234375 0.461111 0.242188 0.461111 0.245312 0.466667 0.254687 0.466667 0.25625 0.469444 0.28125 0.469444 0.282813 0.472222 0.285937 0.472222 0.2875 0.469444 0.028125 0.458333 0.028125 0.438889 0.078125 0.252778 0.0875 0.252778 0.0890625 0.25 0.09375 0.25 0.0953125 0.247222 0.096875 0.247222 0.096875 0.244444 0.0984375 0.241667 0.0984375 0.238889 0.1 0.236111 0.1 0.233333 0.103125 0.227778 0.114063 0.227778 0.115625 0.230556 0.132812 0.230556 0.134375 0.233333 0.139062 0.233333 0.140625 0.236111 0.142188 0.236111 0.14375 0.238889 0.148438 0.238889 0.15 0.241667 0.15625 0.241667 0.157813 0.244444 0.28125 0.244444 0.282813 0.247222 0.3125 0.247222 0.314063 0.25 0.348437 0.25 0.35 0.252778 0.398438 0.252778 0.4 0.255556 0.423438 0.255556 0.425 0.258333 0.451562 0.258333 0.453125 0.261111 0.470313 0.261111 0.471875 0.263889 0.501562 0.263889 0.503125 0.261111 0.5125 0.261111 0.514063 0.258333 0.515625 0.258333 0.517187 0.261111 0.526563 0.261111 0.528125 0.258333 0.548437 0.258333 0.55 0.261111 0.554688 0.261111 0.55625 0.263889 0.559375 0.263889 0.560938 0.266667 0.564062 0.266667 0.565625 0.269444 0.56875 0.269444 0.570312 0.272222 0.595312 0.272222 0.596875 0.275 0.621875 0.275 0.623438 0.277778 0.634375 0.277778 0.635938 0.280556 0.645312 0.280556 0.653125 0.294444 0.653125 0.308333 0.654688 0.311111 0.654688 0.338889 0.65625 0.341667 0.65625 0.355556 0.657812 0.358333 0.657812 0.366667 0.659375 0.369444 0.659375 0.375 0.660937 0.377778 0.660937 0.383333 0.6625 0.386111 0.6625 0.391667 0.664062 0.394444 0.664062 0.397222 0.665625 0.4 0.665625 0.402778 0.667188 0.405556 0.667188 0.411111 0.66875 0.413889 0.66875 0.419444 0.670313 0.422222 0.670313 0.425 0.671875 0.427778 0.671875 0.430556 0.673437 0.433333 0.673437 0.438889 0.676562 0.444444 0.676562 0.447222 0.679688 0.452778 0.679688 0.455556 0.68125 0.458333 0.68125 0.461111 0.6875 0.472222 0.6875 0.475 0.692187 0.483333 0.692187 0.486111 0.69375 0.488889 0.695312 0.488889 0.70625 0.508333 0.707812 0.508333 0.714063 0.519444 0.715625 0.519444 0.717188 0.522222 0.71875 0.522222 0.720312 0.525 0.721875 0.525 0.723437 0.527778 0.725 0.527778 0.726562 0.530556 0.729688 0.530556 0.73125 0.533333 0.734375 0.533333 0.735937 0.536111 0.7375 0.536111 0.739062 0.538889 0.740625 0.538889 0.742188 0.541667 0.748438 0.541667 0.75 0.538889 0.753125 0.538889 0.754687 0.536111 0.76875 0.536111 0.770312 0.533333 0.771875 0.533333 0.773438 0.536111 0.78125 0.536111 0.782812 0.538889 0.79375 0.538889 0.795313 0.541667 0.796875 0.541667 0.798437 0.538889 0.801562 0.538889 0.803125 0.541667 0.809375 0.541667 0.810938 0.544444 0.83125 0.544444 0.832812 0.547222 0.834375 0.547222 0.835938 0.544444 0.860937 0.544444 0.8625 0.541667 0.86875 0.541667 0.870313 0.538889 0.876562 0.538889 0.878125 0.536111 0.884375 0.536111 0.885938 0.533333 0.890625 0.533333 0.892187 0.530556 0.9 0.530556 0.901563 0.527778 0.909375 0.527778 0.910937 0.525 0.9125 0.525 0.914062 0.522222 0.91875 0.522222 0.920313 0.519444 0.923437 0.519444 0.925 0.516667 0.928125 0.516667 0.929688 0.513889 0.93125 0.513889 0.932813 0.511111 0.935938 0.511111 0.9375 0.508333 0.940625 0.508333 0.942187 0.505556 0.94375 0.505556 0.945312 0.502778 0.946875 0.502778 0.948438 0.5 0.95 0.5 0.951563 0.497222 0.953125 0.497222 0.954687 0.494444 0.957812 0.494444 0.960938 0.488889 0.9625 0.488889 0.964063 0.486111 0.965625 0.486111 0.967188 0.483333 0.96875 0.483333 0.973437 0.475 0.975 0.475 0.978125 0.469444 0.979688 0.469444 0.984375 0.461111 0.985937 0.461111 0.9875 0.458333 0.989062 0.458333 0.990625 0.455556 0.99375 0.455556 0.995313 0.452778 0.998438 0.452778 0.998438 0 0.003125 0 0.003125 0.219444 0.0140625 0.219444 0.015625 0.222222 0.0203125 0.222222 0.021875 0.225 0.028125 0.225 0.0296875 0.227778 0.0359375 0.227778 0.0375 0.230556 0.0453125 0.230556 0.046875 0.233333 0.0515625 0.233333 0.053125 0.236111 0.0578125 0.236111 0.059375 0.238889 0.065625 0.238889 0.0671875 0.241667 0.06875 0.241667 0.0703125 0.244444 0.071875 0.244444 0.075 0.25 0.0765625 0.25 0.078125 0.252778 0.028125 0.438889 0.0265625 0.438889 0.0234375 0.444444 0.021875 0.444444 0.0203125 0.447222 0.003125 0.447222 0.003125 0.558333 0.0296875 0.558333 0.0296875 0.536111 0.028125 0.533333 0.028125 0.525 0.0265625 0.522222 0.0265625 0.516667 0.025 0.513889 0.025 0.505556 0.0234375 0.502778 0.0234375 0.472222 0.025 0.469444 0.025 0.466667 0.0265625 0.463889 0.0265625 0.461111 0.028125 0.458333 0.2875 0.469444 0.290625 0.469444 0.292188 0.472222 0.307813 0.472222 0.309375 0.469444 0.35625 0.469444 0.359375 0.463889 0.360938 0.463889 0.364062 0.458333 0.364062 0.455556 0.365625 0.455556 0.365625 0.461111 0.36875 0.466667 0.370313 0.466667 0.371875 0.469444 0.378125 0.469444 0.384375 0.480556 0.385938 0.480556 0.389062 0.475 0.390625 0.475 0.39375 0.480556 0.392188 0.480556 0.390625 0.483333 0.385938 0.483333 0.384375 0.480556 0.382812 0.483333 0.38125 0.483333 0.379687 0.486111 0.36875 0.486111 0.367188 0.488889 0.365625 0.488889 0.390625 0.469444 0.390625 0.466667 0.392188 0.463889 0.392188 0.461111 0.390625 0.458333 0.389062 0.461111 0.389062 0.466667 0.390625 0.469444 0.403125 0.486111 0.401563 0.483333 0.409375 0.483333
