67 0.104687 0.844444 0.103125 0.847222 0.0984375 0.847222 0.096875 0.85 0.0953125 0.85 0.09375 0.847222 0.090625 0.847222 0.0890625 0.844444 0.084375 0.844444 0.084375 0.880556 0.173438 0.880556 0.173438 0.872222 0.171875 0.869444 0.167187 0.869444 0.165625 0.872222 0.164062 0.872222 0.1625 0.869444 0.154687 0.869444 0.153125 0.866667 0.146875 0.866667 0.145313 0.863889 0.14375 0.863889 0.140625 0.858333 0.140625 0.85 0.1375 0.85 0.135937 0.852778 0.135937 0.855556 0.134375 0.858333 0.13125 0.852778 0.13125 0.85 0.129688 0.85 0.128125 0.847222 0.126563 0.847222 0.125 0.85 0.123438 0.85 0.121875 0.852778 0.120312 0.852778 0.11875 0.85 0.11875 0.847222 0.117188 0.847222 0.115625 0.844444 0.104687 0.844444 0.10625 0.833333 0.1125 0.833333 0.114063 0.830556 0.142188 0.830556 0.14375 0.827778 0.153125 0.827778 0.154687 0.825 0.176563 0.825 0.178125 0.822222 0.204688 0.822222 0.20625 0.819444 0.2125 0.819444 0.214062 0.816667 0.220313 0.816667 0.220313 0.813889 0.221875 0.811111 0.221875 0.808333 0.223438 0.805556 0.223438 0.802778 0.226562 0.797222 0.226562 0.794444 0.228125 0.791667 0.228125 0.788889 0.234375 0.777778 0.234375 0.775 0.235938 0.772222 0.235938 0.769444 0.25625 0.733333 0.257812 0.733333 0.260938 0.727778 0.264062 0.727778 0.265625 0.725 0.26875 0.725 0.270312 0.722222 0.278125 0.722222 0.279687 0.725 0.282813 0.725 0.284375 0.727778 0.285937 0.727778 0.29375 0.741667 0.29375 0.744444 0.295312 0.747222 0.295312 0.769444 0.29375 0.772222 0.29375 0.794444 0.292188 0.797222 0.292188 0.816667 0.290625 0.819444 0.290625 0.827778 0.289062 0.830556 0.289062 0.833333 0.2875 0.836111 0.2875 0.841667 0.285937 0.844444 0.285937 0.85 0.284375 0.852778 0.284375 0.863889 0.282813 0.866667 0.282813 0.880556 0.914062 0.880556 0.914062 0.866667 0.915625 0.863889 0.915625 0.841667 0.914062 0.838889 0.914062 0.830556 0.915625 0.827778 0.915625 0.788889 0.917188 0.786111 0.917188 0.736111 0.91875 0.733333 0.91875 0.702778 0.920313 0.7 0.920313 0.655556 0.921875 0.652778 0.921875 0.611111 0.923437 0.608333 0.923437 0.558333 0.925 0.555556 0.925 0.466667 0.926562 0.463889 0.926562 0.427778 0.928125 0.425 0.928125 0.380556 0.929688 0.377778 0.929688 0.319444 0.93125 0.316667 0.93125 0.280556 0.932813 0.277778 0.932813 0.247222 0.934375 0.244444 0.939062 0.244444 0.939062 0.00555556 0.084375 0.00555556 0.084375 0.6 0.0890625 0.6 0.090625 0.602778 0.090625 0.616667 0.0921875 0.619444 0.0921875 0.7 0.090625 0.702778 0.090625 0.722222 0.0890625 0.725 0.084375 0.725 0.084375 0.822222 0.0921875 0.822222 0.09375 0.825 0.096875 0.825 0.0984375 0.827778 0.101562 0.827778 0.103125 0.830556 0.104687 0.830556 0.10625 0.833333
0 0.254687 0.727778 0.254687 0.738889 0.245312 0.755556 0.24375 0.755556 0.24375 0.758333 0.239063 0.766667 0.239063 0.769444 0.235938 0.775 0.235938 0.777778 0.232812 0.783333 0.232812 0.786111 0.229687 0.791667 0.229687 0.794444 0.228125 0.797222 0.228125 0.8 0.225 0.805556 0.225 0.808333 0.223438 0.811111 0.223438 0.813889 0.220313 0.819444 0.220313 0.822222 0.21875 0.825 0.21875 0.827778 0.215625 0.833333 0.215625 0.836111 0.214062 0.838889 0.214062 0.841667 0.210938 0.847222 0.210938 0.852778 0.209375 0.855556 0.209375 0.858333 0.204688 0.866667 0.204688 0.869444 0.2 0.877778 0.2 0.880556 0.198437 0.883333 0.198437 0.886111 0.195312 0.891667 0.195312 0.894444 0.19375 0.897222 0.19375 0.9 0.192188 0.902778 0.192188 0.905556 0.190625 0.908333 0.190625 0.911111 0.189063 0.913889 0.189063 0.916667 0.1875 0.919444 0.1875 0.922222 0.185937 0.925 0.185937 0.930556 0.184375 0.933333 0.184375 0.938889 0.182812 0.941667 0.182812 0.944444 0.18125 0.947222 0.18125 0.95 0.179688 0.952778 0.179688 0.958333 0.176563 0.963889 0.171875 0.963889 0.171875 1 0.253125 1 0.253125 0.991667 0.254687 0.988889 0.254687 0.986111 0.25625 0.983333 0.25625 0.977778 0.257812 0.975 0.257812 0.972222 0.259375 0.969444 0.259375 0.963889 0.260938 0.961111 0.260938 0.958333 0.2625 0.955556 0.2625 0.95 0.264062 0.947222 0.264062 0.941667 0.265625 0.938889 0.265625 0.936111 0.267188 0.933333 0.267188 0.927778 0.26875 0.925 0.26875 0.916667 0.270312 0.913889 0.270312 0.905556 0.271875 0.902778 0.271875 0.897222 0.273438 0.894444 0.273438 0.888889 0.275 0.886111 0.275 0.877778 0.276563 0.875 0.276563 0.869444 0.278125 0.866667 0.278125 0.858333 0.279687 0.855556 0.279687 0.841667 0.28125 0.838889 0.28125 0.830556 0.282813 0.827778 0.282813 0.819444 0.284375 0.816667 0.284375 0.813889 0.2875 0.808333 0.2875 0.805556 0.289062 0.802778 0.289062 0.797222 0.290625 0.794444 0.290625 0.786111 0.292188 0.783333 0.292188 0.766667 0.29375 0.763889 0.29375 0.75 0.292188 0.747222 0.292188 0.741667 0.290625 0.738889 0.290625 0.727778
67 0 0.238889 0 0.836111 0.0171875 0.836111 0.0171875 0.827778 0.0203125 0.822222 0.0234375 0.822222 0.025 0.819444 0.028125 0.819444 0.0296875 0.816667 0.0375 0.816667 0.0390625 0.819444 0.040625 0.819444 0.0421875 0.816667 0.0515625 0.816667 0.0515625 0.741667 0.046875 0.741667 0.0453125 0.738889 0.0453125 0.661111 0.046875 0.658333 0.0515625 0.658333 0.0515625 0.386111 0.046875 0.386111 0.0453125 0.383333 0.0453125 0.369444 0.04375 0.366667 0.04375 0.361111 0.0421875 0.358333 0.0421875 0.35 0.040625 0.347222 0.040625 0.338889 0.0390625 0.336111 0.0390625 0.322222 0.0375 0.319444 0.0375 0.302778 0.0359375 0.3 0.0359375 0.272222 0.034375 0.269444 0.034375 0.255556 0.0328125 0.252778 0.0328125 0.238889
62 0.104687 0.844444 0.103125 0.847222 0.0984375 0.847222 0.096875 0.85 0.0953125 0.85 0.09375 0.847222 0.090625 0.847222 0.0890625 0.844444 0.084375 0.844444 0.084375 0.880556 0.173438 0.880556 0.173438 0.872222 0.171875 0.869444 0.167187 0.869444 0.165625 0.872222 0.164062 0.872222 0.1625 0.869444 0.154687 0.869444 0.153125 0.866667 0.146875 0.866667 0.145313 0.863889 0.14375 0.863889 0.140625 0.858333 0.140625 0.85 0.1375 0.85 0.135937 0.852778 0.135937 0.855556 0.134375 0.858333 0.13125 0.852778 0.13125 0.85 0.129688 0.85 0.128125 0.847222 0.126563 0.847222 0.125 0.85 0.123438 0.85 0.121875 0.852778 0.120312 0.852778 0.11875 0.85 0.11875 0.847222 0.117188 0.847222 0.115625 0.844444 0.104687 0.844444 0.10625 0.833333 0.1125 0.833333 0.114063 0.830556 0.142188 0.830556 0.14375 0.827778 0.153125 0.827778 0.154687 0.825 0.176563 0.825 0.178125 0.822222 0.204688 0.822222 0.20625 0.819444 0.2125 0.819444 0.214062 0.816667 0.220313 0.816667 0.220313 0.813889 0.221875 0.811111 0.221875 0.808333 0.223438 0.805556 0.223438 0.802778 0.226562 0.797222 0.226562 0.794444 0.228125 0.791667 0.228125 0.788889 0.234375 0.777778 0.234375 0.775 0.235938 0.772222 0.235938 0.769444 0.25625 0.733333 0.257812 0.733333 0.260938 0.727778 0.264062 0.727778 0.265625 0.725 0.26875 0.725 0.270312 0.722222 0.278125 0.722222 0.279687 0.725 0.282813 0.725 0.284375 0.727778 0.285937 0.727778 0.29375 0.741667 0.29375 0.744444 0.295312 0.747222 0.295312 0.769444 0.29375 0.772222 0.29375 0.794444 0.292188 0.797222 0.292188 0.816667 0.290625 0.819444 0.290625 0.827778 0.289062 0.830556 0.289062 0.833333 0.2875 0.836111 0.2875 0.841667 0.285937 0.844444 0.285937 0.85 0.284375 0.852778 0.284375 0.863889 0.282813 0.866667 0.282813 0.880556 0.914062 0.880556 0.914062 0.866667 0.915625 0.863889 0.915625 0.841667 0.914062 0.838889 0.914062 0.830556 0.915625 0.827778 0.915625 0.788889 0.917188 0.786111 0.917188 0.736111 0.91875 0.733333 0.91875 0.702778 0.920313 0.7 0.920313 0.655556 0.921875 0.652778 0.921875 0.611111 0.923437 0.608333 0.923437 0.558333 0.925 0.555556 0.925 0.466667 0.926562 0.463889 0.926562 0.427778 0.928125 0.425 0.928125 0.380556 0.929688 0.377778 0.929688 0.319444 0.93125 0.316667 0.93125 0.280556 0.932813 0.277778 0.932813 0.247222 0.934375 0.244444 0.939062 0.244444 0.939062 0.00555556 0.084375 0.00555556 0.084375 0.6 0.0890625 0.6 0.090625 0.602778 0.090625 0.616667 0.0921875 0.619444 0.0921875 0.7 0.090625 0.702778 0.090625 0.722222 0.0890625 0.725 0.084375 0.725 0.084375 0.822222 0.0921875 0.822222 0.09375 0.825 0.096875 0.825 0.0984375 0.827778 0.101562 0.827778 0.103125 0.830556 0.104687 0.830556 0.10625 0.833333
67 0.104687 0.844444 0.103125 0.847222 0.0984375 0.847222 0.096875 0.85 0.0953125 0.85 0.09375 0.847222 0.090625 0.847222 0.0890625 0.844444 0.084375 0.844444 0.084375 0.880556 0.173438 0.880556 0.173438 0.872222 0.171875 0.869444 0.167187 0.869444 0.165625 0.872222 0.164062 0.872222 0.1625 0.869444 0.154687 0.869444 0.153125 0.866667 0.146875 0.866667 0.145313 0.863889 0.14375 0.863889 0.140625 0.858333 0.140625 0.85 0.1375 0.85 0.135937 0.852778 0.135937 0.855556 0.134375 0.858333 0.13125 0.852778 0.13125 0.85 0.129688 0.85 0.128125 0.847222 0.126563 0.847222 0.125 0.85 0.123438 0.85 0.121875 0.852778 0.120312 0.852778 0.11875 0.85 0.11875 0.847222 0.117188 0.847222 0.115625 0.844444 0.104687 0.844444 0.10625 0.833333 0.1125 0.833333 0.114063 0.830556 0.142188 0.830556 0.14375 0.827778 0.153125 0.827778 0.154687 0.825 0.176563 0.825 0.178125 0.822222 0.204688 0.822222 0.20625 0.819444 0.2125 0.819444 0.214062 0.816667 0.220313 0.816667 0.220313 0.813889 0.221875 0.811111 0.221875 0.808333 0.223438 0.805556 0.223438 0.802778 0.226562 0.797222 0.226562 0.794444 0.228125 0.791667 0.228125 0.788889 0.234375 0.777778 0.234375 0.775 0.235938 0.772222 0.235938 0.769444 0.25625 0.733333 0.257812 0.733333 0.260938 0.727778 0.264062 0.727778 0.265625 0.725 0.26875 0.725 0.270312 0.722222 0.278125 0.722222 0.279687 0.725 0.282813 0.725 0.284375 0.727778 0.285937 0.727778 0.29375 0.741667 0.29375 0.744444 0.295312 0.747222 0.295312 0.769444 0.29375 0.772222 0.29375 0.794444 0.292188 0.797222 0.292188 0.816667 0.290625 0.819444 0.290625 0.827778 0.289062 0.830556 0.289062 0.833333 0.2875 0.836111 0.2875 0.841667 0.285937 0.844444 0.285937 0.85 0.284375 0.852778 0.284375 0.863889 0.282813 0.866667 0.282813 0.880556 0.914062 0.880556 0.914062 0.866667 0.915625 0.863889 0.915625 0.841667 0.914062 0.838889 0.914062 0.830556 0.915625 0.827778 0.915625 0.788889 0.917188 0.786111 0.917188 0.736111 0.91875 0.733333 0.91875 0.702778 0.920313 0.7 0.920313 0.655556 0.921875 0.652778 0.921875 0.611111 0.923437 0.608333 0.923437 0.558333 0.925 0.555556 0.925 0.466667 0.926562 0.463889 0.926562 0.427778 0.928125 0.425 0.928125 0.380556 0.929688 0.377778 0.929688 0.319444 0.93125 0.316667 0.93125 0.280556 0.932813 0.277778 0.932813 0.247222 0.934375 0.244444 0.939062 0.244444 0.939062 0.00555556 0.084375 0.00555556 0.084375 0.6 0.0890625 0.6 0.090625 0.602778 0.090625 0.616667 0.0921875 0.619444 0.0921875 0.7 0.090625 0.702778 0.090625 0.722222 0.0890625 0.725 0.084375 0.725 0.084375 0.822222 0.0921875 0.822222 0.09375 0.825 0.096875 0.825 0.0984375 0.827778 0.101562 0.827778 0.103125 0.830556 0.104687 0.830556 0.10625 0.833333
0 0.254687 0.727778 0.254687 0.738889 0.245312 0.755556 0.24375 0.755556 0.24375 0.758333 0.239063 0.766667 0.239063 0.769444 0.235938 0.775 0.235938 0.777778 0.232812 0.783333 0.232812 0.786111 0.229687 0.791667 0.229687 0.794444 0.228125 0.797222 0.228125 0.8 0.225 0.805556 0.225 0.808333 0.223438 0.811111 0.223438 0.813889 0.220313 0.819444 0.220313 0.822222 0.21875 0.825 0.21875 0.827778 0.215625 0.833333 0.215625 0.836111 0.214062 0.838889 0.214062 0.841667 0.210938 0.847222 0.210938 0.852778 0.209375 0.855556 0.209375 0.858333 0.204688 0.866667 0.204688 0.869444 0.2 0.877778 0.2 0.880556 0.198437 0.883333 0.198437 0.886111 0.195312 0.891667 0.195312 0.894444 0.19375 0.897222 0.19375 0.9 0.192188 0.902778 0.192188 0.905556 0.190625 0.908333 0.190625 0.911111 0.189063 0.913889 0.189063 0.916667 0.1875 0.919444 0.1875 0.922222 0.185937 0.925 0.185937 0.930556 0.184375 0.933333 0.184375 0.938889 0.182812 0.941667 0.182812 0.944444 0.18125 0.947222 0.18125 0.95 0.179688 0.952778 0.179688 0.958333 0.176563 0.963889 0.171875 0.963889 0.171875 1 0.253125 1 0.253125 0.991667 0.254687 0.988889 0.254687 0.986111 0.25625 0.983333 0.25625 0.977778 0.257812 0.975 0.257812 0.972222 0.259375 0.969444 0.259375 0.963889 0.260938 0.961111 0.260938 0.958333 0.2625 0.955556 0.2625 0.95 0.264062 0.947222 0.264062 0.941667 0.265625 0.938889 0.265625 0.936111 0.267188 0.933333 0.267188 0.927778 0.26875 0.925 0.26875 0.916667 0.270312 0.913889 0.270312 0.905556 0.271875 0.902778 0.271875 0.897222 0.273438 0.894444 0.273438 0.888889 0.275 0.886111 0.275 0.877778 0.276563 0.875 0.276563 0.869444 0.278125 0.866667 0.278125 0.858333 0.279687 0.855556 0.279687 0.841667 0.28125 0.838889 0.28125 0.830556 0.282813 0.827778 0.282813 0.819444 0.284375 0.816667 0.284375 0.813889 0.2875 0.808333 0.2875 0.805556 0.289062 0.802778 0.289062 0.797222 0.290625 0.794444 0.290625 0.786111 0.292188 0.783333 0.292188 0.766667 0.29375 0.763889 0.29375 0.75 0.292188 0.747222 0.292188 0.741667 0.290625 0.738889 0.290625 0.727778
67 0 0.238889 0 0.836111 0.0171875 0.836111 0.0171875 0.827778 0.0203125 0.822222 0.0234375 0.822222 0.025 0.819444 0.028125 0.819444 0.0296875 0.816667 0.0375 0.816667 0.0390625 0.819444 0.040625 0.819444 0.0421875 0.816667 0.0515625 0.816667 0.0515625 0.741667 0.046875 0.741667 0.0453125 0.738889 0.0453125 0.661111 0.046875 0.658333 0.0515625 0.658333 0.0515625 0.386111 0.046875 0.386111 0.0453125 0.383333 0.0453125 0.369444 0.04375 0.366667 0.04375 0.361111 0.0421875 0.358333 0.0421875 0.35 0.040625 0.347222 0.040625 0.338889 0.0390625 0.336111 0.0390625 0.322222 0.0375 0.319444 0.0375 0.302778 0.0359375 0.3 0.0359375 0.272222 0.034375 0.269444 0.034375 0.255556 0.0328125 0.252778 0.0328125 0.238889
62 0.104687 0.844444 0.103125 0.847222 0.0984375 0.847222 0.096875 0.85 0.0953125 0.85 0.09375 0.847222 0.090625 0.847222 0.0890625 0.844444 0.084375 0.844444 0.084375 0.880556 0.173438 0.880556 0.173438 0.872222 0.171875 0.869444 0.167187 0.869444 0.165625 0.872222 0.164062 0.872222 0.1625 0.869444 0.154687 0.869444 0.153125 0.866667 0.146875 0.866667 0.145313 0.863889 0.14375 0.863889 0.140625 0.858333 0.140625 0.85 0.1375 0.85 0.135937 0.852778 0.135937 0.855556 0.134375 0.858333 0.13125 0.852778 0.13125 0.85 0.129688 0.85 0.128125 0.847222 0.126563 0.847222 0.125 0.85 0.123438 0.85 0.121875 0.852778 0.120312 0.852778 0.11875 0.85 0.11875 0.847222 0.117188 0.847222 0.115625 0.844444 0.104687 0.844444 0.10625 0.833333 0.1125 0.833333 0.114063 0.830556 0.142188 0.830556 0.14375 0.827778 0.153125 0.827778 0.154687 0.825 0.176563 0.825 0.178125 0.822222 0.204688 0.822222 0.20625 0.819444 0.2125 0.819444 0.214062 0.816667 0.220313 0.816667 0.220313 0.813889 0.221875 0.811111 0.221875 0.808333 0.223438 0.805556 0.223438 0.802778 0.226562 0.797222 0.226562 0.794444 0.228125 0.791667 0.228125 0.788889 0.234375 0.777778 0.234375 0.775 0.235938 0.772222 0.235938 0.769444 0.25625 0.733333 0.257812 0.733333 0.260938 0.727778 0.264062 0.727778 0.265625 0.725 0.26875 0.725 0.270312 0.722222 0.278125 0.722222 0.279687 0.725 0.282813 0.725 0.284375 0.727778 0.285937 0.727778 0.29375 0.741667 0.29375 0.744444 0.295312 0.747222 0.295312 0.769444 0.29375 0.772222 0.29375 0.794444 0.292188 0.797222 0.292188 0.816667 0.290625 0.819444 0.290625 0.827778 0.289062 0.830556 0.289062 0.833333 0.2875 0.836111 0.2875 0.841667 0.285937 0.844444 0.285937 0.85 0.284375 0.852778 0.284375 0.863889 0.282813 0.866667 0.282813 0.880556 0.914062 0.880556 0.914062 0.866667 0.915625 0.863889 0.915625 0.841667 0.914062 0.838889 0.914062 0.830556 0.915625 0.827778 0.915625 0.788889 0.917188 0.786111 0.917188 0.736111 0.91875 0.733333 0.91875 0.702778 0.920313 0.7 0.920313 0.655556 0.921875 0.652778 0.921875 0.611111 0.923437 0.608333 0.923437 0.558333 0.925 0.555556 0.925 0.466667 0.926562 0.463889 0.926562 0.427778 0.928125 0.425 0.928125 0.380556 0.929688 0.377778 0.929688 0.319444 0.93125 0.316667 0.93125 0.280556 0.932813 0.277778 0.932813 0.247222 0.934375 0.244444 0.939062 0.244444 0.939062 0.00555556 0.084375 0.00555556 0.084375 0.6 0.0890625 0.6 0.090625 0.602778 0.090625 0.616667 0.0921875 0.619444 0.0921875 0.7 0.090625 0.702778 0.090625 0.722222 0.0890625 0.725 0.084375 0.725 0.084375 0.822222 0.0921875 0.822222 0.09375 0.825 0.096875 0.825 0.0984375 0.827778 0.101562 0.827778 0.103125 0.830556 0.104687 0.830556 0.10625 0.833333
67 0.104687 0.844444 0.103125 0.847222 0.0984375 0.847222 0.096875 0.85 0.0953125 0.85 0.09375 0.847222 0.090625 0.847222 0.0890625 0.844444 0.084375 0.844444 0.084375 0.880556 0.173438 0.880556 0.173438 0.872222 0.171875 0.869444 0.167187 0.869444 0.165625 0.872222 0.164062 0.872222 0.1625 0.869444 0.154687 0.869444 0.153125 0.866667 0.146875 0.866667 0.145313 0.863889 0.14375 0.863889 0.140625 0.858333 0.140625 0.85 0.1375 0.85 0.135937 0.852778 0.135937 0.855556 0.134375 0.858333 0.13125 0.852778 0.13125 0.85 0.129688 0.85 0.128125 0.847222 0.126563 0.847222 0.125 0.85 0.123438 0.85 0.121875 0.852778 0.120312 0.852778 0.11875 0.85 0.11875 0.847222 0.117188 0.847222 0.115625 0.844444 0.104687 0.844444 0.10625 0.833333 0.1125 0.833333 0.114063 0.830556 0.142188 0.830556 0.14375 0.827778 0.153125 0.827778 0.154687 0.825 0.176563 0.825 0.178125 0.822222 0.204688 0.822222 0.20625 0.819444 0.2125 0.819444 0.214062 0.816667 0.220313 0.816667 0.220313 0.813889 0.221875 0.811111 0.221875 0.808333 0.223438 0.805556 0.223438 0.802778 0.226562 0.797222 0.226562 0.794444 0.228125 0.791667 0.228125 0.788889 0.234375 0.777778 0.234375 0.775 0.235938 0.772222 0.235938 0.769444 0.25625 0.733333 0.257812 0.733333 0.260938 0.727778 0.264062 0.727778 0.265625 0.725 0.26875 0.725 0.270312 0.722222 0.278125 0.722222 0.279687 0.725 0.282813 0.725 0.284375 0.727778 0.285937 0.727778 0.29375 0.741667 0.29375 0.744444 0.295312 0.747222 0.295312 0.769444 0.29375 0.772222 0.29375 0.794444 0.292188 0.797222 0.292188 0.816667 0.290625 0.819444 0.290625 0.827778 0.289062 0.830556 0.289062 0.833333 0.2875 0.836111 0.2875 0.841667 0.285937 0.844444 0.285937 0.85 0.284375 0.852778 0.284375 0.863889 0.282813 0.866667 0.282813 0.880556 0.914062 0.880556 0.914062 0.866667 0.915625 0.863889 0.915625 0.841667 0.914062 0.838889 0.914062 0.830556 0.915625 0.827778 0.915625 0.788889 0.917188 0.786111 0.917188 0.736111 0.91875 0.733333 0.91875 0.702778 0.920313 0.7 0.920313 0.655556 0.921875 0.652778 0.921875 0.611111 0.923437 0.608333 0.923437 0.558333 0.925 0.555556 0.925 0.466667 0.926562 0.463889 0.926562 0.427778 0.928125 0.425 0.928125 0.380556 0.929688 0.377778 0.929688 0.319444 0.93125 0.316667 0.93125 0.280556 0.932813 0.277778 0.932813 0.247222 0.934375 0.244444 0.939062 0.244444 0.939062 0.00555556 0.084375 0.00555556 0.084375 0.6 0.0890625 0.6 0.090625 0.602778 0.090625 0.616667 0.0921875 0.619444 0.0921875 0.7 0.090625 0.702778 0.090625 0.722222 0.0890625 0.725 0.084375 0.725 0.084375 0.822222 0.0921875 0.822222 0.09375 0.825 0.096875 0.825 0.0984375 0.827778 0.101562 0.827778 0.103125 0.830556 0.104687 0.830556 0.10625 0.833333
0 0.254687 0.727778 0.254687 0.738889 0.245312 0.755556 0.24375 0.755556 0.24375 0.758333 0.239063 0.766667 0.239063 0.769444 0.235938 0.775 0.235938 0.777778 0.232812 0.783333 0.232812 0.786111 0.229687 0.791667 0.229687 0.794444 0.228125 0.797222 0.228125 0.8 0.225 0.805556 0.225 0.808333 0.223438 0.811111 0.223438 0.813889 0.220313 0.819444 0.220313 0.822222 0.21875 0.825 0.21875 0.827778 0.215625 0.833333 0.215625 0.836111 0.214062 0.838889 0.214062 0.841667 0.210938 0.847222 0.210938 0.852778 0.209375 0.855556 0.209375 0.858333 0.204688 0.866667 0.204688 0.869444 0.2 0.877778 0.2 0.880556 0.198437 0.883333 0.198437 0.886111 0.195312 0.891667 0.195312 0.894444 0.19375 0.897222 0.19375 0.9 0.192188 0.902778 0.192188 0.905556 0.190625 0.908333 0.190625 0.911111 0.189063 0.913889 0.189063 0.916667 0.1875 0.919444 0.1875 0.922222 0.185937 0.925 0.185937 0.930556 0.184375 0.933333 0.184375 0.938889 0.182812 0.941667 0.182812 0.944444 0.18125 0.947222 0.18125 0.95 0.179688 0.952778 0.179688 0.958333 0.176563 0.963889 0.171875 0.963889 0.171875 1 0.253125 1 0.253125 0.991667 0.254687 0.988889 0.254687 0.986111 0.25625 0.983333 0.25625 0.977778 0.257812 0.975 0.257812 0.972222 0.259375 0.969444 0.259375 0.963889 0.260938 0.961111 0.260938 0.958333 0.2625 0.955556 0.2625 0.95 0.264062 0.947222 0.264062 0.941667 0.265625 0.938889 0.265625 0.936111 0.267188 0.933333 0.267188 0.927778 0.26875 0.925 0.26875 0.916667 0.270312 0.913889 0.270312 0.905556 0.271875 0.902778 0.271875 0.897222 0.273438 0.894444 0.273438 0.888889 0.275 0.886111 0.275 0.877778 0.276563 0.875 0.276563 0.869444 0.278125 0.866667 0.278125 0.858333 0.279687 0.855556 0.279687 0.841667 0.28125 0.838889 0.28125 0.830556 0.282813 0.827778 0.282813 0.819444 0.284375 0.816667 0.284375 0.813889 0.2875 0.808333 0.2875 0.805556 0.289062 0.802778 0.289062 0.797222 0.290625 0.794444 0.290625 0.786111 0.292188 0.783333 0.292188 0.766667 0.29375 0.763889 0.29375 0.75 0.292188 0.747222 0.292188 0.741667 0.290625 0.738889 0.290625 0.727778
67 0 0.238889 0 0.836111 0.0171875 0.836111 0.0171875 0.827778 0.0203125 0.822222 0.0234375 0.822222 0.025 0.819444 0.028125 0.819444 0.0296875 0.816667 0.0375 0.816667 0.0390625 0.819444 0.040625 0.819444 0.0421875 0.816667 0.0515625 0.816667 0.0515625 0.741667 0.046875 0.741667 0.0453125 0.738889 0.0453125 0.661111 0.046875 0.658333 0.0515625 0.658333 0.0515625 0.386111 0.046875 0.386111 0.0453125 0.383333 0.0453125 0.369444 0.04375 0.366667 0.04375 0.361111 0.0421875 0.358333 0.0421875 0.35 0.040625 0.347222 0.040625 0.338889 0.0390625 0.336111 0.0390625 0.322222 0.0375 0.319444 0.0375 0.302778 0.0359375 0.3 0.0359375 0.272222 0.034375 0.269444 0.034375 0.255556 0.0328125 0.252778 0.0328125 0.238889
62 0.104687 0.844444 0.103125 0.847222 0.0984375 0.847222 0.096875 0.85 0.0953125 0.85 0.09375 0.847222 0.090625 0.847222 0.0890625 0.844444 0.084375 0.844444 0.084375 0.880556 0.173438 0.880556 0.173438 0.872222 0.171875 0.869444 0.167187 0.869444 0.165625 0.872222 0.164062 0.872222 0.1625 0.869444 0.154687 0.869444 0.153125 0.866667 0.146875 0.866667 0.145313 0.863889 0.14375 0.863889 0.140625 0.858333 0.140625 0.85 0.1375 0.85 0.135937 0.852778 0.135937 0.855556 0.134375 0.858333 0.13125 0.852778 0.13125 0.85 0.129688 0.85 0.128125 0.847222 0.126563 0.847222 0.125 0.85 0.123438 0.85 0.121875 0.852778 0.120312 0.852778 0.11875 0.85 0.11875 0.847222 0.117188 0.847222 0.115625 0.844444 0.104687 0.844444 0.10625 0.833333 0.1125 0.833333 0.114063 0.830556 0.142188 0.830556 0.14375 0.827778 0.153125 0.827778 0.154687 0.825 0.176563 0.825 0.178125 0.822222 0.204688 0.822222 0.20625 0.819444 0.2125 0.819444 0.214062 0.816667 0.220313 0.816667 0.220313 0.813889 0.221875 0.811111 0.221875 0.808333 0.223438 0.805556 0.223438 0.802778 0.226562 0.797222 0.226562 0.794444 0.228125 0.791667 0.228125 0.788889 0.234375 0.777778 0.234375 0.775 0.235938 0.772222 0.235938 0.769444 0.25625 0.733333 0.257812 0.733333 0.260938 0.727778 0.264062 0.727778 0.265625 0.725 0.26875 0.725 0.270312 0.722222 0.278125 0.722222 0.279687 0.725 0.282813 0.725 0.284375 0.727778 0.285937 0.727778 0.29375 0.741667 0.29375 0.744444 0.295312 0.747222 0.295312 0.769444 0.29375 0.772222 0.29375 0.794444 0.292188 0.797222 0.292188 0.816667 0.290625 0.819444 0.290625 0.827778 0.289062 0.830556 0.289062 0.833333 0.2875 0.836111 0.2875 0.841667 0.285937 0.844444 0.285937 0.85 0.284375 0.852778 0.284375 0.863889 0.282813 0.866667 0.282813 0.880556 0.914062 0.880556 0.914062 0.866667 0.915625 0.863889 0.915625 0.841667 0.914062 0.838889 0.914062 0.830556 0.915625 0.827778 0.915625 0.788889 0.917188 0.786111 0.917188 0.736111 0.91875 0.733333 0.91875 0.702778 0.920313 0.7 0.920313 0.655556 0.921875 0.652778 0.921875 0.611111 0.923437 0.608333 0.923437 0.558333 0.925 0.555556 0.925 0.466667 0.926562 0.463889 0.926562 0.427778 0.928125 0.425 0.928125 0.380556 0.929688 0.377778 0.929688 0.319444 0.93125 0.316667 0.93125 0.280556 0.932813 0.277778 0.932813 0.247222 0.934375 0.244444 0.939062 0.244444 0.939062 0.00555556 0.084375 0.00555556 0.084375 0.6 0.0890625 0.6 0.090625 0.602778 0.090625 0.616667 0.0921875 0.619444 0.0921875 0.7 0.090625 0.702778 0.090625 0.722222 0.0890625 0.725 0.084375 0.725 0.084375 0.822222 0.0921875 0.822222 0.09375 0.825 0.096875 0.825 0.0984375 0.827778 0.101562 0.827778 0.103125 0.830556 0.104687 0.830556 0.10625 0.833333
67 0.104687 0.844444 0.103125 0.847222 0.0984375 0.847222 0.096875 0.85 0.0953125 0.85 0.09375 0.847222 0.090625 0.847222 0.0890625 0.844444 0.084375 0.844444 0.084375 0.880556 0.173438 0.880556 0.173438 0.872222 0.171875 0.869444 0.167187 0.869444 0.165625 0.872222 0.164062 0.872222 0.1625 0.869444 0.154687 0.869444 0.153125 0.866667 0.146875 0.866667 0.145313 0.863889 0.14375 0.863889 0.140625 0.858333 0.140625 0.85 0.1375 0.85 0.135937 0.852778 0.135937 0.855556 0.134375 0.858333 0.13125 0.852778 0.13125 0.85 0.129688 0.85 0.128125 0.847222 0.126563 0.847222 0.125 0.85 0.123438 0.85 0.121875 0.852778 0.120312 0.852778 0.11875 0.85 0.11875 0.847222 0.117188 0.847222 0.115625 0.844444 0.104687 0.844444 0.10625 0.833333 0.1125 0.833333 0.114063 0.830556 0.142188 0.830556 0.14375 0.827778 0.153125 0.827778 0.154687 0.825 0.176563 0.825 0.178125 0.822222 0.204688 0.822222 0.20625 0.819444 0.2125 0.819444 0.214062 0.816667 0.220313 0.816667 0.220313 0.813889 0.221875 0.811111 0.221875 0.808333 0.223438 0.805556 0.223438 0.802778 0.226562 0.797222 0.226562 0.794444 0.228125 0.791667 0.228125 0.788889 0.234375 0.777778 0.234375 0.775 0.235938 0.772222 0.235938 0.769444 0.25625 0.733333 0.257812 0.733333 0.260938 0.727778 0.264062 0.727778 0.265625 0.725 0.26875 0.725 0.270312 0.722222 0.278125 0.722222 0.279687 0.725 0.282813 0.725 0.284375 0.727778 0.285937 0.727778 0.29375 0.741667 0.29375 0.744444 0.295312 0.747222 0.295312 0.769444 0.29375 0.772222 0.29375 0.794444 0.292188 0.797222 0.292188 0.816667 0.290625 0.819444 0.290625 0.827778 0.289062 0.830556 0.289062 0.833333 0.2875 0.836111 0.2875 0.841667 0.285937 0.844444 0.285937 0.85 0.284375 0.852778 0.284375 0.863889 0.282813 0.866667 0.282813 0.880556 0.914062 0.880556 0.914062 0.866667 0.915625 0.863889 0.915625 0.841667 0.914062 0.838889 0.914062 0.830556 0.915625 0.827778 0.915625 0.788889 0.917188 0.786111 0.917188 0.736111 0.91875 0.733333 0.91875 0.702778 0.920313 0.7 0.920313 0.655556 0.921875 0.652778 0.921875 0.611111 0.923437 0.608333 0.923437 0.558333 0.925 0.555556 0.925 0.466667 0.926562 0.463889 0.926562 0.427778 0.928125 0.425 0.928125 0.380556 0.929688 0.377778 0.929688 0.319444 0.93125 0.316667 0.93125 0.280556 0.932813 0.277778 0.932813 0.247222 0.934375 0.244444 0.939062 0.244444 0.939062 0.00555556 0.084375 0.00555556 0.084375 0.6 0.0890625 0.6 0.090625 0.602778 0.090625 0.616667 0.0921875 0.619444 0.0921875 0.7 0.090625 0.702778 0.090625 0.722222 0.0890625 0.725 0.084375 0.725 0.084375 0.822222 0.0921875 0.822222 0.09375 0.825 0.096875 0.825 0.0984375 0.827778 0.101562 0.827778 0.103125 0.830556 0.104687 0.830556 0.10625 0.833333
0 0.254687 0.727778 0.254687 0.738889 0.245312 0.755556 0.24375 0.755556 0.24375 0.758333 0.239063 0.766667 0.239063 0.769444 0.235938 0.775 0.235938 0.777778 0.232812 0.783333 0.232812 0.786111 0.229687 0.791667 0.229687 0.794444 0.228125 0.797222 0.228125 0.8 0.225 0.805556 0.225 0.808333 0.223438 0.811111 0.223438 0.813889 0.220313 0.819444 0.220313 0.822222 0.21875 0.825 0.21875 0.827778 0.215625 0.833333 0.215625 0.836111 0.214062 0.838889 0.214062 0.841667 0.210938 0.847222 0.210938 0.852778 0.209375 0.855556 0.209375 0.858333 0.204688 0.866667 0.204688 0.869444 0.2 0.877778 0.2 0.880556 0.198437 0.883333 0.198437 0.886111 0.195312 0.891667 0.195312 0.894444 0.19375 0.897222 0.19375 0.9 0.192188 0.902778 0.192188 0.905556 0.190625 0.908333 0.190625 0.911111 0.189063 0.913889 0.189063 0.916667 0.1875 0.919444 0.1875 0.922222 0.185937 0.925 0.185937 0.930556 0.184375 0.933333 0.184375 0.938889 0.182812 0.941667 0.182812 0.944444 0.18125 0.947222 0.18125 0.95 0.179688 0.952778 0.179688 0.958333 0.176563 0.963889 0.171875 0.963889 0.171875 1 0.253125 1 0.253125 0.991667 0.254687 0.988889 0.254687 0.986111 0.25625 0.983333 0.25625 0.977778 0.257812 0.975 0.257812 0.972222 0.259375 0.969444 0.259375 0.963889 0.260938 0.961111 0.260938 0.958333 0.2625 0.955556 0.2625 0.95 0.264062 0.947222 0.264062 0.941667 0.265625 0.938889 0.265625 0.936111 0.267188 0.933333 0.267188 0.927778 0.26875 0.925 0.26875 0.916667 0.270312 0.913889 0.270312 0.905556 0.271875 0.902778 0.271875 0.897222 0.273438 0.894444 0.273438 0.888889 0.275 0.886111 0.275 0.877778 0.276563 0.875 0.276563 0.869444 0.278125 0.866667 0.278125 0.858333 0.279687 0.855556 0.279687 0.841667 0.28125 0.838889 0.28125 0.830556 0.282813 0.827778 0.282813 0.819444 0.284375 0.816667 0.284375 0.813889 0.2875 0.808333 0.2875 0.805556 0.289062 0.802778 0.289062 0.797222 0.290625 0.794444 0.290625 0.786111 0.292188 0.783333 0.292188 0.766667 0.29375 0.763889 0.29375 0.75 0.292188 0.747222 0.292188 0.741667 0.290625 0.738889 0.290625 0.727778
67 0 0.238889 0 0.836111 0.0171875 0.836111 0.0171875 0.827778 0.0203125 0.822222 0.0234375 0.822222 0.025 0.819444 0.028125 0.819444 0.0296875 0.816667 0.0375 0.816667 0.0390625 0.819444 0.040625 0.819444 0.0421875 0.816667 0.0515625 0.816667 0.0515625 0.741667 0.046875 0.741667 0.0453125 0.738889 0.0453125 0.661111 0.046875 0.658333 0.0515625 0.658333 0.0515625 0.386111 0.046875 0.386111 0.0453125 0.383333 0.0453125 0.369444 0.04375 0.366667 0.04375 0.361111 0.0421875 0.358333 0.0421875 0.35 0.040625 0.347222 0.040625 0.338889 0.0390625 0.336111 0.0390625 0.322222 0.0375 0.319444 0.0375 0.302778 0.0359375 0.3 0.0359375 0.272222 0.034375 0.269444 0.034375 0.255556 0.0328125 0.252778 0.0328125 0.238889
62 0.104687 0.844444 0.103125 0.847222 0.0984375 0.847222 0.096875 0.85 0.0953125 0.85 0.09375 0.847222 0.090625 0.847222 0.0890625 0.844444 0.084375 0.844444 0.084375 0.880556 0.173438 0.880556 0.173438 0.872222 0.171875 0.869444 0.167187 0.869444 0.165625 0.872222 0.164062 0.872222 0.1625 0.869444 0.154687 0.869444 0.153125 0.866667 0.146875 0.866667 0.145313 0.863889 0.14375 0.863889 0.140625 0.858333 0.140625 0.85 0.1375 0.85 0.135937 0.852778 0.135937 0.855556 0.134375 0.858333 0.13125 0.852778 0.13125 0.85 0.129688 0.85 0.128125 0.847222 0.126563 0.847222 0.125 0.85 0.123438 0.85 0.121875 0.852778 0.120312 0.852778 0.11875 0.85 0.11875 0.847222 0.117188 0.847222 0.115625 0.844444 0.104687 0.844444 0.10625 0.833333 0.1125 0.833333 0.114063 0.830556 0.142188 0.830556 0.14375 0.827778 0.153125 0.827778 0.154687 0.825 0.176563 0.825 0.178125 0.822222 0.204688 0.822222 0.20625 0.819444 0.2125 0.819444 0.214062 0.816667 0.220313 0.816667 0.220313 0.813889 0.221875 0.811111 0.221875 0.808333 0.223438 0.805556 0.223438 0.802778 0.226562 0.797222 0.226562 0.794444 0.228125 0.791667 0.228125 0.788889 0.234375 0.777778 0.234375 0.775 0.235938 0.772222 0.235938 0.769444 0.25625 0.733333 0.257812 0.733333 0.260938 0.727778 0.264062 0.727778 0.265625 0.725 0.26875 0.725 0.270312 0.722222 0.278125 0.722222 0.279687 0.725 0.282813 0.725 0.284375 0.727778 0.285937 0.727778 0.29375 0.741667 0.29375 0.744444 0.295312 0.747222 0.295312 0.769444 0.29375 0.772222 0.29375 0.794444 0.292188 0.797222 0.292188 0.816667 0.290625 0.819444 0.290625 0.827778 0.289062 0.830556 0.289062 0.833333 0.2875 0.836111 0.2875 0.841667 0.285937 0.844444 0.285937 0.85 0.284375 0.852778 0.284375 0.863889 0.282813 0.866667 0.282813 0.880556 0.914062 0.880556 0.914062 0.866667 0.915625 0.863889 0.915625 0.841667 0.914062 0.838889 0.914062 0.830556 0.915625 0.827778 0.915625 0.788889 0.917188 0.786111 0.917188 0.736111 0.91875 0.733333 0.91875 0.702778 0.920313 0.7 0.920313 0.655556 0.921875 0.652778 0.921875 0.611111 0.923437 0.608333 0.923437 0.558333 0.925 0.555556 0.925 0.466667 0.926562 0.463889 0.926562 0.427778 0.928125 0.425 0.928125 0.380556 0.929688 0.377778 0.929688 0.319444 0.93125 0.316667 0.93125 0.280556 0.932813 0.277778 0.932813 0.247222 0.934375 0.244444 0.939062 0.244444 0.939062 0.00555556 0.084375 0.00555556 0.084375 0.6 0.0890625 0.6 0.090625 0.602778 0.090625 0.616667 0.0921875 0.619444 0.0921875 0.7 0.090625 0.702778 0.090625 0.722222 0.0890625 0.725 0.084375 0.725 0.084375 0.822222 0.0921875 0.822222 0.09375 0.825 0.096875 0.825 0.0984375 0.827778 0.101562 0.827778 0.103125 0.830556 0.104687 0.830556 0.10625 0.833333
67 0.104687 0.844444 0.103125 0.847222 0.0984375 0.847222 0.096875 0.85 0.0953125 0.85 0.09375 0.847222 0.090625 0.847222 0.0890625 0.844444 0.084375 0.844444 0.084375 0.880556 0.173438 0.880556 0.173438 0.872222 0.171875 0.869444 0.167187 0.869444 0.165625 0.872222 0.164062 0.872222 0.1625 0.869444 0.154687 0.869444 0.153125 0.866667 0.146875 0.866667 0.145313 0.863889 0.14375 0.863889 0.140625 0.858333 0.140625 0.85 0.1375 0.85 0.135937 0.852778 0.135937 0.855556 0.134375 0.858333 0.13125 0.852778 0.13125 0.85 0.129688 0.85 0.128125 0.847222 0.126563 0.847222 0.125 0.85 0.123438 0.85 0.121875 0.852778 0.120312 0.852778 0.11875 0.85 0.11875 0.847222 0.117188 0.847222 0.115625 0.844444 0.104687 0.844444 0.10625 0.833333 0.1125 0.833333 0.114063 0.830556 0.142188 0.830556 0.14375 0.827778 0.153125 0.827778 0.154687 0.825 0.176563 0.825 0.178125 0.822222 0.204688 0.822222 0.20625 0.819444 0.2125 0.819444 0.214062 0.816667 0.220313 0.816667 0.220313 0.813889 0.221875 0.811111 0.221875 0.808333 0.223438 0.805556 0.223438 0.802778 0.226562 0.797222 0.226562 0.794444 0.228125 0.791667 0.228125 0.788889 0.234375 0.777778 0.234375 0.775 0.235938 0.772222 0.235938 0.769444 0.25625 0.733333 0.257812 0.733333 0.260938 0.727778 0.264062 0.727778 0.265625 0.725 0.26875 0.725 0.270312 0.722222 0.278125 0.722222 0.279687 0.725 0.282813 0.725 0.284375 0.727778 0.285937 0.727778 0.29375 0.741667 0.29375 0.744444 0.295312 0.747222 0.295312 0.769444 0.29375 0.772222 0.29375 0.794444 0.292188 0.797222 0.292188 0.816667 0.290625 0.819444 0.290625 0.827778 0.289062 0.830556 0.289062 0.833333 0.2875 0.836111 0.2875 0.841667 0.285937 0.844444 0.285937 0.85 0.284375 0.852778 0.284375 0.863889 0.282813 0.866667 0.282813 0.880556 0.914062 0.880556 0.914062 0.866667 0.915625 0.863889 0.915625 0.841667 0.914062 0.838889 0.914062 0.830556 0.915625 0.827778 0.915625 0.788889 0.917188 0.786111 0.917188 0.736111 0.91875 0.733333 0.91875 0.702778 0.920313 0.7 0.920313 0.655556 0.921875 0.652778 0.921875 0.611111 0.923437 0.608333 0.923437 0.558333 0.925 0.555556 0.925 0.466667 0.926562 0.463889 0.926562 0.427778 0.928125 0.425 0.928125 0.380556 0.929688 0.377778 0.929688 0.319444 0.93125 0.316667 0.93125 0.280556 0.932813 0.277778 0.932813 0.247222 0.934375 0.244444 0.939062 0.244444 0.939062 0.00555556 0.084375 0.00555556 0.084375 0.6 0.0890625 0.6 0.090625 0.602778 0.090625 0.616667 0.0921875 0.619444 0.0921875 0.7 0.090625 0.702778 0.090625 0.722222 0.0890625 0.725 0.084375 0.725 0.084375 0.822222 0.0921875 0.822222 0.09375 0.825 0.096875 0.825 0.0984375 0.827778 0.101562 0.827778 0.103125 0.830556 0.104687 0.830556 0.10625 0.833333
0 0.254687 0.727778 0.254687 0.738889 0.245312 0.755556 0.24375 0.755556 0.24375 0.758333 0.239063 0.766667 0.239063 0.769444 0.235938 0.775 0.235938 0.777778 0.232812 0.783333 0.232812 0.786111 0.229687 0.791667 0.229687 0.794444 0.228125 0.797222 0.228125 0.8 0.225 0.805556 0.225 0.808333 0.223438 0.811111 0.223438 0.813889 0.220313 0.819444 0.220313 0.822222 0.21875 0.825 0.21875 0.827778 0.215625 0.833333 0.215625 0.836111 0.214062 0.838889 0.214062 0.841667 0.210938 0.847222 0.210938 0.852778 0.209375 0.855556 0.209375 0.858333 0.204688 0.866667 0.204688 0.869444 0.2 0.877778 0.2 0.880556 0.198437 0.883333 0.198437 0.886111 0.195312 0.891667 0.195312 0.894444 0.19375 0.897222 0.19375 0.9 0.192188 0.902778 0.192188 0.905556 0.190625 0.908333 0.190625 0.911111 0.189063 0.913889 0.189063 0.916667 0.1875 0.919444 0.1875 0.922222 0.185937 0.925 0.185937 0.930556 0.184375 0.933333 0.184375 0.938889 0.182812 0.941667 0.182812 0.944444 0.18125 0.947222 0.18125 0.95 0.179688 0.952778 0.179688 0.958333 0.176563 0.963889 0.171875 0.963889 0.171875 1 0.253125 1 0.253125 0.991667 0.254687 0.988889 0.254687 0.986111 0.25625 0.983333 0.25625 0.977778 0.257812 0.975 0.257812 0.972222 0.259375 0.969444 0.259375 0.963889 0.260938 0.961111 0.260938 0.958333 0.2625 0.955556 0.2625 0.95 0.264062 0.947222 0.264062 0.941667 0.265625 0.938889 0.265625 0.936111 0.267188 0.933333 0.267188 0.927778 0.26875 0.925 0.26875 0.916667 0.270312 0.913889 0.270312 0.905556 0.271875 0.902778 0.271875 0.897222 0.273438 0.894444 0.273438 0.888889 0.275 0.886111 0.275 0.877778 0.276563 0.875 0.276563 0.869444 0.278125 0.866667 0.278125 0.858333 0.279687 0.855556 0.279687 0.841667 0.28125 0.838889 0.28125 0.830556 0.282813 0.827778 0.282813 0.819444 0.284375 0.816667 0.284375 0.813889 0.2875 0.808333 0.2875 0.805556 0.289062 0.802778 0.289062 0.797222 0.290625 0.794444 0.290625 0.786111 0.292188 0.783333 0.292188 0.766667 0.29375 0.763889 0.29375 0.75 0.292188 0.747222 0.292188 0.741667 0.290625 0.738889 0.290625 0.727778
67 0 0.238889 0 0.836111 0.0171875 0.836111 0.0171875 0.827778 0.0203125 0.822222 0.0234375 0.822222 0.025 0.819444 0.028125 0.819444 0.0296875 0.816667 0.0375 0.816667 0.0390625 0.819444 0.040625 0.819444 0.0421875 0.816667 0.0515625 0.816667 0.0515625 0.741667 0.046875 0.741667 0.0453125 0.738889 0.0453125 0.661111 0.046875 0.658333 0.0515625 0.658333 0.0515625 0.386111 0.046875 0.386111 0.0453125 0.383333 0.0453125 0.369444 0.04375 0.366667 0.04375 0.361111 0.0421875 0.358333 0.0421875 0.35 0.040625 0.347222 0.040625 0.338889 0.0390625 0.336111 0.0390625 0.322222 0.0375 0.319444 0.0375 0.302778 0.0359375 0.3 0.0359375 0.272222 0.034375 0.269444 0.034375 0.255556 0.0328125 0.252778 0.0328125 0.238889
62 0.104687 0.844444 0.103125 0.847222 0.0984375 0.847222 0.096875 0.85 0.0953125 0.85 0.09375 0.847222 0.090625 0.847222 0.0890625 0.844444 0.084375 0.844444 0.084375 0.880556 0.173438 0.880556 0.173438 0.872222 0.171875 0.869444 0.167187 0.869444 0.165625 0.872222 0.164062 0.872222 0.1625 0.869444 0.154687 0.869444 0.153125 0.866667 0.146875 0.866667 0.145313 0.863889 0.14375 0.863889 0.140625 0.858333 0.140625 0.85 0.1375 0.85 0.135937 0.852778 0.135937 0.855556 0.134375 0.858333 0.13125 0.852778 0.13125 0.85 0.129688 0.85 0.128125 0.847222 0.126563 0.847222 0.125 0.85 0.123438 0.85 0.121875 0.852778 0.120312 0.852778 0.11875 0.85 0.11875 0.847222 0.117188 0.847222 0.115625 0.844444 0.104687 0.844444 0.10625 0.833333 0.1125 0.833333 0.114063 0.830556 0.142188 0.830556 0.14375 0.827778 0.153125 0.827778 0.154687 0.825 0.176563 0.825 0.178125 0.822222 0.204688 0.822222 0.20625 0.819444 0.2125 0.819444 0.214062 0.816667 0.220313 0.816667 0.220313 0.813889 0.221875 0.811111 0.221875 0.808333 0.223438 0.805556 0.223438 0.802778 0.226562 0.797222 0.226562 0.794444 0.228125 0.791667 0.228125 0.788889 0.234375 0.777778 0.234375 0.775 0.235938 0.772222 0.235938 0.769444 0.25625 0.733333 0.257812 0.733333 0.260938 0.727778 0.264062 0.727778 0.265625 0.725 0.26875 0.725 0.270312 0.722222 0.278125 0.722222 0.279687 0.725 0.282813 0.725 0.284375 0.727778 0.285937 0.727778 0.29375 0.741667 0.29375 0.744444 0.295312 0.747222 0.295312 0.769444 0.29375 0.772222 0.29375 0.794444 0.292188 0.797222 0.292188 0.816667 0.290625 0.819444 0.290625 0.827778 0.289062 0.830556 0.289062 0.833333 0.2875 0.836111 0.2875 0.841667 0.285937 0.844444 0.285937 0.85 0.284375 0.852778 0.284375 0.863889 0.282813 0.866667 0.282813 0.880556 0.914062 0.880556 0.914062 0.866667 0.915625 0.863889 0.915625 0.841667 0.914062 0.838889 0.914062 0.830556 0.915625 0.827778 0.915625 0.788889 0.917188 0.786111 0.917188 0.736111 0.91875 0.733333 0.91875 0.702778 0.920313 0.7 0.920313 0.655556 0.921875 0.652778 0.921875 0.611111 0.923437 0.608333 0.923437 0.558333 0.925 0.555556 0.925 0.466667 0.926562 0.463889 0.926562 0.427778 0.928125 0.425 0.928125 0.380556 0.929688 0.377778 0.929688 0.319444 0.93125 0.316667 0.93125 0.280556 0.932813 0.277778 0.932813 0.247222 0.934375 0.244444 0.939062 0.244444 0.939062 0.00555556 0.084375 0.00555556 0.084375 0.6 0.0890625 0.6 0.090625 0.602778 0.090625 0.616667 0.0921875 0.619444 0.0921875 0.7 0.090625 0.702778 0.090625 0.722222 0.0890625 0.725 0.084375 0.725 0.084375 0.822222 0.0921875 0.822222 0.09375 0.825 0.096875 0.825 0.0984375 0.827778 0.101562 0.827778 0.103125 0.830556 0.104687 0.830556 0.10625 0.833333
67 0.104687 0.844444 0.103125 0.847222 0.0984375 0.847222 0.096875 0.85 0.0953125 0.85 0.09375 0.847222 0.090625 0.847222 0.0890625 0.844444 0.084375 0.844444 0.084375 0.880556 0.173438 0.880556 0.173438 0.872222 0.171875 0.869444 0.167187 0.869444 0.165625 0.872222 0.164062 0.872222 0.1625 0.869444 0.154687 0.869444 0.153125 0.866667 0.146875 0.866667 0.145313 0.863889 0.14375 0.863889 0.140625 0.858333 0.140625 0.85 0.1375 0.85 0.135937 0.852778 0.135937 0.855556 0.134375 0.858333 0.13125 0.852778 0.13125 0.85 0.129688 0.85 0.128125 0.847222 0.126563 0.847222 0.125 0.85 0.123438 0.85 0.121875 0.852778 0.120312 0.852778 0.11875 0.85 0.11875 0.847222 0.117188 0.847222 0.115625 0.844444 0.104687 0.844444 0.10625 0.833333 0.1125 0.833333 0.114063 0.830556 0.142188 0.830556 0.14375 0.827778 0.153125 0.827778 0.154687 0.825 0.176563 0.825 0.178125 0.822222 0.204688 0.822222 0.20625 0.819444 0.2125 0.819444 0.214062 0.816667 0.220313 0.816667 0.220313 0.813889 0.221875 0.811111 0.221875 0.808333 0.223438 0.805556 0.223438 0.802778 0.226562 0.797222 0.226562 0.794444 0.228125 0.791667 0.228125 0.788889 0.234375 0.777778 0.234375 0.775 0.235938 0.772222 0.235938 0.769444 0.25625 0.733333 0.257812 0.733333 0.260938 0.727778 0.264062 0.727778 0.265625 0.725 0.26875 0.725 0.270312 0.722222 0.278125 0.722222 0.279687 0.725 0.282813 0.725 0.284375 0.727778 0.285937 0.727778 0.29375 0.741667 0.29375 0.744444 0.295312 0.747222 0.295312 0.769444 0.29375 0.772222 0.29375 0.794444 0.292188 0.797222 0.292188 0.816667 0.290625 0.819444 0.290625 0.827778 0.289062 0.830556 0.289062 0.833333 0.2875 0.836111 0.2875 0.841667 0.285937 0.844444 0.285937 0.85 0.284375 0.852778 0.284375 0.863889 0.282813 0.866667 0.282813 0.880556 0.914062 0.880556 0.914062 0.866667 0.915625 0.863889 0.915625 0.841667 0.914062 0.838889 0.914062 0.830556 0.915625 0.827778 0.915625 0.788889 0.917188 0.786111 0.917188 0.736111 0.91875 0.733333 0.91875 0.702778 0.920313 0.7 0.920313 0.655556 0.921875 0.652778 0.921875 0.611111 0.923437 0.608333 0.923437 0.558333 0.925 0.555556 0.925 0.466667 0.926562 0.463889 0.926562 0.427778 0.928125 0.425 0.928125 0.380556 0.929688 0.377778 0.929688 0.319444 0.93125 0.316667 0.93125 0.280556 0.932813 0.277778 0.932813 0.247222 0.934375 0.244444 0.939062 0.244444 0.939062 0.00555556 0.084375 0.00555556 0.084375 0.6 0.0890625 0.6 0.090625 0.602778 0.090625 0.616667 0.0921875 0.619444 0.0921875 0.7 0.090625 0.702778 0.090625 0.722222 0.0890625 0.725 0.084375 0.725 0.084375 0.822222 0.0921875 0.822222 0.09375 0.825 0.096875 0.825 0.0984375 0.827778 0.101562 0.827778 0.103125 0.830556 0.104687 0.830556 0.10625 0.833333
0 0.254687 0.727778 0.254687 0.738889 0.245312 0.755556 0.24375 0.755556 0.24375 0.758333 0.239063 0.766667 0.239063 0.769444 0.235938 0.775 0.235938 0.777778 0.232812 0.783333 0.232812 0.786111 0.229687 0.791667 0.229687 0.794444 0.228125 0.797222 0.228125 0.8 0.225 0.805556 0.225 0.808333 0.223438 0.811111 0.223438 0.813889 0.220313 0.819444 0.220313 0.822222 0.21875 0.825 0.21875 0.827778 0.215625 0.833333 0.215625 0.836111 0.214062 0.838889 0.214062 0.841667 0.210938 0.847222 0.210938 0.852778 0.209375 0.855556 0.209375 0.858333 0.204688 0.866667 0.204688 0.869444 0.2 0.877778 0.2 0.880556 0.198437 0.883333 0.198437 0.886111 0.195312 0.891667 0.195312 0.894444 0.19375 0.897222 0.19375 0.9 0.192188 0.902778 0.192188 0.905556 0.190625 0.908333 0.190625 0.911111 0.189063 0.913889 0.189063 0.916667 0.1875 0.919444 0.1875 0.922222 0.185937 0.925 0.185937 0.930556 0.184375 0.933333 0.184375 0.938889 0.182812 0.941667 0.182812 0.944444 0.18125 0.947222 0.18125 0.95 0.179688 0.952778 0.179688 0.958333 0.176563 0.963889 0.171875 0.963889 0.171875 1 0.253125 1 0.253125 0.991667 0.254687 0.988889 0.254687 0.986111 0.25625 0.983333 0.25625 0.977778 0.257812 0.975 0.257812 0.972222 0.259375 0.969444 0.259375 0.963889 0.260938 0.961111 0.260938 0.958333 0.2625 0.955556 0.2625 0.95 0.264062 0.947222 0.264062 0.941667 0.265625 0.938889 0.265625 0.936111 0.267188 0.933333 0.267188 0.927778 0.26875 0.925 0.26875 0.916667 0.270312 0.913889 0.270312 0.905556 0.271875 0.902778 0.271875 0.897222 0.273438 0.894444 0.273438 0.888889 0.275 0.886111 0.275 0.877778 0.276563 0.875 0.276563 0.869444 0.278125 0.866667 0.278125 0.858333 0.279687 0.855556 0.279687 0.841667 0.28125 0.838889 0.28125 0.830556 0.282813 0.827778 0.282813 0.819444 0.284375 0.816667 0.284375 0.813889 0.2875 0.808333 0.2875 0.805556 0.289062 0.802778 0.289062 0.797222 0.290625 0.794444 0.290625 0.786111 0.292188 0.783333 0.292188 0.766667 0.29375 0.763889 0.29375 0.75 0.292188 0.747222 0.292188 0.741667 0.290625 0.738889 0.290625 0.727778
67 0 0.238889 0 0.836111 0.0171875 0.836111 0.0171875 0.827778 0.0203125 0.822222 0.0234375 0.822222 0.025 0.819444 0.028125 0.819444 0.0296875 0.816667 0.0375 0.816667 0.0390625 0.819444 0.040625 0.819444 0.0421875 0.816667 0.0515625 0.816667 0.0515625 0.741667 0.046875 0.741667 0.0453125 0.738889 0.0453125 0.661111 0.046875 0.658333 0.0515625 0.658333 0.0515625 0.386111 0.046875 0.386111 0.0453125 0.383333 0.0453125 0.369444 0.04375 0.366667 0.04375 0.361111 0.0421875 0.358333 0.0421875 0.35 0.040625 0.347222 0.040625 0.338889 0.0390625 0.336111 0.0390625 0.322222 0.0375 0.319444 0.0375 0.302778 0.0359375 0.3 0.0359375 0.272222 0.034375 0.269444 0.034375 0.255556 0.0328125 0.252778 0.0328125 0.238889
62 0.104687 0.844444 0.103125 0.847222 0.0984375 0.847222 0.096875 0.85 0.0953125 0.85 0.09375 0.847222 0.090625 0.847222 0.0890625 0.844444 0.084375 0.844444 0.084375 0.880556 0.173438 0.880556 0.173438 0.872222 0.171875 0.869444 0.167187 0.869444 0.165625 0.872222 0.164062 0.872222 0.1625 0.869444 0.154687 0.869444 0.153125 0.866667 0.146875 0.866667 0.145313 0.863889 0.14375 0.863889 0.140625 0.858333 0.140625 0.85 0.1375 0.85 0.135937 0.852778 0.135937 0.855556 0.134375 0.858333 0.13125 0.852778 0.13125 0.85 0.129688 0.85 0.128125 0.847222 0.126563 0.847222 0.125 0.85 0.123438 0.85 0.121875 0.852778 0.120312 0.852778 0.11875 0.85 0.11875 0.847222 0.117188 0.847222 0.115625 0.844444 0.104687 0.844444 0.10625 0.833333 0.1125 0.833333 0.114063 0.830556 0.142188 0.830556 0.14375 0.827778 0.153125 0.827778 0.154687 0.825 0.176563 0.825 0.178125 0.822222 0.204688 0.822222 0.20625 0.819444 0.2125 0.819444 0.214062 0.816667 0.220313 0.816667 0.220313 0.813889 0.221875 0.811111 0.221875 0.808333 0.223438 0.805556 0.223438 0.802778 0.226562 0.797222 0.226562 0.794444 0.228125 0.791667 0.228125 0.788889 0.234375 0.777778 0.234375 0.775 0.235938 0.772222 0.235938 0.769444 0.25625 0.733333 0.257812 0.733333 0.260938 0.727778 0.264062 0.727778 0.265625 0.725 0.26875 0.725 0.270312 0.722222 0.278125 0.722222 0.279687 0.725 0.282813 0.725 0.284375 0.727778 0.285937 0.727778 0.29375 0.741667 0.29375 0.744444 0.295312 0.747222 0.295312 0.769444 0.29375 0.772222 0.29375 0.794444 0.292188 0.797222 0.292188 0.816667 0.290625 0.819444 0.290625 0.827778 0.289062 0.830556 0.289062 0.833333 0.2875 0.836111 0.2875 0.841667 0.285937 0.844444 0.285937 0.85 0.284375 0.852778 0.284375 0.863889 0.282813 0.866667 0.282813 0.880556 0.914062 0.880556 0.914062 0.866667 0.915625 0.863889 0.915625 0.841667 0.914062 0.838889 0.914062 0.830556 0.915625 0.827778 0.915625 0.788889 0.917188 0.786111 0.917188 0.736111 0.91875 0.733333 0.91875 0.702778 0.920313 0.7 0.920313 0.655556 0.921875 0.652778 0.921875 0.611111 0.923437 0.608333 0.923437 0.558333 0.925 0.555556 0.925 0.466667 0.926562 0.463889 0.926562 0.427778 0.928125 0.425 0.928125 0.380556 0.929688 0.377778 0.929688 0.319444 0.93125 0.316667 0.93125 0.280556 0.932813 0.277778 0.932813 0.247222 0.934375 0.244444 0.939062 0.244444 0.939062 0.00555556 0.084375 0.00555556 0.084375 0.6 0.0890625 0.6 0.090625 0.602778 0.090625 0.616667 0.0921875 0.619444 0.0921875 0.7 0.090625 0.702778 0.090625 0.722222 0.0890625 0.725 0.084375 0.725 0.084375 0.822222 0.0921875 0.822222 0.09375 0.825 0.096875 0.825 0.0984375 0.827778 0.101562 0.827778 0.103125 0.830556 0.104687 0.830556 0.10625 0.833333
67 0.104687 0.844444 0.103125 0.847222 0.0984375 0.847222 0.096875 0.85 0.0953125 0.85 0.09375 0.847222 0.090625 0.847222 0.0890625 0.844444 0.084375 0.844444 0.084375 0.880556 0.173438 0.880556 0.173438 0.872222 0.171875 0.869444 0.167187 0.869444 0.165625 0.872222 0.164062 0.872222 0.1625 0.869444 0.154687 0.869444 0.153125 0.866667 0.146875 0.866667 0.145313 0.863889 0.14375 0.863889 0.140625 0.858333 0.140625 0.85 0.1375 0.85 0.135937 0.852778 0.135937 0.855556 0.134375 0.858333 0.13125 0.852778 0.13125 0.85 0.129688 0.85 0.128125 0.847222 0.126563 0.847222 0.125 0.85 0.123438 0.85 0.121875 0.852778 0.120312 0.852778 0.11875 0.85 0.11875 0.847222 0.117188 0.847222 0.115625 0.844444 0.104687 0.844444 0.10625 0.833333 0.1125 0.833333 0.114063 0.830556 0.142188 0.830556 0.14375 0.827778 0.153125 0.827778 0.154687 0.825 0.176563 0.825 0.178125 0.822222 0.204688 0.822222 0.20625 0.819444 0.2125 0.819444 0.214062 0.816667 0.220313 0.816667 0.220313 0.813889 0.221875 0.811111 0.221875 0.808333 0.223438 0.805556 0.223438 0.802778 0.226562 0.797222 0.226562 0.794444 0.228125 0.791667 0.228125 0.788889 0.234375 0.777778 0.234375 0.775 0.235938 0.772222 0.235938 0.769444 0.25625 0.733333 0.257812 0.733333 0.260938 0.727778 0.264062 0.727778 0.265625 0.725 0.26875 0.725 0.270312 0.722222 0.278125 0.722222 0.279687 0.725 0.282813 0.725 0.284375 0.727778 0.285937 0.727778 0.29375 0.741667 0.29375 0.744444 0.295312 0.747222 0.295312 0.769444 0.29375 0.772222 0.29375 0.794444 0.292188 0.797222 0.292188 0.816667 0.290625 0.819444 0.290625 0.827778 0.289062 0.830556 0.289062 0.833333 0.2875 0.836111 0.2875 0.841667 0.285937 0.844444 0.285937 0.85 0.284375 0.852778 0.284375 0.863889 0.282813 0.866667 0.282813 0.880556 0.914062 0.880556 0.914062 0.866667 0.915625 0.863889 0.915625 0.841667 0.914062 0.838889 0.914062 0.830556 0.915625 0.827778 0.915625 0.788889 0.917188 0.786111 0.917188 0.736111 0.91875 0.733333 0.91875 0.702778 0.920313 0.7 0.920313 0.655556 0.921875 0.652778 0.921875 0.611111 0.923437 0.608333 0.923437 0.558333 0.925 0.555556 0.925 0.466667 0.926562 0.463889 0.926562 0.427778 0.928125 0.425 0.928125 0.380556 0.929688 0.377778 0.929688 0.319444 0.93125 0.316667 0.93125 0.280556 0.932813 0.277778 0.932813 0.247222 0.934375 0.244444 0.939062 0.244444 0.939062 0.00555556 0.084375 0.00555556 0.084375 0.6 0.0890625 0.6 0.090625 0.602778 0.090625 0.616667 0.0921875 0.619444 0.0921875 0.7 0.090625 0.702778 0.090625 0.722222 0.0890625 0.725 0.084375 0.725 0.084375 0.822222 0.0921875 0.822222 0.09375 0.825 0.096875 0.825 0.0984375 0.827778 0.101562 0.827778 0.103125 0.830556 0.104687 0.830556 0.10625 0.833333
0 0.254687 0.727778 0.254687 0.738889 0.245312 0.755556 0.24375 0.755556 0.24375 0.758333 0.239063 0.766667 0.239063 0.769444 0.235938 0.775 0.235938 0.777778 0.232812 0.783333 0.232812 0.786111 0.229687 0.791667 0.229687 0.794444 0.228125 0.797222 0.228125 0.8 0.225 0.805556 0.225 0.808333 0.223438 0.811111 0.223438 0.813889 0.220313 0.819444 0.220313 0.822222 0.21875 0.825 0.21875 0.827778 0.215625 0.833333 0.215625 0.836111 0.214062 0.838889 0.214062 0.841667 0.210938 0.847222 0.210938 0.852778 0.209375 0.855556 0.209375 0.858333 0.204688 0.866667 0.204688 0.869444 0.2 0.877778 0.2 0.880556 0.198437 0.883333 0.198437 0.886111 0.195312 0.891667 0.195312 0.894444 0.19375 0.897222 0.19375 0.9 0.192188 0.902778 0.192188 0.905556 0.190625 0.908333 0.190625 0.911111 0.189063 0.913889 0.189063 0.916667 0.1875 0.919444 0.1875 0.922222 0.185937 0.925 0.185937 0.930556 0.184375 0.933333 0.184375 0.938889 0.182812 0.941667 0.182812 0.944444 0.18125 0.947222 0.18125 0.95 0.179688 0.952778 0.179688 0.958333 0.176563 0.963889 0.171875 0.963889 0.171875 1 0.253125 1 0.253125 0.991667 0.254687 0.988889 0.254687 0.986111 0.25625 0.983333 0.25625 0.977778 0.257812 0.975 0.257812 0.972222 0.259375 0.969444 0.259375 0.963889 0.260938 0.961111 0.260938 0.958333 0.2625 0.955556 0.2625 0.95 0.264062 0.947222 0.264062 0.941667 0.265625 0.938889 0.265625 0.936111 0.267188 0.933333 0.267188 0.927778 0.26875 0.925 0.26875 0.916667 0.270312 0.913889 0.270312 0.905556 0.271875 0.902778 0.271875 0.897222 0.273438 0.894444 0.273438 0.888889 0.275 0.886111 0.275 0.877778 0.276563 0.875 0.276563 0.869444 0.278125 0.866667 0.278125 0.858333 0.279687 0.855556 0.279687 0.841667 0.28125 0.838889 0.28125 0.830556 0.282813 0.827778 0.282813 0.819444 0.284375 0.816667 0.284375 0.813889 0.2875 0.808333 0.2875 0.805556 0.289062 0.802778 0.289062 0.797222 0.290625 0.794444 0.290625 0.786111 0.292188 0.783333 0.292188 0.766667 0.29375 0.763889 0.29375 0.75 0.292188 0.747222 0.292188 0.741667 0.290625 0.738889 0.290625 0.727778
67 0 0.238889 0 0.836111 0.0171875 0.836111 0.0171875 0.827778 0.0203125 0.822222 0.0234375 0.822222 0.025 0.819444 0.028125 0.819444 0.0296875 0.816667 0.0375 0.816667 0.0390625 0.819444 0.040625 0.819444 0.0421875 0.816667 0.0515625 0.816667 0.0515625 0.741667 0.046875 0.741667 0.0453125 0.738889 0.0453125 0.661111 0.046875 0.658333 0.0515625 0.658333 0.0515625 0.386111 0.046875 0.386111 0.0453125 0.383333 0.0453125 0.369444 0.04375 0.366667 0.04375 0.361111 0.0421875 0.358333 0.0421875 0.35 0.040625 0.347222 0.040625 0.338889 0.0390625 0.336111 0.0390625 0.322222 0.0375 0.319444 0.0375 0.302778 0.0359375 0.3 0.0359375 0.272222 0.034375 0.269444 0.034375 0.255556 0.0328125 0.252778 0.0328125 0.238889
62 0.104687 0.844444 0.103125 0.847222 0.0984375 0.847222 0.096875 0.85 0.0953125 0.85 0.09375 0.847222 0.090625 0.847222 0.0890625 0.844444 0.084375 0.844444 0.084375 0.880556 0.173438 0.880556 0.173438 0.872222 0.171875 0.869444 0.167187 0.869444 0.165625 0.872222 0.164062 0.872222 0.1625 0.869444 0.154687 0.869444 0.153125 0.866667 0.146875 0.866667 0.145313 0.863889 0.14375 0.863889 0.140625 0.858333 0.140625 0.85 0.1375 0.85 0.135937 0.852778 0.135937 0.855556 0.134375 0.858333 0.13125 0.852778 0.13125 0.85 0.129688 0.85 0.128125 0.847222 0.126563 0.847222 0.125 0.85 0.123438 0.85 0.121875 0.852778 0.120312 0.852778 0.11875 0.85 0.11875 0.847222 0.117188 0.847222 0.115625 0.844444 0.104687 0.844444 0.10625 0.833333 0.1125 0.833333 0.114063 0.830556 0.142188 0.830556 0.14375 0.827778 0.153125 0.827778 0.154687 0.825 0.176563 0.825 0.178125 0.822222 0.204688 0.822222 0.20625 0.819444 0.2125 0.819444 0.214062 0.816667 0.220313 0.816667 0.220313 0.813889 0.221875 0.811111 0.221875 0.808333 0.223438 0.805556 0.223438 0.802778 0.226562 0.797222 0.226562 0.794444 0.228125 0.791667 0.228125 0.788889 0.234375 0.777778 0.234375 0.775 0.235938 0.772222 0.235938 0.769444 0.25625 0.733333 0.257812 0.733333 0.260938 0.727778 0.264062 0.727778 0.265625 0.725 0.26875 0.725 0.270312 0.722222 0.278125 0.722222 0.279687 0.725 0.282813 0.725 0.284375 0.727778 0.285937 0.727778 0.29375 0.741667 0.29375 0.744444 0.295312 0.747222 0.295312 0.769444 0.29375 0.772222 0.29375 0.794444 0.292188 0.797222 0.292188 0.816667 0.290625 0.819444 0.290625 0.827778 0.289062 0.830556 0.289062 0.833333 0.2875 0.836111 0.2875 0.841667 0.285937 0.844444 0.285937 0.85 0.284375 0.852778 0.284375 0.863889 0.282813 0.866667 0.282813 0.880556 0.914062 0.880556 0.914062 0.866667 0.915625 0.863889 0.915625 0.841667 0.914062 0.838889 0.914062 0.830556 0.915625 0.827778 0.915625 0.788889 0.917188 0.786111 0.917188 0.736111 0.91875 0.733333 0.91875 0.702778 0.920313 0.7 0.920313 0.655556 0.921875 0.652778 0.921875 0.611111 0.923437 0.608333 0.923437 0.558333 0.925 0.555556 0.925 0.466667 0.926562 0.463889 0.926562 0.427778 0.928125 0.425 0.928125 0.380556 0.929688 0.377778 0.929688 0.319444 0.93125 0.316667 0.93125 0.280556 0.932813 0.277778 0.932813 0.247222 0.934375 0.244444 0.939062 0.244444 0.939062 0.00555556 0.084375 0.00555556 0.084375 0.6 0.0890625 0.6 0.090625 0.602778 0.090625 0.616667 0.0921875 0.619444 0.0921875 0.7 0.090625 0.702778 0.090625 0.722222 0.0890625 0.725 0.084375 0.725 0.084375 0.822222 0.0921875 0.822222 0.09375 0.825 0.096875 0.825 0.0984375 0.827778 0.101562 0.827778 0.103125 0.830556 0.104687 0.830556 0.10625 0.833333
67 0.104687 0.844444 0.103125 0.847222 0.0984375 0.847222 0.096875 0.85 0.0953125 0.85 0.09375 0.847222 0.090625 0.847222 0.0890625 0.844444 0.084375 0.844444 0.084375 0.880556 0.173438 0.880556 0.173438 0.872222 0.171875 0.869444 0.167187 0.869444 0.165625 0.872222 0.164062 0.872222 0.1625 0.869444 0.154687 0.869444 0.153125 0.866667 0.146875 0.866667 0.145313 0.863889 0.14375 0.863889 0.140625 0.858333 0.140625 0.85 0.1375 0.85 0.135937 0.852778 0.135937 0.855556 0.134375 0.858333 0.13125 0.852778 0.13125 0.85 0.129688 0.85 0.128125 0.847222 0.126563 0.847222 0.125 0.85 0.123438 0.85 0.121875 0.852778 0.120312 0.852778 0.11875 0.85 0.11875 0.847222 0.117188 0.847222 0.115625 0.844444 0.104687 0.844444 0.10625 0.833333 0.1125 0.833333 0.114063 0.830556 0.142188 0.830556 0.14375 0.827778 0.153125 0.827778 0.154687 0.825 0.176563 0.825 0.178125 0.822222 0.204688 0.822222 0.20625 0.819444 0.2125 0.819444 0.214062 0.816667 0.220313 0.816667 0.220313 0.813889 0.221875 0.811111 0.221875 0.808333 0.223438 0.805556 0.223438 0.802778 0.226562 0.797222 0.226562 0.794444 0.228125 0.791667 0.228125 0.788889 0.234375 0.777778 0.234375 0.775 0.235938 0.772222 0.235938 0.769444 0.25625 0.733333 0.257812 0.733333 0.260938 0.727778 0.264062 0.727778 0.265625 0.725 0.26875 0.725 0.270312 0.722222 0.278125 0.722222 0.279687 0.725 0.282813 0.725 0.284375 0.727778 0.285937 0.727778 0.29375 0.741667 0.29375 0.744444 0.295312 0.747222 0.295312 0.769444 0.29375 0.772222 0.29375 0.794444 0.292188 0.797222 0.292188 0.816667 0.290625 0.819444 0.290625 0.827778 0.289062 0.830556 0.289062 0.833333 0.2875 0.836111 0.2875 0.841667 0.285937 0.844444 0.285937 0.85 0.284375 0.852778 0.284375 0.863889 0.282813 0.866667 0.282813 0.880556 0.914062 0.880556 0.914062 0.866667 0.915625 0.863889 0.915625 0.841667 0.914062 0.838889 0.914062 0.830556 0.915625 0.827778 0.915625 0.788889 0.917188 0.786111 0.917188 0.736111 0.91875 0.733333 0.91875 0.702778 0.920313 0.7 0.920313 0.655556 0.921875 0.652778 0.921875 0.611111 0.923437 0.608333 0.923437 0.558333 0.925 0.555556 0.925 0.466667 0.926562 0.463889 0.926562 0.427778 0.928125 0.425 0.928125 0.380556 0.929688 0.377778 0.929688 0.319444 0.93125 0.316667 0.93125 0.280556 0.932813 0.277778 0.932813 0.247222 0.934375 0.244444 0.939062 0.244444 0.939062 0.00555556 0.084375 0.00555556 0.084375 0.6 0.0890625 0.6 0.090625 0.602778 0.090625 0.616667 0.0921875 0.619444 0.0921875 0.7 0.090625 0.702778 0.090625 0.722222 0.0890625 0.725 0.084375 0.725 0.084375 0.822222 0.0921875 0.822222 0.09375 0.825 0.096875 0.825 0.0984375 0.827778 0.101562 0.827778 0.103125 0.830556 0.104687 0.830556 0.10625 0.833333
0 0.254687 0.727778 0.254687 0.738889 0.245312 0.755556 0.24375 0.755556 0.24375 0.758333 0.239063 0.766667 0.239063 0.769444 0.235938 0.775 0.235938 0.777778 0.232812 0.783333 0.232812 0.786111 0.229687 0.791667 0.229687 0.794444 0.228125 0.797222 0.228125 0.8 0.225 0.805556 0.225 0.808333 0.223438 0.811111 0.223438 0.813889 0.220313 0.819444 0.220313 0.822222 0.21875 0.825 0.21875 0.827778 0.215625 0.833333 0.215625 0.836111 0.214062 0.838889 0.214062 0.841667 0.210938 0.847222 0.210938 0.852778 0.209375 0.855556 0.209375 0.858333 0.204688 0.866667 0.204688 0.869444 0.2 0.877778 0.2 0.880556 0.198437 0.883333 0.198437 0.886111 0.195312 0.891667 0.195312 0.894444 0.19375 0.897222 0.19375 0.9 0.192188 0.902778 0.192188 0.905556 0.190625 0.908333 0.190625 0.911111 0.189063 0.913889 0.189063 0.916667 0.1875 0.919444 0.1875 0.922222 0.185937 0.925 0.185937 0.930556 0.184375 0.933333 0.184375 0.938889 0.182812 0.941667 0.182812 0.944444 0.18125 0.947222 0.18125 0.95 0.179688 0.952778 0.179688 0.958333 0.176563 0.963889 0.171875 0.963889 0.171875 1 0.253125 1 0.253125 0.991667 0.254687 0.988889 0.254687 0.986111 0.25625 0.983333 0.25625 0.977778 0.257812 0.975 0.257812 0.972222 0.259375 0.969444 0.259375 0.963889 0.260938 0.961111 0.260938 0.958333 0.2625 0.955556 0.2625 0.95 0.264062 0.947222 0.264062 0.941667 0.265625 0.938889 0.265625 0.936111 0.267188 0.933333 0.267188 0.927778 0.26875 0.925 0.26875 0.916667 0.270312 0.913889 0.270312 0.905556 0.271875 0.902778 0.271875 0.897222 0.273438 0.894444 0.273438 0.888889 0.275 0.886111 0.275 0.877778 0.276563 0.875 0.276563 0.869444 0.278125 0.866667 0.278125 0.858333 0.279687 0.855556 0.279687 0.841667 0.28125 0.838889 0.28125 0.830556 0.282813 0.827778 0.282813 0.819444 0.284375 0.816667 0.284375 0.813889 0.2875 0.808333 0.2875 0.805556 0.289062 0.802778 0.289062 0.797222 0.290625 0.794444 0.290625 0.786111 0.292188 0.783333 0.292188 0.766667 0.29375 0.763889 0.29375 0.75 0.292188 0.747222 0.292188 0.741667 0.290625 0.738889 0.290625 0.727778
67 0 0.238889 0 0.836111 0.0171875 0.836111 0.0171875 0.827778 0.0203125 0.822222 0.0234375 0.822222 0.025 0.819444 0.028125 0.819444 0.0296875 0.816667 0.0375 0.816667 0.0390625 0.819444 0.040625 0.819444 0.0421875 0.816667 0.0515625 0.816667 0.0515625 0.741667 0.046875 0.741667 0.0453125 0.738889 0.0453125 0.661111 0.046875 0.658333 0.0515625 0.658333 0.0515625 0.386111 0.046875 0.386111 0.0453125 0.383333 0.0453125 0.369444 0.04375 0.366667 0.04375 0.361111 0.0421875 0.358333 0.0421875 0.35 0.040625 0.347222 0.040625 0.338889 0.0390625 0.336111 0.0390625 0.322222 0.0375 0.319444 0.0375 0.302778 0.0359375 0.3 0.0359375 0.272222 0.034375 0.269444 0.034375 0.255556 0.0328125 0.252778 0.0328125 0.238889
62 0.104687 0.844444 0.103125 0.847222 0.0984375 0.847222 0.096875 0.85 0.0953125 0.85 0.09375 0.847222 0.090625 0.847222 0.0890625 0.844444 0.084375 0.844444 0.084375 0.880556 0.173438 0.880556 0.173438 0.872222 0.171875 0.869444 0.167187 0.869444 0.165625 0.872222 0.164062 0.872222 0.1625 0.869444 0.154687 0.869444 0.153125 0.866667 0.146875 0.866667 0.145313 0.863889 0.14375 0.863889 0.140625 0.858333 0.140625 0.85 0.1375 0.85 0.135937 0.852778 0.135937 0.855556 0.134375 0.858333 0.13125 0.852778 0.13125 0.85 0.129688 0.85 0.128125 0.847222 0.126563 0.847222 0.125 0.85 0.123438 0.85 0.121875 0.852778 0.120312 0.852778 0.11875 0.85 0.11875 0.847222 0.117188 0.847222 0.115625 0.844444 0.104687 0.844444 0.10625 0.833333 0.1125 0.833333 0.114063 0.830556 0.142188 0.830556 0.14375 0.827778 0.153125 0.827778 0.154687 0.825 0.176563 0.825 0.178125 0.822222 0.204688 0.822222 0.20625 0.819444 0.2125 0.819444 0.214062 0.816667 0.220313 0.816667 0.220313 0.813889 0.221875 0.811111 0.221875 0.808333 0.223438 0.805556 0.223438 0.802778 0.226562 0.797222 0.226562 0.794444 0.228125 0.791667 0.228125 0.788889 0.234375 0.777778 0.234375 0.775 0.235938 0.772222 0.235938 0.769444 0.25625 0.733333 0.257812 0.733333 0.260938 0.727778 0.264062 0.727778 0.265625 0.725 0.26875 0.725 0.270312 0.722222 0.278125 0.722222 0.279687 0.725 0.282813 0.725 0.284375 0.727778 0.285937 0.727778 0.29375 0.741667 0.29375 0.744444 0.295312 0.747222 0.295312 0.769444 0.29375 0.772222 0.29375 0.794444 0.292188 0.797222 0.292188 0.816667 0.290625 0.819444 0.290625 0.827778 0.289062 0.830556 0.289062 0.833333 0.2875 0.836111 0.2875 0.841667 0.285937 0.844444 0.285937 0.85 0.284375 0.852778 0.284375 0.863889 0.282813 0.866667 0.282813 0.880556 0.914062 0.880556 0.914062 0.866667 0.915625 0.863889 0.915625 0.841667 0.914062 0.838889 0.914062 0.830556 0.915625 0.827778 0.915625 0.788889 0.917188 0.786111 0.917188 0.736111 0.91875 0.733333 0.91875 0.702778 0.920313 0.7 0.920313 0.655556 0.921875 0.652778 0.921875 0.611111 0.923437 0.608333 0.923437 0.558333 0.925 0.555556 0.925 0.466667 0.926562 0.463889 0.926562 0.427778 0.928125 0.425 0.928125 0.380556 0.929688 0.377778 0.929688 0.319444 0.93125 0.316667 0.93125 0.280556 0.932813 0.277778 0.932813 0.247222 0.934375 0.244444 0.939062 0.244444 0.939062 0.00555556 0.084375 0.00555556 0.084375 0.6 0.0890625 0.6 0.090625 0.602778 0.090625 0.616667 0.0921875 0.619444 0.0921875 0.7 0.090625 0.702778 0.090625 0.722222 0.0890625 0.725 0.084375 0.725 0.084375 0.822222 0.0921875 0.822222 0.09375 0.825 0.096875 0.825 0.0984375 0.827778 0.101562 0.827778 0.103125 0.830556 0.104687 0.830556 0.10625 0.833333
