67 0.159375 0.0388889 0.159375 0.852778 0.165625 0.852778 0.16875 0.858333 0.170312 0.858333 0.173438 0.863889 0.175 0.863889 0.176563 0.866667 0.178125 0.866667 0.179688 0.869444 0.18125 0.869444 0.182812 0.872222 0.184375 0.872222 0.185937 0.875 0.190625 0.875 0.192188 0.877778 0.198437 0.877778 0.2 0.880556 0.207813 0.880556 0.209375 0.883333 0.220313 0.883333 0.221875 0.886111 0.257812 0.886111 0.259375 0.888889 0.301562 0.888889 0.303125 0.886111 0.309375 0.886111 0.310937 0.883333 0.325 0.883333 0.326562 0.880556 0.33125 0.880556 0.3375 0.869444 0.339063 0.869444 0.339063 0.866667 0.342187 0.861111 0.342187 0.858333 0.346875 0.85 0.348437 0.85 0.35 0.847222 0.351562 0.847222 0.357812 0.836111 0.357812 0.830556 0.359375 0.827778 0.359375 0.825 0.360938 0.822222 0.360938 0.819444 0.3625 0.816667 0.364062 0.816667 0.364062 0.813889 0.365625 0.811111 0.365625 0.808333 0.36875 0.802778 0.370313 0.802778 0.370313 0.8 0.371875 0.797222 0.371875 0.794444 0.378125 0.783333 0.379687 0.783333 0.392188 0.761111 0.39375 0.761111 0.395312 0.758333 0.398438 0.758333 0.4 0.755556 0.401563 0.755556 0.403125 0.752778 0.404687 0.752778 0.40625 0.75 0.409375 0.75 0.410937 0.747222 0.423438 0.747222 0.425 0.75 0.429688 0.75 0.439063 0.766667 0.439063 0.769444 0.442187 0.775 0.442187 0.777778 0.44375 0.780556 0.44375 0.783333 0.445312 0.786111 0.445312 0.808333 0.440625 0.816667 0.440625 0.822222 0.439063 0.825 0.439063 0.827778 0.432813 0.838889 0.432813 0.844444 0.43125 0.847222 0.43125 0.852778 0.429688 0.855556 0.429688 0.858333 0.428125 0.861111 0.428125 0.869444 0.426562 0.872222 0.426562 0.9 0.425 0.902778 0.426562 0.902778 0.432813 0.913889 0.432813 0.916667 0.434375 0.919444 0.435937 0.919444 0.4375 0.916667 0.440625 0.916667 0.442187 0.919444 0.442187 0.922222 0.445312 0.927778 0.448438 0.927778 0.45 0.925 0.451562 0.925 0.453125 0.922222 0.454688 0.922222 0.45625 0.925 0.459375 0.925 0.460938 0.922222 0.476562 0.922222 0.478125 0.925 0.4875 0.925 0.489062 0.927778 0.496875 0.927778 0.498437 0.930556 0.514063 0.930556 0.515625 0.933333 0.51875 0.933333 0.520312 0.936111 0.53125 0.936111 0.532812 0.938889 0.54375 0.938889 0.545313 0.941667 0.554688 0.941667 0.55625 0.944444 0.564062 0.944444 0.565625 0.947222 0.579687 0.947222 0.58125 0.95 0.595312 0.95 0.596875 0.952778 0.6125 0.952778 0.614062 0.955556 0.626562 0.955556 0.628125 0.958333 0.640625 0.958333 0.642187 0.961111 0.665625 0.961111 0.667188 0.963889 0.676562 0.963889 0.678125 0.966667 0.685938 0.966667 0.6875 0.969444 0.692187 0.969444 0.69375 0.972222 0.69375 0.980556 0.840625 0.980556 0.840625 0.972222 0.84375 0.966667 0.845312 0.966667 0.846875 0.963889 0.848437 0.963889 0.85 0.961111 0.853125 0.961111 0.854688 0.958333 0.85625 0.958333 0.857813 0.955556 0.859375 0.955556 0.860937 0.952778 0.864062 0.952778 0.867188 0.947222 0.86875 0.947222 0.873438 0.938889 0.876562 0.938889 0.882812 0.927778 0.884375 0.927778 0.885938 0.925 0.885938 0.922222 0.889063 0.916667 0.889063 0.913889 0.890625 0.911111 0.890625 0.883333 0.892187 0.880556 0.892187 0.836111 0.89375 0.833333 0.89375 0.805556 0.895312 0.802778 0.895312 0.786111 0.896875 0.783333 0.896875 0.763889 0.898438 0.761111 0.898438 0.744444 0.9 0.741667 0.9 0.716667 0.901563 0.713889 0.901563 0.55 0.903125 0.547222 0.903125 0.502778 0.904688 0.5 0.904688 0.458333 0.90625 0.455556 0.90625 0.430556 0.907812 0.427778 0.907812 0.369444 0.909375 0.366667 0.909375 0.330556 0.910937 0.327778 0.910937 0.297222 0.9125 0.294444 0.9125 0.275 0.914062 0.272222 0.914062 0.266667 0.915625 0.263889 0.920313 0.263889 0.920313 0.0888889 0.914062 0.0888889 0.9125 0.0861111 0.910937 0.0861111 0.909375 0.0833333 0.903125 0.0833333 0.901563 0.0805556 0.882812 0.0805556 0.88125 0.0777778 0.86875 0.0777778 0.867188 0.075 0.853125 0.075 0.851562 0.0722222 0.85 0.075 0.846875 0.075 0.845312 0.0722222 0.83125 0.0722222 0.829687 0.0694444 0.79375 0.0694444 0.792188 0.0666667 0.767187 0.0666667 0.765625 0.0638889 0.74375 0.0638889 0.742188 0.0611111 0.628125 0.0611111 0.626562 0.0583333 0.582812 0.0583333 0.58125 0.0555556 0.54375 0.0555556 0.542188 0.0527778 0.482812 0.0527778 0.48125 0.05 0.470313 0.05 0.46875 0.0472222 0.46875 0.0388889
62 0.159375 0.0388889 0.159375 0.852778 0.165625 0.852778 0.16875 0.858333 0.170312 0.858333 0.173438 0.863889 0.175 0.863889 0.176563 0.866667 0.178125 0.866667 0.179688 0.869444 0.18125 0.869444 0.182812 0.872222 0.184375 0.872222 0.185937 0.875 0.190625 0.875 0.192188 0.877778 0.198437 0.877778 0.2 0.880556 0.207813 0.880556 0.209375 0.883333 0.220313 0.883333 0.221875 0.886111 0.257812 0.886111 0.259375 0.888889 0.301562 0.888889 0.303125 0.886111 0.309375 0.886111 0.310937 0.883333 0.325 0.883333 0.326562 0.880556 0.33125 0.880556 0.3375 0.869444 0.339063 0.869444 0.339063 0.866667 0.342187 0.861111 0.342187 0.858333 0.346875 0.85 0.348437 0.85 0.35 0.847222 0.351562 0.847222 0.357812 0.836111 0.357812 0.830556 0.359375 0.827778 0.359375 0.825 0.360938 0.822222 0.360938 0.819444 0.3625 0.816667 0.364062 0.816667 0.364062 0.813889 0.365625 0.811111 0.365625 0.808333 0.36875 0.802778 0.370313 0.802778 0.370313 0.8 0.371875 0.797222 0.371875 0.794444 0.378125 0.783333 0.379687 0.783333 0.392188 0.761111 0.39375 0.761111 0.395312 0.758333 0.398438 0.758333 0.4 0.755556 0.401563 0.755556 0.403125 0.752778 0.404687 0.752778 0.40625 0.75 0.409375 0.75 0.410937 0.747222 0.423438 0.747222 0.425 0.75 0.429688 0.75 0.439063 0.766667 0.439063 0.769444 0.442187 0.775 0.442187 0.777778 0.44375 0.780556 0.44375 0.783333 0.445312 0.786111 0.445312 0.808333 0.440625 0.816667 0.440625 0.822222 0.439063 0.825 0.439063 0.827778 0.432813 0.838889 0.432813 0.844444 0.43125 0.847222 0.43125 0.852778 0.429688 0.855556 0.429688 0.858333 0.428125 0.861111 0.428125 0.869444 0.426562 0.872222 0.426562 0.9 0.425 0.902778 0.426562 0.902778 0.432813 0.913889 0.432813 0.916667 0.434375 0.919444 0.435937 0.919444 0.4375 0.916667 0.440625 0.916667 0.442187 0.919444 0.442187 0.922222 0.445312 0.927778 0.448438 0.927778 0.45 0.925 0.451562 0.925 0.453125 0.922222 0.454688 0.922222 0.45625 0.925 0.459375 0.925 0.460938 0.922222 0.476562 0.922222 0.478125 0.925 0.4875 0.925 0.489062 0.927778 0.496875 0.927778 0.498437 0.930556 0.514063 0.930556 0.515625 0.933333 0.51875 0.933333 0.520312 0.936111 0.53125 0.936111 0.532812 0.938889 0.54375 0.938889 0.545313 0.941667 0.554688 0.941667 0.55625 0.944444 0.564062 0.944444 0.565625 0.947222 0.579687 0.947222 0.58125 0.95 0.595312 0.95 0.596875 0.952778 0.6125 0.952778 0.614062 0.955556 0.626562 0.955556 0.628125 0.958333 0.640625 0.958333 0.642187 0.961111 0.665625 0.961111 0.667188 0.963889 0.676562 0.963889 0.678125 0.966667 0.685938 0.966667 0.6875 0.969444 0.692187 0.969444 0.69375 0.972222 0.69375 0.980556 0.840625 0.980556 0.840625 0.972222 0.84375 0.966667 0.845312 0.966667 0.846875 0.963889 0.848437 0.963889 0.85 0.961111 0.853125 0.961111 0.854688 0.958333 0.85625 0.958333 0.857813 0.955556 0.859375 0.955556 0.860937 0.952778 0.864062 0.952778 0.867188 0.947222 0.86875 0.947222 0.873438 0.938889 0.876562 0.938889 0.882812 0.927778 0.884375 0.927778 0.885938 0.925 0.885938 0.922222 0.889063 0.916667 0.889063 0.913889 0.890625 0.911111 0.890625 0.883333 0.892187 0.880556 0.892187 0.836111 0.89375 0.833333 0.89375 0.805556 0.895312 0.802778 0.895312 0.786111 0.896875 0.783333 0.896875 0.763889 0.898438 0.761111 0.898438 0.744444 0.9 0.741667 0.9 0.716667 0.901563 0.713889 0.901563 0.55 0.903125 0.547222 0.903125 0.502778 0.904688 0.5 0.904688 0.458333 0.90625 0.455556 0.90625 0.430556 0.907812 0.427778 0.907812 0.369444 0.909375 0.366667 0.909375 0.330556 0.910937 0.327778 0.910937 0.297222 0.9125 0.294444 0.9125 0.275 0.914062 0.272222 0.914062 0.266667 0.915625 0.263889 0.920313 0.263889 0.920313 0.0888889 0.914062 0.0888889 0.9125 0.0861111 0.910937 0.0861111 0.909375 0.0833333 0.903125 0.0833333 0.901563 0.0805556 0.882812 0.0805556 0.88125 0.0777778 0.86875 0.0777778 0.867188 0.075 0.853125 0.075 0.851562 0.0722222 0.85 0.075 0.846875 0.075 0.845312 0.0722222 0.83125 0.0722222 0.829687 0.0694444 0.79375 0.0694444 0.792188 0.0666667 0.767187 0.0666667 0.765625 0.0638889 0.74375 0.0638889 0.742188 0.0611111 0.628125 0.0611111 0.626562 0.0583333 0.582812 0.0583333 0.58125 0.0555556 0.54375 0.0555556 0.542188 0.0527778 0.482812 0.0527778 0.48125 0.05 0.470313 0.05 0.46875 0.0472222 0.46875 0.0388889
0 0.396875 0.75 0.396875 0.758333 0.39375 0.763889 0.392188 0.763889 0.390625 0.766667 0.390625 0.769444 0.385938 0.777778 0.384375 0.777778 0.378125 0.788889 0.378125 0.791667 0.375 0.797222 0.375 0.8 0.371875 0.805556 0.371875 0.808333 0.370313 0.811111 0.370313 0.813889 0.367188 0.819444 0.367188 0.822222 0.364062 0.827778 0.364062 0.830556 0.3625 0.833333 0.3625 0.836111 0.360938 0.838889 0.360938 0.841667 0.359375 0.844444 0.359375 0.847222 0.35 0.863889 0.35 0.866667 0.34375 0.877778 0.34375 0.880556 0.325 0.913889 0.323438 0.913889 0.320312 0.919444 0.31875 0.919444 0.314063 0.927778 0.3125 0.927778 0.310937 0.930556 0.309375 0.930556 0.307813 0.933333 0.304688 0.933333 0.301562 0.938889 0.298438 0.938889 0.296875 0.941667 0.295312 0.941667 0.29375 0.944444 0.292188 0.944444 0.289062 0.95 0.2875 0.95 0.285937 0.952778 0.284375 0.952778 0.28125 0.958333 0.279687 0.958333 0.279687 0.961111 0.278125 0.963889 0.276563 0.963889 0.275 0.966667 0.273438 0.966667 0.271875 0.969444 0.265625 0.969444 0.265625 1 0.45 1 0.45 0.986111 0.448438 0.983333 0.448438 0.980556 0.446875 0.977778 0.446875 0.975 0.445312 0.972222 0.445312 0.969444 0.439063 0.958333 0.4375 0.958333 0.435937 0.955556 0.434375 0.955556 0.432813 0.952778 0.43125 0.952778 0.429688 0.95 0.426562 0.95 0.425 0.947222 0.423438 0.947222 0.421875 0.944444 0.420312 0.944444 0.41875 0.941667 0.415625 0.941667 0.4125 0.936111 0.4125 0.933333 0.410937 0.930556 0.410937 0.919444 0.409375 0.916667 0.410937 0.913889 0.410937 0.911111 0.4125 0.908333 0.4125 0.902778 0.414062 0.9 0.414062 0.897222 0.415625 0.894444 0.415625 0.891667 0.41875 0.886111 0.41875 0.883333 0.420312 0.880556 0.420312 0.877778 0.421875 0.875 0.421875 0.872222 0.423438 0.869444 0.423438 0.866667 0.425 0.863889 0.425 0.858333 0.426562 0.855556 0.426562 0.85 0.428125 0.847222 0.428125 0.844444 0.429688 0.841667 0.429688 0.838889 0.43125 0.836111 0.43125 0.833333 0.434375 0.827778 0.434375 0.825 0.435937 0.822222 0.435937 0.819444 0.4375 0.816667 0.4375 0.813889 0.440625 0.808333 0.440625 0.805556 0.442187 0.802778 0.442187 0.797222 0.44375 0.794444 0.44375 0.791667 0.442187 0.788889 0.442187 0.783333 0.440625 0.780556 0.440625 0.777778 0.439063 0.775 0.439063 0.772222 0.435937 0.766667 0.435937 0.763889 0.432813 0.758333 0.432813 0.75
67 0.159375 0.0388889 0.159375 0.852778 0.165625 0.852778 0.16875 0.858333 0.170312 0.858333 0.173438 0.863889 0.175 0.863889 0.176563 0.866667 0.178125 0.866667 0.179688 0.869444 0.18125 0.869444 0.182812 0.872222 0.184375 0.872222 0.185937 0.875 0.190625 0.875 0.192188 0.877778 0.198437 0.877778 0.2 0.880556 0.207813 0.880556 0.209375 0.883333 0.220313 0.883333 0.221875 0.886111 0.257812 0.886111 0.259375 0.888889 0.301562 0.888889 0.303125 0.886111 0.309375 0.886111 0.310937 0.883333 0.325 0.883333 0.326562 0.880556 0.33125 0.880556 0.3375 0.869444 0.339063 0.869444 0.339063 0.866667 0.342187 0.861111 0.342187 0.858333 0.346875 0.85 0.348437 0.85 0.35 0.847222 0.351562 0.847222 0.357812 0.836111 0.357812 0.830556 0.359375 0.827778 0.359375 0.825 0.360938 0.822222 0.360938 0.819444 0.3625 0.816667 0.364062 0.816667 0.364062 0.813889 0.365625 0.811111 0.365625 0.808333 0.36875 0.802778 0.370313 0.802778 0.370313 0.8 0.371875 0.797222 0.371875 0.794444 0.378125 0.783333 0.379687 0.783333 0.392188 0.761111 0.39375 0.761111 0.395312 0.758333 0.398438 0.758333 0.4 0.755556 0.401563 0.755556 0.403125 0.752778 0.404687 0.752778 0.40625 0.75 0.409375 0.75 0.410937 0.747222 0.423438 0.747222 0.425 0.75 0.429688 0.75 0.439063 0.766667 0.439063 0.769444 0.442187 0.775 0.442187 0.777778 0.44375 0.780556 0.44375 0.783333 0.445312 0.786111 0.445312 0.808333 0.440625 0.816667 0.440625 0.822222 0.439063 0.825 0.439063 0.827778 0.432813 0.838889 0.432813 0.844444 0.43125 0.847222 0.43125 0.852778 0.429688 0.855556 0.429688 0.858333 0.428125 0.861111 0.428125 0.869444 0.426562 0.872222 0.426562 0.9 0.425 0.902778 0.426562 0.902778 0.432813 0.913889 0.432813 0.916667 0.434375 0.919444 0.435937 0.919444 0.4375 0.916667 0.440625 0.916667 0.442187 0.919444 0.442187 0.922222 0.445312 0.927778 0.448438 0.927778 0.45 0.925 0.451562 0.925 0.453125 0.922222 0.454688 0.922222 0.45625 0.925 0.459375 0.925 0.460938 0.922222 0.476562 0.922222 0.478125 0.925 0.4875 0.925 0.489062 0.927778 0.496875 0.927778 0.498437 0.930556 0.514063 0.930556 0.515625 0.933333 0.51875 0.933333 0.520312 0.936111 0.53125 0.936111 0.532812 0.938889 0.54375 0.938889 0.545313 0.941667 0.554688 0.941667 0.55625 0.944444 0.564062 0.944444 0.565625 0.947222 0.579687 0.947222 0.58125 0.95 0.595312 0.95 0.596875 0.952778 0.6125 0.952778 0.614062 0.955556 0.626562 0.955556 0.628125 0.958333 0.640625 0.958333 0.642187 0.961111 0.665625 0.961111 0.667188 0.963889 0.676562 0.963889 0.678125 0.966667 0.685938 0.966667 0.6875 0.969444 0.692187 0.969444 0.69375 0.972222 0.69375 0.980556 0.840625 0.980556 0.840625 0.972222 0.84375 0.966667 0.845312 0.966667 0.846875 0.963889 0.848437 0.963889 0.85 0.961111 0.853125 0.961111 0.854688 0.958333 0.85625 0.958333 0.857813 0.955556 0.859375 0.955556 0.860937 0.952778 0.864062 0.952778 0.867188 0.947222 0.86875 0.947222 0.873438 0.938889 0.876562 0.938889 0.882812 0.927778 0.884375 0.927778 0.885938 0.925 0.885938 0.922222 0.889063 0.916667 0.889063 0.913889 0.890625 0.911111 0.890625 0.883333 0.892187 0.880556 0.892187 0.836111 0.89375 0.833333 0.89375 0.805556 0.895312 0.802778 0.895312 0.786111 0.896875 0.783333 0.896875 0.763889 0.898438 0.761111 0.898438 0.744444 0.9 0.741667 0.9 0.716667 0.901563 0.713889 0.901563 0.55 0.903125 0.547222 0.903125 0.502778 0.904688 0.5 0.904688 0.458333 0.90625 0.455556 0.90625 0.430556 0.907812 0.427778 0.907812 0.369444 0.909375 0.366667 0.909375 0.330556 0.910937 0.327778 0.910937 0.297222 0.9125 0.294444 0.9125 0.275 0.914062 0.272222 0.914062 0.266667 0.915625 0.263889 0.920313 0.263889 0.920313 0.0888889 0.914062 0.0888889 0.9125 0.0861111 0.910937 0.0861111 0.909375 0.0833333 0.903125 0.0833333 0.901563 0.0805556 0.882812 0.0805556 0.88125 0.0777778 0.86875 0.0777778 0.867188 0.075 0.853125 0.075 0.851562 0.0722222 0.85 0.075 0.846875 0.075 0.845312 0.0722222 0.83125 0.0722222 0.829687 0.0694444 0.79375 0.0694444 0.792188 0.0666667 0.767187 0.0666667 0.765625 0.0638889 0.74375 0.0638889 0.742188 0.0611111 0.628125 0.0611111 0.626562 0.0583333 0.582812 0.0583333 0.58125 0.0555556 0.54375 0.0555556 0.542188 0.0527778 0.482812 0.0527778 0.48125 0.05 0.470313 0.05 0.46875 0.0472222 0.46875 0.0388889
62 0.159375 0.0388889 0.159375 0.852778 0.165625 0.852778 0.16875 0.858333 0.170312 0.858333 0.173438 0.863889 0.175 0.863889 0.176563 0.866667 0.178125 0.866667 0.179688 0.869444 0.18125 0.869444 0.182812 0.872222 0.184375 0.872222 0.185937 0.875 0.190625 0.875 0.192188 0.877778 0.198437 0.877778 0.2 0.880556 0.207813 0.880556 0.209375 0.883333 0.220313 0.883333 0.221875 0.886111 0.257812 0.886111 0.259375 0.888889 0.301562 0.888889 0.303125 0.886111 0.309375 0.886111 0.310937 0.883333 0.325 0.883333 0.326562 0.880556 0.33125 0.880556 0.3375 0.869444 0.339063 0.869444 0.339063 0.866667 0.342187 0.861111 0.342187 0.858333 0.346875 0.85 0.348437 0.85 0.35 0.847222 0.351562 0.847222 0.357812 0.836111 0.357812 0.830556 0.359375 0.827778 0.359375 0.825 0.360938 0.822222 0.360938 0.819444 0.3625 0.816667 0.364062 0.816667 0.364062 0.813889 0.365625 0.811111 0.365625 0.808333 0.36875 0.802778 0.370313 0.802778 0.370313 0.8 0.371875 0.797222 0.371875 0.794444 0.378125 0.783333 0.379687 0.783333 0.392188 0.761111 0.39375 0.761111 0.395312 0.758333 0.398438 0.758333 0.4 0.755556 0.401563 0.755556 0.403125 0.752778 0.404687 0.752778 0.40625 0.75 0.409375 0.75 0.410937 0.747222 0.423438 0.747222 0.425 0.75 0.429688 0.75 0.439063 0.766667 0.439063 0.769444 0.442187 0.775 0.442187 0.777778 0.44375 0.780556 0.44375 0.783333 0.445312 0.786111 0.445312 0.808333 0.440625 0.816667 0.440625 0.822222 0.439063 0.825 0.439063 0.827778 0.432813 0.838889 0.432813 0.844444 0.43125 0.847222 0.43125 0.852778 0.429688 0.855556 0.429688 0.858333 0.428125 0.861111 0.428125 0.869444 0.426562 0.872222 0.426562 0.9 0.425 0.902778 0.426562 0.902778 0.432813 0.913889 0.432813 0.916667 0.434375 0.919444 0.435937 0.919444 0.4375 0.916667 0.440625 0.916667 0.442187 0.919444 0.442187 0.922222 0.445312 0.927778 0.448438 0.927778 0.45 0.925 0.451562 0.925 0.453125 0.922222 0.454688 0.922222 0.45625 0.925 0.459375 0.925 0.460938 0.922222 0.476562 0.922222 0.478125 0.925 0.4875 0.925 0.489062 0.927778 0.496875 0.927778 0.498437 0.930556 0.514063 0.930556 0.515625 0.933333 0.51875 0.933333 0.520312 0.936111 0.53125 0.936111 0.532812 0.938889 0.54375 0.938889 0.545313 0.941667 0.554688 0.941667 0.55625 0.944444 0.564062 0.944444 0.565625 0.947222 0.579687 0.947222 0.58125 0.95 0.595312 0.95 0.596875 0.952778 0.6125 0.952778 0.614062 0.955556 0.626562 0.955556 0.628125 0.958333 0.640625 0.958333 0.642187 0.961111 0.665625 0.961111 0.667188 0.963889 0.676562 0.963889 0.678125 0.966667 0.685938 0.966667 0.6875 0.969444 0.692187 0.969444 0.69375 0.972222 0.69375 0.980556 0.840625 0.980556 0.840625 0.972222 0.84375 0.966667 0.845312 0.966667 0.846875 0.963889 0.848437 0.963889 0.85 0.961111 0.853125 0.961111 0.854688 0.958333 0.85625 0.958333 0.857813 0.955556 0.859375 0.955556 0.860937 0.952778 0.864062 0.952778 0.867188 0.947222 0.86875 0.947222 0.873438 0.938889 0.876562 0.938889 0.882812 0.927778 0.884375 0.927778 0.885938 0.925 0.885938 0.922222 0.889063 0.916667 0.889063 0.913889 0.890625 0.911111 0.890625 0.883333 0.892187 0.880556 0.892187 0.836111 0.89375 0.833333 0.89375 0.805556 0.895312 0.802778 0.895312 0.786111 0.896875 0.783333 0.896875 0.763889 0.898438 0.761111 0.898438 0.744444 0.9 0.741667 0.9 0.716667 0.901563 0.713889 0.901563 0.55 0.903125 0.547222 0.903125 0.502778 0.904688 0.5 0.904688 0.458333 0.90625 0.455556 0.90625 0.430556 0.907812 0.427778 0.907812 0.369444 0.909375 0.366667 0.909375 0.330556 0.910937 0.327778 0.910937 0.297222 0.9125 0.294444 0.9125 0.275 0.914062 0.272222 0.914062 0.266667 0.915625 0.263889 0.920313 0.263889 0.920313 0.0888889 0.914062 0.0888889 0.9125 0.0861111 0.910937 0.0861111 0.909375 0.0833333 0.903125 0.0833333 0.901563 0.0805556 0.882812 0.0805556 0.88125 0.0777778 0.86875 0.0777778 0.867188 0.075 0.853125 0.075 0.851562 0.0722222 0.85 0.075 0.846875 0.075 0.845312 0.0722222 0.83125 0.0722222 0.829687 0.0694444 0.79375 0.0694444 0.792188 0.0666667 0.767187 0.0666667 0.765625 0.0638889 0.74375 0.0638889 0.742188 0.0611111 0.628125 0.0611111 0.626562 0.0583333 0.582812 0.0583333 0.58125 0.0555556 0.54375 0.0555556 0.542188 0.0527778 0.482812 0.0527778 0.48125 0.05 0.470313 0.05 0.46875 0.0472222 0.46875 0.0388889
0 0.396875 0.75 0.396875 0.758333 0.39375 0.763889 0.392188 0.763889 0.390625 0.766667 0.390625 0.769444 0.385938 0.777778 0.384375 0.777778 0.378125 0.788889 0.378125 0.791667 0.375 0.797222 0.375 0.8 0.371875 0.805556 0.371875 0.808333 0.370313 0.811111 0.370313 0.813889 0.367188 0.819444 0.367188 0.822222 0.364062 0.827778 0.364062 0.830556 0.3625 0.833333 0.3625 0.836111 0.360938 0.838889 0.360938 0.841667 0.359375 0.844444 0.359375 0.847222 0.35 0.863889 0.35 0.866667 0.34375 0.877778 0.34375 0.880556 0.325 0.913889 0.323438 0.913889 0.320312 0.919444 0.31875 0.919444 0.314063 0.927778 0.3125 0.927778 0.310937 0.930556 0.309375 0.930556 0.307813 0.933333 0.304688 0.933333 0.301562 0.938889 0.298438 0.938889 0.296875 0.941667 0.295312 0.941667 0.29375 0.944444 0.292188 0.944444 0.289062 0.95 0.2875 0.95 0.285937 0.952778 0.284375 0.952778 0.28125 0.958333 0.279687 0.958333 0.279687 0.961111 0.278125 0.963889 0.276563 0.963889 0.275 0.966667 0.273438 0.966667 0.271875 0.969444 0.265625 0.969444 0.265625 1 0.45 1 0.45 0.986111 0.448438 0.983333 0.448438 0.980556 0.446875 0.977778 0.446875 0.975 0.445312 0.972222 0.445312 0.969444 0.439063 0.958333 0.4375 0.958333 0.435937 0.955556 0.434375 0.955556 0.432813 0.952778 0.43125 0.952778 0.429688 0.95 0.426562 0.95 0.425 0.947222 0.423438 0.947222 0.421875 0.944444 0.420312 0.944444 0.41875 0.941667 0.415625 0.941667 0.4125 0.936111 0.4125 0.933333 0.410937 0.930556 0.410937 0.919444 0.409375 0.916667 0.410937 0.913889 0.410937 0.911111 0.4125 0.908333 0.4125 0.902778 0.414062 0.9 0.414062 0.897222 0.415625 0.894444 0.415625 0.891667 0.41875 0.886111 0.41875 0.883333 0.420312 0.880556 0.420312 0.877778 0.421875 0.875 0.421875 0.872222 0.423438 0.869444 0.423438 0.866667 0.425 0.863889 0.425 0.858333 0.426562 0.855556 0.426562 0.85 0.428125 0.847222 0.428125 0.844444 0.429688 0.841667 0.429688 0.838889 0.43125 0.836111 0.43125 0.833333 0.434375 0.827778 0.434375 0.825 0.435937 0.822222 0.435937 0.819444 0.4375 0.816667 0.4375 0.813889 0.440625 0.808333 0.440625 0.805556 0.442187 0.802778 0.442187 0.797222 0.44375 0.794444 0.44375 0.791667 0.442187 0.788889 0.442187 0.783333 0.440625 0.780556 0.440625 0.777778 0.439063 0.775 0.439063 0.772222 0.435937 0.766667 0.435937 0.763889 0.432813 0.758333 0.432813 0.75
67 0.159375 0.0388889 0.159375 0.852778 0.165625 0.852778 0.16875 0.858333 0.170312 0.858333 0.173438 0.863889 0.175 0.863889 0.176563 0.866667 0.178125 0.866667 0.179688 0.869444 0.18125 0.869444 0.182812 0.872222 0.184375 0.872222 0.185937 0.875 0.190625 0.875 0.192188 0.877778 0.198437 0.877778 0.2 0.880556 0.207813 0.880556 0.209375 0.883333 0.220313 0.883333 0.221875 0.886111 0.257812 0.886111 0.259375 0.888889 0.301562 0.888889 0.303125 0.886111 0.309375 0.886111 0.310937 0.883333 0.325 0.883333 0.326562 0.880556 0.33125 0.880556 0.3375 0.869444 0.339063 0.869444 0.339063 0.866667 0.342187 0.861111 0.342187 0.858333 0.346875 0.85 0.348437 0.85 0.35 0.847222 0.351562 0.847222 0.357812 0.836111 0.357812 0.830556 0.359375 0.827778 0.359375 0.825 0.360938 0.822222 0.360938 0.819444 0.3625 0.816667 0.364062 0.816667 0.364062 0.813889 0.365625 0.811111 0.365625 0.808333 0.36875 0.802778 0.370313 0.802778 0.370313 0.8 0.371875 0.797222 0.371875 0.794444 0.378125 0.783333 0.379687 0.783333 0.392188 0.761111 0.39375 0.761111 0.395312 0.758333 0.398438 0.758333 0.4 0.755556 0.401563 0.755556 0.403125 0.752778 0.404687 0.752778 0.40625 0.75 0.409375 0.75 0.410937 0.747222 0.423438 0.747222 0.425 0.75 0.429688 0.75 0.439063 0.766667 0.439063 0.769444 0.442187 0.775 0.442187 0.777778 0.44375 0.780556 0.44375 0.783333 0.445312 0.786111 0.445312 0.808333 0.440625 0.816667 0.440625 0.822222 0.439063 0.825 0.439063 0.827778 0.432813 0.838889 0.432813 0.844444 0.43125 0.847222 0.43125 0.852778 0.429688 0.855556 0.429688 0.858333 0.428125 0.861111 0.428125 0.869444 0.426562 0.872222 0.426562 0.9 0.425 0.902778 0.426562 0.902778 0.432813 0.913889 0.432813 0.916667 0.434375 0.919444 0.435937 0.919444 0.4375 0.916667 0.440625 0.916667 0.442187 0.919444 0.442187 0.922222 0.445312 0.927778 0.448438 0.927778 0.45 0.925 0.451562 0.925 0.453125 0.922222 0.454688 0.922222 0.45625 0.925 0.459375 0.925 0.460938 0.922222 0.476562 0.922222 0.478125 0.925 0.4875 0.925 0.489062 0.927778 0.496875 0.927778 0.498437 0.930556 0.514063 0.930556 0.515625 0.933333 0.51875 0.933333 0.520312 0.936111 0.53125 0.936111 0.532812 0.938889 0.54375 0.938889 0.545313 0.941667 0.554688 0.941667 0.55625 0.944444 0.564062 0.944444 0.565625 0.947222 0.579687 0.947222 0.58125 0.95 0.595312 0.95 0.596875 0.952778 0.6125 0.952778 0.614062 0.955556 0.626562 0.955556 0.628125 0.958333 0.640625 0.958333 0.642187 0.961111 0.665625 0.961111 0.667188 0.963889 0.676562 0.963889 0.678125 0.966667 0.685938 0.966667 0.6875 0.969444 0.692187 0.969444 0.69375 0.972222 0.69375 0.980556 0.840625 0.980556 0.840625 0.972222 0.84375 0.966667 0.845312 0.966667 0.846875 0.963889 0.848437 0.963889 0.85 0.961111 0.853125 0.961111 0.854688 0.958333 0.85625 0.958333 0.857813 0.955556 0.859375 0.955556 0.860937 0.952778 0.864062 0.952778 0.867188 0.947222 0.86875 0.947222 0.873438 0.938889 0.876562 0.938889 0.882812 0.927778 0.884375 0.927778 0.885938 0.925 0.885938 0.922222 0.889063 0.916667 0.889063 0.913889 0.890625 0.911111 0.890625 0.883333 0.892187 0.880556 0.892187 0.836111 0.89375 0.833333 0.89375 0.805556 0.895312 0.802778 0.895312 0.786111 0.896875 0.783333 0.896875 0.763889 0.898438 0.761111 0.898438 0.744444 0.9 0.741667 0.9 0.716667 0.901563 0.713889 0.901563 0.55 0.903125 0.547222 0.903125 0.502778 0.904688 0.5 0.904688 0.458333 0.90625 0.455556 0.90625 0.430556 0.907812 0.427778 0.907812 0.369444 0.909375 0.366667 0.909375 0.330556 0.910937 0.327778 0.910937 0.297222 0.9125 0.294444 0.9125 0.275 0.914062 0.272222 0.914062 0.266667 0.915625 0.263889 0.920313 0.263889 0.920313 0.0888889 0.914062 0.0888889 0.9125 0.0861111 0.910937 0.0861111 0.909375 0.0833333 0.903125 0.0833333 0.901563 0.0805556 0.882812 0.0805556 0.88125 0.0777778 0.86875 0.0777778 0.867188 0.075 0.853125 0.075 0.851562 0.0722222 0.85 0.075 0.846875 0.075 0.845312 0.0722222 0.83125 0.0722222 0.829687 0.0694444 0.79375 0.0694444 0.792188 0.0666667 0.767187 0.0666667 0.765625 0.0638889 0.74375 0.0638889 0.742188 0.0611111 0.628125 0.0611111 0.626562 0.0583333 0.582812 0.0583333 0.58125 0.0555556 0.54375 0.0555556 0.542188 0.0527778 0.482812 0.0527778 0.48125 0.05 0.470313 0.05 0.46875 0.0472222 0.46875 0.0388889
62 0.159375 0.0388889 0.159375 0.852778 0.165625 0.852778 0.16875 0.858333 0.170312 0.858333 0.173438 0.863889 0.175 0.863889 0.176563 0.866667 0.178125 0.866667 0.179688 0.869444 0.18125 0.869444 0.182812 0.872222 0.184375 0.872222 0.185937 0.875 0.190625 0.875 0.192188 0.877778 0.198437 0.877778 0.2 0.880556 0.207813 0.880556 0.209375 0.883333 0.220313 0.883333 0.221875 0.886111 0.257812 0.886111 0.259375 0.888889 0.301562 0.888889 0.303125 0.886111 0.309375 0.886111 0.310937 0.883333 0.325 0.883333 0.326562 0.880556 0.33125 0.880556 0.3375 0.869444 0.339063 0.869444 0.339063 0.866667 0.342187 0.861111 0.342187 0.858333 0.346875 0.85 0.348437 0.85 0.35 0.847222 0.351562 0.847222 0.357812 0.836111 0.357812 0.830556 0.359375 0.827778 0.359375 0.825 0.360938 0.822222 0.360938 0.819444 0.3625 0.816667 0.364062 0.816667 0.364062 0.813889 0.365625 0.811111 0.365625 0.808333 0.36875 0.802778 0.370313 0.802778 0.370313 0.8 0.371875 0.797222 0.371875 0.794444 0.378125 0.783333 0.379687 0.783333 0.392188 0.761111 0.39375 0.761111 0.395312 0.758333 0.398438 0.758333 0.4 0.755556 0.401563 0.755556 0.403125 0.752778 0.404687 0.752778 0.40625 0.75 0.409375 0.75 0.410937 0.747222 0.423438 0.747222 0.425 0.75 0.429688 0.75 0.439063 0.766667 0.439063 0.769444 0.442187 0.775 0.442187 0.777778 0.44375 0.780556 0.44375 0.783333 0.445312 0.786111 0.445312 0.808333 0.440625 0.816667 0.440625 0.822222 0.439063 0.825 0.439063 0.827778 0.432813 0.838889 0.432813 0.844444 0.43125 0.847222 0.43125 0.852778 0.429688 0.855556 0.429688 0.858333 0.428125 0.861111 0.428125 0.869444 0.426562 0.872222 0.426562 0.9 0.425 0.902778 0.426562 0.902778 0.432813 0.913889 0.432813 0.916667 0.434375 0.919444 0.435937 0.919444 0.4375 0.916667 0.440625 0.916667 0.442187 0.919444 0.442187 0.922222 0.445312 0.927778 0.448438 0.927778 0.45 0.925 0.451562 0.925 0.453125 0.922222 0.454688 0.922222 0.45625 0.925 0.459375 0.925 0.460938 0.922222 0.476562 0.922222 0.478125 0.925 0.4875 0.925 0.489062 0.927778 0.496875 0.927778 0.498437 0.930556 0.514063 0.930556 0.515625 0.933333 0.51875 0.933333 0.520312 0.936111 0.53125 0.936111 0.532812 0.938889 0.54375 0.938889 0.545313 0.941667 0.554688 0.941667 0.55625 0.944444 0.564062 0.944444 0.565625 0.947222 0.579687 0.947222 0.58125 0.95 0.595312 0.95 0.596875 0.952778 0.6125 0.952778 0.614062 0.955556 0.626562 0.955556 0.628125 0.958333 0.640625 0.958333 0.642187 0.961111 0.665625 0.961111 0.667188 0.963889 0.676562 0.963889 0.678125 0.966667 0.685938 0.966667 0.6875 0.969444 0.692187 0.969444 0.69375 0.972222 0.69375 0.980556 0.840625 0.980556 0.840625 0.972222 0.84375 0.966667 0.845312 0.966667 0.846875 0.963889 0.848437 0.963889 0.85 0.961111 0.853125 0.961111 0.854688 0.958333 0.85625 0.958333 0.857813 0.955556 0.859375 0.955556 0.860937 0.952778 0.864062 0.952778 0.867188 0.947222 0.86875 0.947222 0.873438 0.938889 0.876562 0.938889 0.882812 0.927778 0.884375 0.927778 0.885938 0.925 0.885938 0.922222 0.889063 0.916667 0.889063 0.913889 0.890625 0.911111 0.890625 0.883333 0.892187 0.880556 0.892187 0.836111 0.89375 0.833333 0.89375 0.805556 0.895312 0.802778 0.895312 0.786111 0.896875 0.783333 0.896875 0.763889 0.898438 0.761111 0.898438 0.744444 0.9 0.741667 0.9 0.716667 0.901563 0.713889 0.901563 0.55 0.903125 0.547222 0.903125 0.502778 0.904688 0.5 0.904688 0.458333 0.90625 0.455556 0.90625 0.430556 0.907812 0.427778 0.907812 0.369444 0.909375 0.366667 0.909375 0.330556 0.910937 0.327778 0.910937 0.297222 0.9125 0.294444 0.9125 0.275 0.914062 0.272222 0.914062 0.266667 0.915625 0.263889 0.920313 0.263889 0.920313 0.0888889 0.914062 0.0888889 0.9125 0.0861111 0.910937 0.0861111 0.909375 0.0833333 0.903125 0.0833333 0.901563 0.0805556 0.882812 0.0805556 0.88125 0.0777778 0.86875 0.0777778 0.867188 0.075 0.853125 0.075 0.851562 0.0722222 0.85 0.075 0.846875 0.075 0.845312 0.0722222 0.83125 0.0722222 0.829687 0.0694444 0.79375 0.0694444 0.792188 0.0666667 0.767187 0.0666667 0.765625 0.0638889 0.74375 0.0638889 0.742188 0.0611111 0.628125 0.0611111 0.626562 0.0583333 0.582812 0.0583333 0.58125 0.0555556 0.54375 0.0555556 0.542188 0.0527778 0.482812 0.0527778 0.48125 0.05 0.470313 0.05 0.46875 0.0472222 0.46875 0.0388889
0 0.396875 0.75 0.396875 0.758333 0.39375 0.763889 0.392188 0.763889 0.390625 0.766667 0.390625 0.769444 0.385938 0.777778 0.384375 0.777778 0.378125 0.788889 0.378125 0.791667 0.375 0.797222 0.375 0.8 0.371875 0.805556 0.371875 0.808333 0.370313 0.811111 0.370313 0.813889 0.367188 0.819444 0.367188 0.822222 0.364062 0.827778 0.364062 0.830556 0.3625 0.833333 0.3625 0.836111 0.360938 0.838889 0.360938 0.841667 0.359375 0.844444 0.359375 0.847222 0.35 0.863889 0.35 0.866667 0.34375 0.877778 0.34375 0.880556 0.325 0.913889 0.323438 0.913889 0.320312 0.919444 0.31875 0.919444 0.314063 0.927778 0.3125 0.927778 0.310937 0.930556 0.309375 0.930556 0.307813 0.933333 0.304688 0.933333 0.301562 0.938889 0.298438 0.938889 0.296875 0.941667 0.295312 0.941667 0.29375 0.944444 0.292188 0.944444 0.289062 0.95 0.2875 0.95 0.285937 0.952778 0.284375 0.952778 0.28125 0.958333 0.279687 0.958333 0.279687 0.961111 0.278125 0.963889 0.276563 0.963889 0.275 0.966667 0.273438 0.966667 0.271875 0.969444 0.265625 0.969444 0.265625 1 0.45 1 0.45 0.986111 0.448438 0.983333 0.448438 0.980556 0.446875 0.977778 0.446875 0.975 0.445312 0.972222 0.445312 0.969444 0.439063 0.958333 0.4375 0.958333 0.435937 0.955556 0.434375 0.955556 0.432813 0.952778 0.43125 0.952778 0.429688 0.95 0.426562 0.95 0.425 0.947222 0.423438 0.947222 0.421875 0.944444 0.420312 0.944444 0.41875 0.941667 0.415625 0.941667 0.4125 0.936111 0.4125 0.933333 0.410937 0.930556 0.410937 0.919444 0.409375 0.916667 0.410937 0.913889 0.410937 0.911111 0.4125 0.908333 0.4125 0.902778 0.414062 0.9 0.414062 0.897222 0.415625 0.894444 0.415625 0.891667 0.41875 0.886111 0.41875 0.883333 0.420312 0.880556 0.420312 0.877778 0.421875 0.875 0.421875 0.872222 0.423438 0.869444 0.423438 0.866667 0.425 0.863889 0.425 0.858333 0.426562 0.855556 0.426562 0.85 0.428125 0.847222 0.428125 0.844444 0.429688 0.841667 0.429688 0.838889 0.43125 0.836111 0.43125 0.833333 0.434375 0.827778 0.434375 0.825 0.435937 0.822222 0.435937 0.819444 0.4375 0.816667 0.4375 0.813889 0.440625 0.808333 0.440625 0.805556 0.442187 0.802778 0.442187 0.797222 0.44375 0.794444 0.44375 0.791667 0.442187 0.788889 0.442187 0.783333 0.440625 0.780556 0.440625 0.777778 0.439063 0.775 0.439063 0.772222 0.435937 0.766667 0.435937 0.763889 0.432813 0.758333 0.432813 0.75
67 0.159375 0.0388889 0.159375 0.852778 0.165625 0.852778 0.16875 0.858333 0.170312 0.858333 0.173438 0.863889 0.175 0.863889 0.176563 0.866667 0.178125 0.866667 0.179688 0.869444 0.18125 0.869444 0.182812 0.872222 0.184375 0.872222 0.185937 0.875 0.190625 0.875 0.192188 0.877778 0.198437 0.877778 0.2 0.880556 0.207813 0.880556 0.209375 0.883333 0.220313 0.883333 0.221875 0.886111 0.257812 0.886111 0.259375 0.888889 0.301562 0.888889 0.303125 0.886111 0.309375 0.886111 0.310937 0.883333 0.325 0.883333 0.326562 0.880556 0.33125 0.880556 0.3375 0.869444 0.339063 0.869444 0.339063 0.866667 0.342187 0.861111 0.342187 0.858333 0.346875 0.85 0.348437 0.85 0.35 0.847222 0.351562 0.847222 0.357812 0.836111 0.357812 0.830556 0.359375 0.827778 0.359375 0.825 0.360938 0.822222 0.360938 0.819444 0.3625 0.816667 0.364062 0.816667 0.364062 0.813889 0.365625 0.811111 0.365625 0.808333 0.36875 0.802778 0.370313 0.802778 0.370313 0.8 0.371875 0.797222 0.371875 0.794444 0.378125 0.783333 0.379687 0.783333 0.392188 0.761111 0.39375 0.761111 0.395312 0.758333 0.398438 0.758333 0.4 0.755556 0.401563 0.755556 0.403125 0.752778 0.404687 0.752778 0.40625 0.75 0.409375 0.75 0.410937 0.747222 0.423438 0.747222 0.425 0.75 0.429688 0.75 0.439063 0.766667 0.439063 0.769444 0.442187 0.775 0.442187 0.777778 0.44375 0.780556 0.44375 0.783333 0.445312 0.786111 0.445312 0.808333 0.440625 0.816667 0.440625 0.822222 0.439063 0.825 0.439063 0.827778 0.432813 0.838889 0.432813 0.844444 0.43125 0.847222 0.43125 0.852778 0.429688 0.855556 0.429688 0.858333 0.428125 0.861111 0.428125 0.869444 0.426562 0.872222 0.426562 0.9 0.425 0.902778 0.426562 0.902778 0.432813 0.913889 0.432813 0.916667 0.434375 0.919444 0.435937 0.919444 0.4375 0.916667 0.440625 0.916667 0.442187 0.919444 0.442187 0.922222 0.445312 0.927778 0.448438 0.927778 0.45 0.925 0.451562 0.925 0.453125 0.922222 0.454688 0.922222 0.45625 0.925 0.459375 0.925 0.460938 0.922222 0.476562 0.922222 0.478125 0.925 0.4875 0.925 0.489062 0.927778 0.496875 0.927778 0.498437 0.930556 0.514063 0.930556 0.515625 0.933333 0.51875 0.933333 0.520312 0.936111 0.53125 0.936111 0.532812 0.938889 0.54375 0.938889 0.545313 0.941667 0.554688 0.941667 0.55625 0.944444 0.564062 0.944444 0.565625 0.947222 0.579687 0.947222 0.58125 0.95 0.595312 0.95 0.596875 0.952778 0.6125 0.952778 0.614062 0.955556 0.626562 0.955556 0.628125 0.958333 0.640625 0.958333 0.642187 0.961111 0.665625 0.961111 0.667188 0.963889 0.676562 0.963889 0.678125 0.966667 0.685938 0.966667 0.6875 0.969444 0.692187 0.969444 0.69375 0.972222 0.69375 0.980556 0.840625 0.980556 0.840625 0.972222 0.84375 0.966667 0.845312 0.966667 0.846875 0.963889 0.848437 0.963889 0.85 0.961111 0.853125 0.961111 0.854688 0.958333 0.85625 0.958333 0.857813 0.955556 0.859375 0.955556 0.860937 0.952778 0.864062 0.952778 0.867188 0.947222 0.86875 0.947222 0.873438 0.938889 0.876562 0.938889 0.882812 0.927778 0.884375 0.927778 0.885938 0.925 0.885938 0.922222 0.889063 0.916667 0.889063 0.913889 0.890625 0.911111 0.890625 0.883333 0.892187 0.880556 0.892187 0.836111 0.89375 0.833333 0.89375 0.805556 0.895312 0.802778 0.895312 0.786111 0.896875 0.783333 0.896875 0.763889 0.898438 0.761111 0.898438 0.744444 0.9 0.741667 0.9 0.716667 0.901563 0.713889 0.901563 0.55 0.903125 0.547222 0.903125 0.502778 0.904688 0.5 0.904688 0.458333 0.90625 0.455556 0.90625 0.430556 0.907812 0.427778 0.907812 0.369444 0.909375 0.366667 0.909375 0.330556 0.910937 0.327778 0.910937 0.297222 0.9125 0.294444 0.9125 0.275 0.914062 0.272222 0.914062 0.266667 0.915625 0.263889 0.920313 0.263889 0.920313 0.0888889 0.914062 0.0888889 0.9125 0.0861111 0.910937 0.0861111 0.909375 0.0833333 0.903125 0.0833333 0.901563 0.0805556 0.882812 0.0805556 0.88125 0.0777778 0.86875 0.0777778 0.867188 0.075 0.853125 0.075 0.851562 0.0722222 0.85 0.075 0.846875 0.075 0.845312 0.0722222 0.83125 0.0722222 0.829687 0.0694444 0.79375 0.0694444 0.792188 0.0666667 0.767187 0.0666667 0.765625 0.0638889 0.74375 0.0638889 0.742188 0.0611111 0.628125 0.0611111 0.626562 0.0583333 0.582812 0.0583333 0.58125 0.0555556 0.54375 0.0555556 0.542188 0.0527778 0.482812 0.0527778 0.48125 0.05 0.470313 0.05 0.46875 0.0472222 0.46875 0.0388889
62 0.159375 0.0388889 0.159375 0.852778 0.165625 0.852778 0.16875 0.858333 0.170312 0.858333 0.173438 0.863889 0.175 0.863889 0.176563 0.866667 0.178125 0.866667 0.179688 0.869444 0.18125 0.869444 0.182812 0.872222 0.184375 0.872222 0.185937 0.875 0.190625 0.875 0.192188 0.877778 0.198437 0.877778 0.2 0.880556 0.207813 0.880556 0.209375 0.883333 0.220313 0.883333 0.221875 0.886111 0.257812 0.886111 0.259375 0.888889 0.301562 0.888889 0.303125 0.886111 0.309375 0.886111 0.310937 0.883333 0.325 0.883333 0.326562 0.880556 0.33125 0.880556 0.3375 0.869444 0.339063 0.869444 0.339063 0.866667 0.342187 0.861111 0.342187 0.858333 0.346875 0.85 0.348437 0.85 0.35 0.847222 0.351562 0.847222 0.357812 0.836111 0.357812 0.830556 0.359375 0.827778 0.359375 0.825 0.360938 0.822222 0.360938 0.819444 0.3625 0.816667 0.364062 0.816667 0.364062 0.813889 0.365625 0.811111 0.365625 0.808333 0.36875 0.802778 0.370313 0.802778 0.370313 0.8 0.371875 0.797222 0.371875 0.794444 0.378125 0.783333 0.379687 0.783333 0.392188 0.761111 0.39375 0.761111 0.395312 0.758333 0.398438 0.758333 0.4 0.755556 0.401563 0.755556 0.403125 0.752778 0.404687 0.752778 0.40625 0.75 0.409375 0.75 0.410937 0.747222 0.423438 0.747222 0.425 0.75 0.429688 0.75 0.439063 0.766667 0.439063 0.769444 0.442187 0.775 0.442187 0.777778 0.44375 0.780556 0.44375 0.783333 0.445312 0.786111 0.445312 0.808333 0.440625 0.816667 0.440625 0.822222 0.439063 0.825 0.439063 0.827778 0.432813 0.838889 0.432813 0.844444 0.43125 0.847222 0.43125 0.852778 0.429688 0.855556 0.429688 0.858333 0.428125 0.861111 0.428125 0.869444 0.426562 0.872222 0.426562 0.9 0.425 0.902778 0.426562 0.902778 0.432813 0.913889 0.432813 0.916667 0.434375 0.919444 0.435937 0.919444 0.4375 0.916667 0.440625 0.916667 0.442187 0.919444 0.442187 0.922222 0.445312 0.927778 0.448438 0.927778 0.45 0.925 0.451562 0.925 0.453125 0.922222 0.454688 0.922222 0.45625 0.925 0.459375 0.925 0.460938 0.922222 0.476562 0.922222 0.478125 0.925 0.4875 0.925 0.489062 0.927778 0.496875 0.927778 0.498437 0.930556 0.514063 0.930556 0.515625 0.933333 0.51875 0.933333 0.520312 0.936111 0.53125 0.936111 0.532812 0.938889 0.54375 0.938889 0.545313 0.941667 0.554688 0.941667 0.55625 0.944444 0.564062 0.944444 0.565625 0.947222 0.579687 0.947222 0.58125 0.95 0.595312 0.95 0.596875 0.952778 0.6125 0.952778 0.614062 0.955556 0.626562 0.955556 0.628125 0.958333 0.640625 0.958333 0.642187 0.961111 0.665625 0.961111 0.667188 0.963889 0.676562 0.963889 0.678125 0.966667 0.685938 0.966667 0.6875 0.969444 0.692187 0.969444 0.69375 0.972222 0.69375 0.980556 0.840625 0.980556 0.840625 0.972222 0.84375 0.966667 0.845312 0.966667 0.846875 0.963889 0.848437 0.963889 0.85 0.961111 0.853125 0.961111 0.854688 0.958333 0.85625 0.958333 0.857813 0.955556 0.859375 0.955556 0.860937 0.952778 0.864062 0.952778 0.867188 0.947222 0.86875 0.947222 0.873438 0.938889 0.876562 0.938889 0.882812 0.927778 0.884375 0.927778 0.885938 0.925 0.885938 0.922222 0.889063 0.916667 0.889063 0.913889 0.890625 0.911111 0.890625 0.883333 0.892187 0.880556 0.892187 0.836111 0.89375 0.833333 0.89375 0.805556 0.895312 0.802778 0.895312 0.786111 0.896875 0.783333 0.896875 0.763889 0.898438 0.761111 0.898438 0.744444 0.9 0.741667 0.9 0.716667 0.901563 0.713889 0.901563 0.55 0.903125 0.547222 0.903125 0.502778 0.904688 0.5 0.904688 0.458333 0.90625 0.455556 0.90625 0.430556 0.907812 0.427778 0.907812 0.369444 0.909375 0.366667 0.909375 0.330556 0.910937 0.327778 0.910937 0.297222 0.9125 0.294444 0.9125 0.275 0.914062 0.272222 0.914062 0.266667 0.915625 0.263889 0.920313 0.263889 0.920313 0.0888889 0.914062 0.0888889 0.9125 0.0861111 0.910937 0.0861111 0.909375 0.0833333 0.903125 0.0833333 0.901563 0.0805556 0.882812 0.0805556 0.88125 0.0777778 0.86875 0.0777778 0.867188 0.075 0.853125 0.075 0.851562 0.0722222 0.85 0.075 0.846875 0.075 0.845312 0.0722222 0.83125 0.0722222 0.829687 0.0694444 0.79375 0.0694444 0.792188 0.0666667 0.767187 0.0666667 0.765625 0.0638889 0.74375 0.0638889 0.742188 0.0611111 0.628125 0.0611111 0.626562 0.0583333 0.582812 0.0583333 0.58125 0.0555556 0.54375 0.0555556 0.542188 0.0527778 0.482812 0.0527778 0.48125 0.05 0.470313 0.05 0.46875 0.0472222 0.46875 0.0388889
0 0.396875 0.75 0.396875 0.758333 0.39375 0.763889 0.392188 0.763889 0.390625 0.766667 0.390625 0.769444 0.385938 0.777778 0.384375 0.777778 0.378125 0.788889 0.378125 0.791667 0.375 0.797222 0.375 0.8 0.371875 0.805556 0.371875 0.808333 0.370313 0.811111 0.370313 0.813889 0.367188 0.819444 0.367188 0.822222 0.364062 0.827778 0.364062 0.830556 0.3625 0.833333 0.3625 0.836111 0.360938 0.838889 0.360938 0.841667 0.359375 0.844444 0.359375 0.847222 0.35 0.863889 0.35 0.866667 0.34375 0.877778 0.34375 0.880556 0.325 0.913889 0.323438 0.913889 0.320312 0.919444 0.31875 0.919444 0.314063 0.927778 0.3125 0.927778 0.310937 0.930556 0.309375 0.930556 0.307813 0.933333 0.304688 0.933333 0.301562 0.938889 0.298438 0.938889 0.296875 0.941667 0.295312 0.941667 0.29375 0.944444 0.292188 0.944444 0.289062 0.95 0.2875 0.95 0.285937 0.952778 0.284375 0.952778 0.28125 0.958333 0.279687 0.958333 0.279687 0.961111 0.278125 0.963889 0.276563 0.963889 0.275 0.966667 0.273438 0.966667 0.271875 0.969444 0.265625 0.969444 0.265625 1 0.45 1 0.45 0.986111 0.448438 0.983333 0.448438 0.980556 0.446875 0.977778 0.446875 0.975 0.445312 0.972222 0.445312 0.969444 0.439063 0.958333 0.4375 0.958333 0.435937 0.955556 0.434375 0.955556 0.432813 0.952778 0.43125 0.952778 0.429688 0.95 0.426562 0.95 0.425 0.947222 0.423438 0.947222 0.421875 0.944444 0.420312 0.944444 0.41875 0.941667 0.415625 0.941667 0.4125 0.936111 0.4125 0.933333 0.410937 0.930556 0.410937 0.919444 0.409375 0.916667 0.410937 0.913889 0.410937 0.911111 0.4125 0.908333 0.4125 0.902778 0.414062 0.9 0.414062 0.897222 0.415625 0.894444 0.415625 0.891667 0.41875 0.886111 0.41875 0.883333 0.420312 0.880556 0.420312 0.877778 0.421875 0.875 0.421875 0.872222 0.423438 0.869444 0.423438 0.866667 0.425 0.863889 0.425 0.858333 0.426562 0.855556 0.426562 0.85 0.428125 0.847222 0.428125 0.844444 0.429688 0.841667 0.429688 0.838889 0.43125 0.836111 0.43125 0.833333 0.434375 0.827778 0.434375 0.825 0.435937 0.822222 0.435937 0.819444 0.4375 0.816667 0.4375 0.813889 0.440625 0.808333 0.440625 0.805556 0.442187 0.802778 0.442187 0.797222 0.44375 0.794444 0.44375 0.791667 0.442187 0.788889 0.442187 0.783333 0.440625 0.780556 0.440625 0.777778 0.439063 0.775 0.439063 0.772222 0.435937 0.766667 0.435937 0.763889 0.432813 0.758333 0.432813 0.75
67 0.159375 0.0388889 0.159375 0.852778 0.165625 0.852778 0.16875 0.858333 0.170312 0.858333 0.173438 0.863889 0.175 0.863889 0.176563 0.866667 0.178125 0.866667 0.179688 0.869444 0.18125 0.869444 0.182812 0.872222 0.184375 0.872222 0.185937 0.875 0.190625 0.875 0.192188 0.877778 0.198437 0.877778 0.2 0.880556 0.207813 0.880556 0.209375 0.883333 0.220313 0.883333 0.221875 0.886111 0.257812 0.886111 0.259375 0.888889 0.301562 0.888889 0.303125 0.886111 0.309375 0.886111 0.310937 0.883333 0.325 0.883333 0.326562 0.880556 0.33125 0.880556 0.3375 0.869444 0.339063 0.869444 0.339063 0.866667 0.342187 0.861111 0.342187 0.858333 0.346875 0.85 0.348437 0.85 0.35 0.847222 0.351562 0.847222 0.357812 0.836111 0.357812 0.830556 0.359375 0.827778 0.359375 0.825 0.360938 0.822222 0.360938 0.819444 0.3625 0.816667 0.364062 0.816667 0.364062 0.813889 0.365625 0.811111 0.365625 0.808333 0.36875 0.802778 0.370313 0.802778 0.370313 0.8 0.371875 0.797222 0.371875 0.794444 0.378125 0.783333 0.379687 0.783333 0.392188 0.761111 0.39375 0.761111 0.395312 0.758333 0.398438 0.758333 0.4 0.755556 0.401563 0.755556 0.403125 0.752778 0.404687 0.752778 0.40625 0.75 0.409375 0.75 0.410937 0.747222 0.423438 0.747222 0.425 0.75 0.429688 0.75 0.439063 0.766667 0.439063 0.769444 0.442187 0.775 0.442187 0.777778 0.44375 0.780556 0.44375 0.783333 0.445312 0.786111 0.445312 0.808333 0.440625 0.816667 0.440625 0.822222 0.439063 0.825 0.439063 0.827778 0.432813 0.838889 0.432813 0.844444 0.43125 0.847222 0.43125 0.852778 0.429688 0.855556 0.429688 0.858333 0.428125 0.861111 0.428125 0.869444 0.426562 0.872222 0.426562 0.9 0.425 0.902778 0.426562 0.902778 0.432813 0.913889 0.432813 0.916667 0.434375 0.919444 0.435937 0.919444 0.4375 0.916667 0.440625 0.916667 0.442187 0.919444 0.442187 0.922222 0.445312 0.927778 0.448438 0.927778 0.45 0.925 0.451562 0.925 0.453125 0.922222 0.454688 0.922222 0.45625 0.925 0.459375 0.925 0.460938 0.922222 0.476562 0.922222 0.478125 0.925 0.4875 0.925 0.489062 0.927778 0.496875 0.927778 0.498437 0.930556 0.514063 0.930556 0.515625 0.933333 0.51875 0.933333 0.520312 0.936111 0.53125 0.936111 0.532812 0.938889 0.54375 0.938889 0.545313 0.941667 0.554688 0.941667 0.55625 0.944444 0.564062 0.944444 0.565625 0.947222 0.579687 0.947222 0.58125 0.95 0.595312 0.95 0.596875 0.952778 0.6125 0.952778 0.614062 0.955556 0.626562 0.955556 0.628125 0.958333 0.640625 0.958333 0.642187 0.961111 0.665625 0.961111 0.667188 0.963889 0.676562 0.963889 0.678125 0.966667 0.685938 0.966667 0.6875 0.969444 0.692187 0.969444 0.69375 0.972222 0.69375 0.980556 0.840625 0.980556 0.840625 0.972222 0.84375 0.966667 0.845312 0.966667 0.846875 0.963889 0.848437 0.963889 0.85 0.961111 0.853125 0.961111 0.854688 0.958333 0.85625 0.958333 0.857813 0.955556 0.859375 0.955556 0.860937 0.952778 0.864062 0.952778 0.867188 0.947222 0.86875 0.947222 0.873438 0.938889 0.876562 0.938889 0.882812 0.927778 0.884375 0.927778 0.885938 0.925 0.885938 0.922222 0.889063 0.916667 0.889063 0.913889 0.890625 0.911111 0.890625 0.883333 0.892187 0.880556 0.892187 0.836111 0.89375 0.833333 0.89375 0.805556 0.895312 0.802778 0.895312 0.786111 0.896875 0.783333 0.896875 0.763889 0.898438 0.761111 0.898438 0.744444 0.9 0.741667 0.9 0.716667 0.901563 0.713889 0.901563 0.55 0.903125 0.547222 0.903125 0.502778 0.904688 0.5 0.904688 0.458333 0.90625 0.455556 0.90625 0.430556 0.907812 0.427778 0.907812 0.369444 0.909375 0.366667 0.909375 0.330556 0.910937 0.327778 0.910937 0.297222 0.9125 0.294444 0.9125 0.275 0.914062 0.272222 0.914062 0.266667 0.915625 0.263889 0.920313 0.263889 0.920313 0.0888889 0.914062 0.0888889 0.9125 0.0861111 0.910937 0.0861111 0.909375 0.0833333 0.903125 0.0833333 0.901563 0.0805556 0.882812 0.0805556 0.88125 0.0777778 0.86875 0.0777778 0.867188 0.075 0.853125 0.075 0.851562 0.0722222 0.85 0.075 0.846875 0.075 0.845312 0.0722222 0.83125 0.0722222 0.829687 0.0694444 0.79375 0.0694444 0.792188 0.0666667 0.767187 0.0666667 0.765625 0.0638889 0.74375 0.0638889 0.742188 0.0611111 0.628125 0.0611111 0.626562 0.0583333 0.582812 0.0583333 0.58125 0.0555556 0.54375 0.0555556 0.542188 0.0527778 0.482812 0.0527778 0.48125 0.05 0.470313 0.05 0.46875 0.0472222 0.46875 0.0388889
62 0.159375 0.0388889 0.159375 0.852778 0.165625 0.852778 0.16875 0.858333 0.170312 0.858333 0.173438 0.863889 0.175 0.863889 0.176563 0.866667 0.178125 0.866667 0.179688 0.869444 0.18125 0.869444 0.182812 0.872222 0.184375 0.872222 0.185937 0.875 0.190625 0.875 0.192188 0.877778 0.198437 0.877778 0.2 0.880556 0.207813 0.880556 0.209375 0.883333 0.220313 0.883333 0.221875 0.886111 0.257812 0.886111 0.259375 0.888889 0.301562 0.888889 0.303125 0.886111 0.309375 0.886111 0.310937 0.883333 0.325 0.883333 0.326562 0.880556 0.33125 0.880556 0.3375 0.869444 0.339063 0.869444 0.339063 0.866667 0.342187 0.861111 0.342187 0.858333 0.346875 0.85 0.348437 0.85 0.35 0.847222 0.351562 0.847222 0.357812 0.836111 0.357812 0.830556 0.359375 0.827778 0.359375 0.825 0.360938 0.822222 0.360938 0.819444 0.3625 0.816667 0.364062 0.816667 0.364062 0.813889 0.365625 0.811111 0.365625 0.808333 0.36875 0.802778 0.370313 0.802778 0.370313 0.8 0.371875 0.797222 0.371875 0.794444 0.378125 0.783333 0.379687 0.783333 0.392188 0.761111 0.39375 0.761111 0.395312 0.758333 0.398438 0.758333 0.4 0.755556 0.401563 0.755556 0.403125 0.752778 0.404687 0.752778 0.40625 0.75 0.409375 0.75 0.410937 0.747222 0.423438 0.747222 0.425 0.75 0.429688 0.75 0.439063 0.766667 0.439063 0.769444 0.442187 0.775 0.442187 0.777778 0.44375 0.780556 0.44375 0.783333 0.445312 0.786111 0.445312 0.808333 0.440625 0.816667 0.440625 0.822222 0.439063 0.825 0.439063 0.827778 0.432813 0.838889 0.432813 0.844444 0.43125 0.847222 0.43125 0.852778 0.429688 0.855556 0.429688 0.858333 0.428125 0.861111 0.428125 0.869444 0.426562 0.872222 0.426562 0.9 0.425 0.902778 0.426562 0.902778 0.432813 0.913889 0.432813 0.916667 0.434375 0.919444 0.435937 0.919444 0.4375 0.916667 0.440625 0.916667 0.442187 0.919444 0.442187 0.922222 0.445312 0.927778 0.448438 0.927778 0.45 0.925 0.451562 0.925 0.453125 0.922222 0.454688 0.922222 0.45625 0.925 0.459375 0.925 0.460938 0.922222 0.476562 0.922222 0.478125 0.925 0.4875 0.925 0.489062 0.927778 0.496875 0.927778 0.498437 0.930556 0.514063 0.930556 0.515625 0.933333 0.51875 0.933333 0.520312 0.936111 0.53125 0.936111 0.532812 0.938889 0.54375 0.938889 0.545313 0.941667 0.554688 0.941667 0.55625 0.944444 0.564062 0.944444 0.565625 0.947222 0.579687 0.947222 0.58125 0.95 0.595312 0.95 0.596875 0.952778 0.6125 0.952778 0.614062 0.955556 0.626562 0.955556 0.628125 0.958333 0.640625 0.958333 0.642187 0.961111 0.665625 0.961111 0.667188 0.963889 0.676562 0.963889 0.678125 0.966667 0.685938 0.966667 0.6875 0.969444 0.692187 0.969444 0.69375 0.972222 0.69375 0.980556 0.840625 0.980556 0.840625 0.972222 0.84375 0.966667 0.845312 0.966667 0.846875 0.963889 0.848437 0.963889 0.85 0.961111 0.853125 0.961111 0.854688 0.958333 0.85625 0.958333 0.857813 0.955556 0.859375 0.955556 0.860937 0.952778 0.864062 0.952778 0.867188 0.947222 0.86875 0.947222 0.873438 0.938889 0.876562 0.938889 0.882812 0.927778 0.884375 0.927778 0.885938 0.925 0.885938 0.922222 0.889063 0.916667 0.889063 0.913889 0.890625 0.911111 0.890625 0.883333 0.892187 0.880556 0.892187 0.836111 0.89375 0.833333 0.89375 0.805556 0.895312 0.802778 0.895312 0.786111 0.896875 0.783333 0.896875 0.763889 0.898438 0.761111 0.898438 0.744444 0.9 0.741667 0.9 0.716667 0.901563 0.713889 0.901563 0.55 0.903125 0.547222 0.903125 0.502778 0.904688 0.5 0.904688 0.458333 0.90625 0.455556 0.90625 0.430556 0.907812 0.427778 0.907812 0.369444 0.909375 0.366667 0.909375 0.330556 0.910937 0.327778 0.910937 0.297222 0.9125 0.294444 0.9125 0.275 0.914062 0.272222 0.914062 0.266667 0.915625 0.263889 0.920313 0.263889 0.920313 0.0888889 0.914062 0.0888889 0.9125 0.0861111 0.910937 0.0861111 0.909375 0.0833333 0.903125 0.0833333 0.901563 0.0805556 0.882812 0.0805556 0.88125 0.0777778 0.86875 0.0777778 0.867188 0.075 0.853125 0.075 0.851562 0.0722222 0.85 0.075 0.846875 0.075 0.845312 0.0722222 0.83125 0.0722222 0.829687 0.0694444 0.79375 0.0694444 0.792188 0.0666667 0.767187 0.0666667 0.765625 0.0638889 0.74375 0.0638889 0.742188 0.0611111 0.628125 0.0611111 0.626562 0.0583333 0.582812 0.0583333 0.58125 0.0555556 0.54375 0.0555556 0.542188 0.0527778 0.482812 0.0527778 0.48125 0.05 0.470313 0.05 0.46875 0.0472222 0.46875 0.0388889
0 0.396875 0.75 0.396875 0.758333 0.39375 0.763889 0.392188 0.763889 0.390625 0.766667 0.390625 0.769444 0.385938 0.777778 0.384375 0.777778 0.378125 0.788889 0.378125 0.791667 0.375 0.797222 0.375 0.8 0.371875 0.805556 0.371875 0.808333 0.370313 0.811111 0.370313 0.813889 0.367188 0.819444 0.367188 0.822222 0.364062 0.827778 0.364062 0.830556 0.3625 0.833333 0.3625 0.836111 0.360938 0.838889 0.360938 0.841667 0.359375 0.844444 0.359375 0.847222 0.35 0.863889 0.35 0.866667 0.34375 0.877778 0.34375 0.880556 0.325 0.913889 0.323438 0.913889 0.320312 0.919444 0.31875 0.919444 0.314063 0.927778 0.3125 0.927778 0.310937 0.930556 0.309375 0.930556 0.307813 0.933333 0.304688 0.933333 0.301562 0.938889 0.298438 0.938889 0.296875 0.941667 0.295312 0.941667 0.29375 0.944444 0.292188 0.944444 0.289062 0.95 0.2875 0.95 0.285937 0.952778 0.284375 0.952778 0.28125 0.958333 0.279687 0.958333 0.279687 0.961111 0.278125 0.963889 0.276563 0.963889 0.275 0.966667 0.273438 0.966667 0.271875 0.969444 0.265625 0.969444 0.265625 1 0.45 1 0.45 0.986111 0.448438 0.983333 0.448438 0.980556 0.446875 0.977778 0.446875 0.975 0.445312 0.972222 0.445312 0.969444 0.439063 0.958333 0.4375 0.958333 0.435937 0.955556 0.434375 0.955556 0.432813 0.952778 0.43125 0.952778 0.429688 0.95 0.426562 0.95 0.425 0.947222 0.423438 0.947222 0.421875 0.944444 0.420312 0.944444 0.41875 0.941667 0.415625 0.941667 0.4125 0.936111 0.4125 0.933333 0.410937 0.930556 0.410937 0.919444 0.409375 0.916667 0.410937 0.913889 0.410937 0.911111 0.4125 0.908333 0.4125 0.902778 0.414062 0.9 0.414062 0.897222 0.415625 0.894444 0.415625 0.891667 0.41875 0.886111 0.41875 0.883333 0.420312 0.880556 0.420312 0.877778 0.421875 0.875 0.421875 0.872222 0.423438 0.869444 0.423438 0.866667 0.425 0.863889 0.425 0.858333 0.426562 0.855556 0.426562 0.85 0.428125 0.847222 0.428125 0.844444 0.429688 0.841667 0.429688 0.838889 0.43125 0.836111 0.43125 0.833333 0.434375 0.827778 0.434375 0.825 0.435937 0.822222 0.435937 0.819444 0.4375 0.816667 0.4375 0.813889 0.440625 0.808333 0.440625 0.805556 0.442187 0.802778 0.442187 0.797222 0.44375 0.794444 0.44375 0.791667 0.442187 0.788889 0.442187 0.783333 0.440625 0.780556 0.440625 0.777778 0.439063 0.775 0.439063 0.772222 0.435937 0.766667 0.435937 0.763889 0.432813 0.758333 0.432813 0.75
67 0.159375 0.0388889 0.159375 0.852778 0.165625 0.852778 0.16875 0.858333 0.170312 0.858333 0.173438 0.863889 0.175 0.863889 0.176563 0.866667 0.178125 0.866667 0.179688 0.869444 0.18125 0.869444 0.182812 0.872222 0.184375 0.872222 0.185937 0.875 0.190625 0.875 0.192188 0.877778 0.198437 0.877778 0.2 0.880556 0.207813 0.880556 0.209375 0.883333 0.220313 0.883333 0.221875 0.886111 0.257812 0.886111 0.259375 0.888889 0.301562 0.888889 0.303125 0.886111 0.309375 0.886111 0.310937 0.883333 0.325 0.883333 0.326562 0.880556 0.33125 0.880556 0.3375 0.869444 0.339063 0.869444 0.339063 0.866667 0.342187 0.861111 0.342187 0.858333 0.346875 0.85 0.348437 0.85 0.35 0.847222 0.351562 0.847222 0.357812 0.836111 0.357812 0.830556 0.359375 0.827778 0.359375 0.825 0.360938 0.822222 0.360938 0.819444 0.3625 0.816667 0.364062 0.816667 0.364062 0.813889 0.365625 0.811111 0.365625 0.808333 0.36875 0.802778 0.370313 0.802778 0.370313 0.8 0.371875 0.797222 0.371875 0.794444 0.378125 0.783333 0.379687 0.783333 0.392188 0.761111 0.39375 0.761111 0.395312 0.758333 0.398438 0.758333 0.4 0.755556 0.401563 0.755556 0.403125 0.752778 0.404687 0.752778 0.40625 0.75 0.409375 0.75 0.410937 0.747222 0.423438 0.747222 0.425 0.75 0.429688 0.75 0.439063 0.766667 0.439063 0.769444 0.442187 0.775 0.442187 0.777778 0.44375 0.780556 0.44375 0.783333 0.445312 0.786111 0.445312 0.808333 0.440625 0.816667 0.440625 0.822222 0.439063 0.825 0.439063 0.827778 0.432813 0.838889 0.432813 0.844444 0.43125 0.847222 0.43125 0.852778 0.429688 0.855556 0.429688 0.858333 0.428125 0.861111 0.428125 0.869444 0.426562 0.872222 0.426562 0.9 0.425 0.902778 0.426562 0.902778 0.432813 0.913889 0.432813 0.916667 0.434375 0.919444 0.435937 0.919444 0.4375 0.916667 0.440625 0.916667 0.442187 0.919444 0.442187 0.922222 0.445312 0.927778 0.448438 0.927778 0.45 0.925 0.451562 0.925 0.453125 0.922222 0.454688 0.922222 0.45625 0.925 0.459375 0.925 0.460938 0.922222 0.476562 0.922222 0.478125 0.925 0.4875 0.925 0.489062 0.927778 0.496875 0.927778 0.498437 0.930556 0.514063 0.930556 0.515625 0.933333 0.51875 0.933333 0.520312 0.936111 0.53125 0.936111 0.532812 0.938889 0.54375 0.938889 0.545313 0.941667 0.554688 0.941667 0.55625 0.944444 0.564062 0.944444 0.565625 0.947222 0.579687 0.947222 0.58125 0.95 0.595312 0.95 0.596875 0.952778 0.6125 0.952778 0.614062 0.955556 0.626562 0.955556 0.628125 0.958333 0.640625 0.958333 0.642187 0.961111 0.665625 0.961111 0.667188 0.963889 0.676562 0.963889 0.678125 0.966667 0.685938 0.966667 0.6875 0.969444 0.692187 0.969444 0.69375 0.972222 0.69375 0.980556 0.840625 0.980556 0.840625 0.972222 0.84375 0.966667 0.845312 0.966667 0.846875 0.963889 0.848437 0.963889 0.85 0.961111 0.853125 0.961111 0.854688 0.958333 0.85625 0.958333 0.857813 0.955556 0.859375 0.955556 0.860937 0.952778 0.864062 0.952778 0.867188 0.947222 0.86875 0.947222 0.873438 0.938889 0.876562 0.938889 0.882812 0.927778 0.884375 0.927778 0.885938 0.925 0.885938 0.922222 0.889063 0.916667 0.889063 0.913889 0.890625 0.911111 0.890625 0.883333 0.892187 0.880556 0.892187 0.836111 0.89375 0.833333 0.89375 0.805556 0.895312 0.802778 0.895312 0.786111 0.896875 0.783333 0.896875 0.763889 0.898438 0.761111 0.898438 0.744444 0.9 0.741667 0.9 0.716667 0.901563 0.713889 0.901563 0.55 0.903125 0.547222 0.903125 0.502778 0.904688 0.5 0.904688 0.458333 0.90625 0.455556 0.90625 0.430556 0.907812 0.427778 0.907812 0.369444 0.909375 0.366667 0.909375 0.330556 0.910937 0.327778 0.910937 0.297222 0.9125 0.294444 0.9125 0.275 0.914062 0.272222 0.914062 0.266667 0.915625 0.263889 0.920313 0.263889 0.920313 0.0888889 0.914062 0.0888889 0.9125 0.0861111 0.910937 0.0861111 0.909375 0.0833333 0.903125 0.0833333 0.901563 0.0805556 0.882812 0.0805556 0.88125 0.0777778 0.86875 0.0777778 0.867188 0.075 0.853125 0.075 0.851562 0.0722222 0.85 0.075 0.846875 0.075 0.845312 0.0722222 0.83125 0.0722222 0.829687 0.0694444 0.79375 0.0694444 0.792188 0.0666667 0.767187 0.0666667 0.765625 0.0638889 0.74375 0.0638889 0.742188 0.0611111 0.628125 0.0611111 0.626562 0.0583333 0.582812 0.0583333 0.58125 0.0555556 0.54375 0.0555556 0.542188 0.0527778 0.482812 0.0527778 0.48125 0.05 0.470313 0.05 0.46875 0.0472222 0.46875 0.0388889
62 0.159375 0.0388889 0.159375 0.852778 0.165625 0.852778 0.16875 0.858333 0.170312 0.858333 0.173438 0.863889 0.175 0.863889 0.176563 0.866667 0.178125 0.866667 0.179688 0.869444 0.18125 0.869444 0.182812 0.872222 0.184375 0.872222 0.185937 0.875 0.190625 0.875 0.192188 0.877778 0.198437 0.877778 0.2 0.880556 0.207813 0.880556 0.209375 0.883333 0.220313 0.883333 0.221875 0.886111 0.257812 0.886111 0.259375 0.888889 0.301562 0.888889 0.303125 0.886111 0.309375 0.886111 0.310937 0.883333 0.325 0.883333 0.326562 0.880556 0.33125 0.880556 0.3375 0.869444 0.339063 0.869444 0.339063 0.866667 0.342187 0.861111 0.342187 0.858333 0.346875 0.85 0.348437 0.85 0.35 0.847222 0.351562 0.847222 0.357812 0.836111 0.357812 0.830556 0.359375 0.827778 0.359375 0.825 0.360938 0.822222 0.360938 0.819444 0.3625 0.816667 0.364062 0.816667 0.364062 0.813889 0.365625 0.811111 0.365625 0.808333 0.36875 0.802778 0.370313 0.802778 0.370313 0.8 0.371875 0.797222 0.371875 0.794444 0.378125 0.783333 0.379687 0.783333 0.392188 0.761111 0.39375 0.761111 0.395312 0.758333 0.398438 0.758333 0.4 0.755556 0.401563 0.755556 0.403125 0.752778 0.404687 0.752778 0.40625 0.75 0.409375 0.75 0.410937 0.747222 0.423438 0.747222 0.425 0.75 0.429688 0.75 0.439063 0.766667 0.439063 0.769444 0.442187 0.775 0.442187 0.777778 0.44375 0.780556 0.44375 0.783333 0.445312 0.786111 0.445312 0.808333 0.440625 0.816667 0.440625 0.822222 0.439063 0.825 0.439063 0.827778 0.432813 0.838889 0.432813 0.844444 0.43125 0.847222 0.43125 0.852778 0.429688 0.855556 0.429688 0.858333 0.428125 0.861111 0.428125 0.869444 0.426562 0.872222 0.426562 0.9 0.425 0.902778 0.426562 0.902778 0.432813 0.913889 0.432813 0.916667 0.434375 0.919444 0.435937 0.919444 0.4375 0.916667 0.440625 0.916667 0.442187 0.919444 0.442187 0.922222 0.445312 0.927778 0.448438 0.927778 0.45 0.925 0.451562 0.925 0.453125 0.922222 0.454688 0.922222 0.45625 0.925 0.459375 0.925 0.460938 0.922222 0.476562 0.922222 0.478125 0.925 0.4875 0.925 0.489062 0.927778 0.496875 0.927778 0.498437 0.930556 0.514063 0.930556 0.515625 0.933333 0.51875 0.933333 0.520312 0.936111 0.53125 0.936111 0.532812 0.938889 0.54375 0.938889 0.545313 0.941667 0.554688 0.941667 0.55625 0.944444 0.564062 0.944444 0.565625 0.947222 0.579687 0.947222 0.58125 0.95 0.595312 0.95 0.596875 0.952778 0.6125 0.952778 0.614062 0.955556 0.626562 0.955556 0.628125 0.958333 0.640625 0.958333 0.642187 0.961111 0.665625 0.961111 0.667188 0.963889 0.676562 0.963889 0.678125 0.966667 0.685938 0.966667 0.6875 0.969444 0.692187 0.969444 0.69375 0.972222 0.69375 0.980556 0.840625 0.980556 0.840625 0.972222 0.84375 0.966667 0.845312 0.966667 0.846875 0.963889 0.848437 0.963889 0.85 0.961111 0.853125 0.961111 0.854688 0.958333 0.85625 0.958333 0.857813 0.955556 0.859375 0.955556 0.860937 0.952778 0.864062 0.952778 0.867188 0.947222 0.86875 0.947222 0.873438 0.938889 0.876562 0.938889 0.882812 0.927778 0.884375 0.927778 0.885938 0.925 0.885938 0.922222 0.889063 0.916667 0.889063 0.913889 0.890625 0.911111 0.890625 0.883333 0.892187 0.880556 0.892187 0.836111 0.89375 0.833333 0.89375 0.805556 0.895312 0.802778 0.895312 0.786111 0.896875 0.783333 0.896875 0.763889 0.898438 0.761111 0.898438 0.744444 0.9 0.741667 0.9 0.716667 0.901563 0.713889 0.901563 0.55 0.903125 0.547222 0.903125 0.502778 0.904688 0.5 0.904688 0.458333 0.90625 0.455556 0.90625 0.430556 0.907812 0.427778 0.907812 0.369444 0.909375 0.366667 0.909375 0.330556 0.910937 0.327778 0.910937 0.297222 0.9125 0.294444 0.9125 0.275 0.914062 0.272222 0.914062 0.266667 0.915625 0.263889 0.920313 0.263889 0.920313 0.0888889 0.914062 0.0888889 0.9125 0.0861111 0.910937 0.0861111 0.909375 0.0833333 0.903125 0.0833333 0.901563 0.0805556 0.882812 0.0805556 0.88125 0.0777778 0.86875 0.0777778 0.867188 0.075 0.853125 0.075 0.851562 0.0722222 0.85 0.075 0.846875 0.075 0.845312 0.0722222 0.83125 0.0722222 0.829687 0.0694444 0.79375 0.0694444 0.792188 0.0666667 0.767187 0.0666667 0.765625 0.0638889 0.74375 0.0638889 0.742188 0.0611111 0.628125 0.0611111 0.626562 0.0583333 0.582812 0.0583333 0.58125 0.0555556 0.54375 0.0555556 0.542188 0.0527778 0.482812 0.0527778 0.48125 0.05 0.470313 0.05 0.46875 0.0472222 0.46875 0.0388889
0 0.396875 0.75 0.396875 0.758333 0.39375 0.763889 0.392188 0.763889 0.390625 0.766667 0.390625 0.769444 0.385938 0.777778 0.384375 0.777778 0.378125 0.788889 0.378125 0.791667 0.375 0.797222 0.375 0.8 0.371875 0.805556 0.371875 0.808333 0.370313 0.811111 0.370313 0.813889 0.367188 0.819444 0.367188 0.822222 0.364062 0.827778 0.364062 0.830556 0.3625 0.833333 0.3625 0.836111 0.360938 0.838889 0.360938 0.841667 0.359375 0.844444 0.359375 0.847222 0.35 0.863889 0.35 0.866667 0.34375 0.877778 0.34375 0.880556 0.325 0.913889 0.323438 0.913889 0.320312 0.919444 0.31875 0.919444 0.314063 0.927778 0.3125 0.927778 0.310937 0.930556 0.309375 0.930556 0.307813 0.933333 0.304688 0.933333 0.301562 0.938889 0.298438 0.938889 0.296875 0.941667 0.295312 0.941667 0.29375 0.944444 0.292188 0.944444 0.289062 0.95 0.2875 0.95 0.285937 0.952778 0.284375 0.952778 0.28125 0.958333 0.279687 0.958333 0.279687 0.961111 0.278125 0.963889 0.276563 0.963889 0.275 0.966667 0.273438 0.966667 0.271875 0.969444 0.265625 0.969444 0.265625 1 0.45 1 0.45 0.986111 0.448438 0.983333 0.448438 0.980556 0.446875 0.977778 0.446875 0.975 0.445312 0.972222 0.445312 0.969444 0.439063 0.958333 0.4375 0.958333 0.435937 0.955556 0.434375 0.955556 0.432813 0.952778 0.43125 0.952778 0.429688 0.95 0.426562 0.95 0.425 0.947222 0.423438 0.947222 0.421875 0.944444 0.420312 0.944444 0.41875 0.941667 0.415625 0.941667 0.4125 0.936111 0.4125 0.933333 0.410937 0.930556 0.410937 0.919444 0.409375 0.916667 0.410937 0.913889 0.410937 0.911111 0.4125 0.908333 0.4125 0.902778 0.414062 0.9 0.414062 0.897222 0.415625 0.894444 0.415625 0.891667 0.41875 0.886111 0.41875 0.883333 0.420312 0.880556 0.420312 0.877778 0.421875 0.875 0.421875 0.872222 0.423438 0.869444 0.423438 0.866667 0.425 0.863889 0.425 0.858333 0.426562 0.855556 0.426562 0.85 0.428125 0.847222 0.428125 0.844444 0.429688 0.841667 0.429688 0.838889 0.43125 0.836111 0.43125 0.833333 0.434375 0.827778 0.434375 0.825 0.435937 0.822222 0.435937 0.819444 0.4375 0.816667 0.4375 0.813889 0.440625 0.808333 0.440625 0.805556 0.442187 0.802778 0.442187 0.797222 0.44375 0.794444 0.44375 0.791667 0.442187 0.788889 0.442187 0.783333 0.440625 0.780556 0.440625 0.777778 0.439063 0.775 0.439063 0.772222 0.435937 0.766667 0.435937 0.763889 0.432813 0.758333 0.432813 0.75
67 0.159375 0.0388889 0.159375 0.852778 0.165625 0.852778 0.16875 0.858333 0.170312 0.858333 0.173438 0.863889 0.175 0.863889 0.176563 0.866667 0.178125 0.866667 0.179688 0.869444 0.18125 0.869444 0.182812 0.872222 0.184375 0.872222 0.185937 0.875 0.190625 0.875 0.192188 0.877778 0.198437 0.877778 0.2 0.880556 0.207813 0.880556 0.209375 0.883333 0.220313 0.883333 0.221875 0.886111 0.257812 0.886111 0.259375 0.888889 0.301562 0.888889 0.303125 0.886111 0.309375 0.886111 0.310937 0.883333 0.325 0.883333 0.326562 0.880556 0.33125 0.880556 0.3375 0.869444 0.339063 0.869444 0.339063 0.866667 0.342187 0.861111 0.342187 0.858333 0.346875 0.85 0.348437 0.85 0.35 0.847222 0.351562 0.847222 0.357812 0.836111 0.357812 0.830556 0.359375 0.827778 0.359375 0.825 0.360938 0.822222 0.360938 0.819444 0.3625 0.816667 0.364062 0.816667 0.364062 0.813889 0.365625 0.811111 0.365625 0.808333 0.36875 0.802778 0.370313 0.802778 0.370313 0.8 0.371875 0.797222 0.371875 0.794444 0.378125 0.783333 0.379687 0.783333 0.392188 0.761111 0.39375 0.761111 0.395312 0.758333 0.398438 0.758333 0.4 0.755556 0.401563 0.755556 0.403125 0.752778 0.404687 0.752778 0.40625 0.75 0.409375 0.75 0.410937 0.747222 0.423438 0.747222 0.425 0.75 0.429688 0.75 0.439063 0.766667 0.439063 0.769444 0.442187 0.775 0.442187 0.777778 0.44375 0.780556 0.44375 0.783333 0.445312 0.786111 0.445312 0.808333 0.440625 0.816667 0.440625 0.822222 0.439063 0.825 0.439063 0.827778 0.432813 0.838889 0.432813 0.844444 0.43125 0.847222 0.43125 0.852778 0.429688 0.855556 0.429688 0.858333 0.428125 0.861111 0.428125 0.869444 0.426562 0.872222 0.426562 0.9 0.425 0.902778 0.426562 0.902778 0.432813 0.913889 0.432813 0.916667 0.434375 0.919444 0.435937 0.919444 0.4375 0.916667 0.440625 0.916667 0.442187 0.919444 0.442187 0.922222 0.445312 0.927778 0.448438 0.927778 0.45 0.925 0.451562 0.925 0.453125 0.922222 0.454688 0.922222 0.45625 0.925 0.459375 0.925 0.460938 0.922222 0.476562 0.922222 0.478125 0.925 0.4875 0.925 0.489062 0.927778 0.496875 0.927778 0.498437 0.930556 0.514063 0.930556 0.515625 0.933333 0.51875 0.933333 0.520312 0.936111 0.53125 0.936111 0.532812 0.938889 0.54375 0.938889 0.545313 0.941667 0.554688 0.941667 0.55625 0.944444 0.564062 0.944444 0.565625 0.947222 0.579687 0.947222 0.58125 0.95 0.595312 0.95 0.596875 0.952778 0.6125 0.952778 0.614062 0.955556 0.626562 0.955556 0.628125 0.958333 0.640625 0.958333 0.642187 0.961111 0.665625 0.961111 0.667188 0.963889 0.676562 0.963889 0.678125 0.966667 0.685938 0.966667 0.6875 0.969444 0.692187 0.969444 0.69375 0.972222 0.69375 0.980556 0.840625 0.980556 0.840625 0.972222 0.84375 0.966667 0.845312 0.966667 0.846875 0.963889 0.848437 0.963889 0.85 0.961111 0.853125 0.961111 0.854688 0.958333 0.85625 0.958333 0.857813 0.955556 0.859375 0.955556 0.860937 0.952778 0.864062 0.952778 0.867188 0.947222 0.86875 0.947222 0.873438 0.938889 0.876562 0.938889 0.882812 0.927778 0.884375 0.927778 0.885938 0.925 0.885938 0.922222 0.889063 0.916667 0.889063 0.913889 0.890625 0.911111 0.890625 0.883333 0.892187 0.880556 0.892187 0.836111 0.89375 0.833333 0.89375 0.805556 0.895312 0.802778 0.895312 0.786111 0.896875 0.783333 0.896875 0.763889 0.898438 0.761111 0.898438 0.744444 0.9 0.741667 0.9 0.716667 0.901563 0.713889 0.901563 0.55 0.903125 0.547222 0.903125 0.502778 0.904688 0.5 0.904688 0.458333 0.90625 0.455556 0.90625 0.430556 0.907812 0.427778 0.907812 0.369444 0.909375 0.366667 0.909375 0.330556 0.910937 0.327778 0.910937 0.297222 0.9125 0.294444 0.9125 0.275 0.914062 0.272222 0.914062 0.266667 0.915625 0.263889 0.920313 0.263889 0.920313 0.0888889 0.914062 0.0888889 0.9125 0.0861111 0.910937 0.0861111 0.909375 0.0833333 0.903125 0.0833333 0.901563 0.0805556 0.882812 0.0805556 0.88125 0.0777778 0.86875 0.0777778 0.867188 0.075 0.853125 0.075 0.851562 0.0722222 0.85 0.075 0.846875 0.075 0.845312 0.0722222 0.83125 0.0722222 0.829687 0.0694444 0.79375 0.0694444 0.792188 0.0666667 0.767187 0.0666667 0.765625 0.0638889 0.74375 0.0638889 0.742188 0.0611111 0.628125 0.0611111 0.626562 0.0583333 0.582812 0.0583333 0.58125 0.0555556 0.54375 0.0555556 0.542188 0.0527778 0.482812 0.0527778 0.48125 0.05 0.470313 0.05 0.46875 0.0472222 0.46875 0.0388889
62 0.159375 0.0388889 0.159375 0.852778 0.165625 0.852778 0.16875 0.858333 0.170312 0.858333 0.173438 0.863889 0.175 0.863889 0.176563 0.866667 0.178125 0.866667 0.179688 0.869444 0.18125 0.869444 0.182812 0.872222 0.184375 0.872222 0.185937 0.875 0.190625 0.875 0.192188 0.877778 0.198437 0.877778 0.2 0.880556 0.207813 0.880556 0.209375 0.883333 0.220313 0.883333 0.221875 0.886111 0.257812 0.886111 0.259375 0.888889 0.301562 0.888889 0.303125 0.886111 0.309375 0.886111 0.310937 0.883333 0.325 0.883333 0.326562 0.880556 0.33125 0.880556 0.3375 0.869444 0.339063 0.869444 0.339063 0.866667 0.342187 0.861111 0.342187 0.858333 0.346875 0.85 0.348437 0.85 0.35 0.847222 0.351562 0.847222 0.357812 0.836111 0.357812 0.830556 0.359375 0.827778 0.359375 0.825 0.360938 0.822222 0.360938 0.819444 0.3625 0.816667 0.364062 0.816667 0.364062 0.813889 0.365625 0.811111 0.365625 0.808333 0.36875 0.802778 0.370313 0.802778 0.370313 0.8 0.371875 0.797222 0.371875 0.794444 0.378125 0.783333 0.379687 0.783333 0.392188 0.761111 0.39375 0.761111 0.395312 0.758333 0.398438 0.758333 0.4 0.755556 0.401563 0.755556 0.403125 0.752778 0.404687 0.752778 0.40625 0.75 0.409375 0.75 0.410937 0.747222 0.423438 0.747222 0.425 0.75 0.429688 0.75 0.439063 0.766667 0.439063 0.769444 0.442187 0.775 0.442187 0.777778 0.44375 0.780556 0.44375 0.783333 0.445312 0.786111 0.445312 0.808333 0.440625 0.816667 0.440625 0.822222 0.439063 0.825 0.439063 0.827778 0.432813 0.838889 0.432813 0.844444 0.43125 0.847222 0.43125 0.852778 0.429688 0.855556 0.429688 0.858333 0.428125 0.861111 0.428125 0.869444 0.426562 0.872222 0.426562 0.9 0.425 0.902778 0.426562 0.902778 0.432813 0.913889 0.432813 0.916667 0.434375 0.919444 0.435937 0.919444 0.4375 0.916667 0.440625 0.916667 0.442187 0.919444 0.442187 0.922222 0.445312 0.927778 0.448438 0.927778 0.45 0.925 0.451562 0.925 0.453125 0.922222 0.454688 0.922222 0.45625 0.925 0.459375 0.925 0.460938 0.922222 0.476562 0.922222 0.478125 0.925 0.4875 0.925 0.489062 0.927778 0.496875 0.927778 0.498437 0.930556 0.514063 0.930556 0.515625 0.933333 0.51875 0.933333 0.520312 0.936111 0.53125 0.936111 0.532812 0.938889 0.54375 0.938889 0.545313 0.941667 0.554688 0.941667 0.55625 0.944444 0.564062 0.944444 0.565625 0.947222 0.579687 0.947222 0.58125 0.95 0.595312 0.95 0.596875 0.952778 0.6125 0.952778 0.614062 0.955556 0.626562 0.955556 0.628125 0.958333 0.640625 0.958333 0.642187 0.961111 0.665625 0.961111 0.667188 0.963889 0.676562 0.963889 0.678125 0.966667 0.685938 0.966667 0.6875 0.969444 0.692187 0.969444 0.69375 0.972222 0.69375 0.980556 0.840625 0.980556 0.840625 0.972222 0.84375 0.966667 0.845312 0.966667 0.846875 0.963889 0.848437 0.963889 0.85 0.961111 0.853125 0.961111 0.854688 0.958333 0.85625 0.958333 0.857813 0.955556 0.859375 0.955556 0.860937 0.952778 0.864062 0.952778 0.867188 0.947222 0.86875 0.947222 0.873438 0.938889 0.876562 0.938889 0.882812 0.927778 0.884375 0.927778 0.885938 0.925 0.885938 0.922222 0.889063 0.916667 0.889063 0.913889 0.890625 0.911111 0.890625 0.883333 0.892187 0.880556 0.892187 0.836111 0.89375 0.833333 0.89375 0.805556 0.895312 0.802778 0.895312 0.786111 0.896875 0.783333 0.896875 0.763889 0.898438 0.761111 0.898438 0.744444 0.9 0.741667 0.9 0.716667 0.901563 0.713889 0.901563 0.55 0.903125 0.547222 0.903125 0.502778 0.904688 0.5 0.904688 0.458333 0.90625 0.455556 0.90625 0.430556 0.907812 0.427778 0.907812 0.369444 0.909375 0.366667 0.909375 0.330556 0.910937 0.327778 0.910937 0.297222 0.9125 0.294444 0.9125 0.275 0.914062 0.272222 0.914062 0.266667 0.915625 0.263889 0.920313 0.263889 0.920313 0.0888889 0.914062 0.0888889 0.9125 0.0861111 0.910937 0.0861111 0.909375 0.0833333 0.903125 0.0833333 0.901563 0.0805556 0.882812 0.0805556 0.88125 0.0777778 0.86875 0.0777778 0.867188 0.075 0.853125 0.075 0.851562 0.0722222 0.85 0.075 0.846875 0.075 0.845312 0.0722222 0.83125 0.0722222 0.829687 0.0694444 0.79375 0.0694444 0.792188 0.0666667 0.767187 0.0666667 0.765625 0.0638889 0.74375 0.0638889 0.742188 0.0611111 0.628125 0.0611111 0.626562 0.0583333 0.582812 0.0583333 0.58125 0.0555556 0.54375 0.0555556 0.542188 0.0527778 0.482812 0.0527778 0.48125 0.05 0.470313 0.05 0.46875 0.0472222 0.46875 0.0388889
0 0.396875 0.75 0.396875 0.758333 0.39375 0.763889 0.392188 0.763889 0.390625 0.766667 0.390625 0.769444 0.385938 0.777778 0.384375 0.777778 0.378125 0.788889 0.378125 0.791667 0.375 0.797222 0.375 0.8 0.371875 0.805556 0.371875 0.808333 0.370313 0.811111 0.370313 0.813889 0.367188 0.819444 0.367188 0.822222 0.364062 0.827778 0.364062 0.830556 0.3625 0.833333 0.3625 0.836111 0.360938 0.838889 0.360938 0.841667 0.359375 0.844444 0.359375 0.847222 0.35 0.863889 0.35 0.866667 0.34375 0.877778 0.34375 0.880556 0.325 0.913889 0.323438 0.913889 0.320312 0.919444 0.31875 0.919444 0.314063 0.927778 0.3125 0.927778 0.310937 0.930556 0.309375 0.930556 0.307813 0.933333 0.304688 0.933333 0.301562 0.938889 0.298438 0.938889 0.296875 0.941667 0.295312 0.941667 0.29375 0.944444 0.292188 0.944444 0.289062 0.95 0.2875 0.95 0.285937 0.952778 0.284375 0.952778 0.28125 0.958333 0.279687 0.958333 0.279687 0.961111 0.278125 0.963889 0.276563 0.963889 0.275 0.966667 0.273438 0.966667 0.271875 0.969444 0.265625 0.969444 0.265625 1 0.45 1 0.45 0.986111 0.448438 0.983333 0.448438 0.980556 0.446875 0.977778 0.446875 0.975 0.445312 0.972222 0.445312 0.969444 0.439063 0.958333 0.4375 0.958333 0.435937 0.955556 0.434375 0.955556 0.432813 0.952778 0.43125 0.952778 0.429688 0.95 0.426562 0.95 0.425 0.947222 0.423438 0.947222 0.421875 0.944444 0.420312 0.944444 0.41875 0.941667 0.415625 0.941667 0.4125 0.936111 0.4125 0.933333 0.410937 0.930556 0.410937 0.919444 0.409375 0.916667 0.410937 0.913889 0.410937 0.911111 0.4125 0.908333 0.4125 0.902778 0.414062 0.9 0.414062 0.897222 0.415625 0.894444 0.415625 0.891667 0.41875 0.886111 0.41875 0.883333 0.420312 0.880556 0.420312 0.877778 0.421875 0.875 0.421875 0.872222 0.423438 0.869444 0.423438 0.866667 0.425 0.863889 0.425 0.858333 0.426562 0.855556 0.426562 0.85 0.428125 0.847222 0.428125 0.844444 0.429688 0.841667 0.429688 0.838889 0.43125 0.836111 0.43125 0.833333 0.434375 0.827778 0.434375 0.825 0.435937 0.822222 0.435937 0.819444 0.4375 0.816667 0.4375 0.813889 0.440625 0.808333 0.440625 0.805556 0.442187 0.802778 0.442187 0.797222 0.44375 0.794444 0.44375 0.791667 0.442187 0.788889 0.442187 0.783333 0.440625 0.780556 0.440625 0.777778 0.439063 0.775 0.439063 0.772222 0.435937 0.766667 0.435937 0.763889 0.432813 0.758333 0.432813 0.75
67 0.159375 0.0388889 0.159375 0.852778 0.165625 0.852778 0.16875 0.858333 0.170312 0.858333 0.173438 0.863889 0.175 0.863889 0.176563 0.866667 0.178125 0.866667 0.179688 0.869444 0.18125 0.869444 0.182812 0.872222 0.184375 0.872222 0.185937 0.875 0.190625 0.875 0.192188 0.877778 0.198437 0.877778 0.2 0.880556 0.207813 0.880556 0.209375 0.883333 0.220313 0.883333 0.221875 0.886111 0.257812 0.886111 0.259375 0.888889 0.301562 0.888889 0.303125 0.886111 0.309375 0.886111 0.310937 0.883333 0.325 0.883333 0.326562 0.880556 0.33125 0.880556 0.3375 0.869444 0.339063 0.869444 0.339063 0.866667 0.342187 0.861111 0.342187 0.858333 0.346875 0.85 0.348437 0.85 0.35 0.847222 0.351562 0.847222 0.357812 0.836111 0.357812 0.830556 0.359375 0.827778 0.359375 0.825 0.360938 0.822222 0.360938 0.819444 0.3625 0.816667 0.364062 0.816667 0.364062 0.813889 0.365625 0.811111 0.365625 0.808333 0.36875 0.802778 0.370313 0.802778 0.370313 0.8 0.371875 0.797222 0.371875 0.794444 0.378125 0.783333 0.379687 0.783333 0.392188 0.761111 0.39375 0.761111 0.395312 0.758333 0.398438 0.758333 0.4 0.755556 0.401563 0.755556 0.403125 0.752778 0.404687 0.752778 0.40625 0.75 0.409375 0.75 0.410937 0.747222 0.423438 0.747222 0.425 0.75 0.429688 0.75 0.439063 0.766667 0.439063 0.769444 0.442187 0.775 0.442187 0.777778 0.44375 0.780556 0.44375 0.783333 0.445312 0.786111 0.445312 0.808333 0.440625 0.816667 0.440625 0.822222 0.439063 0.825 0.439063 0.827778 0.432813 0.838889 0.432813 0.844444 0.43125 0.847222 0.43125 0.852778 0.429688 0.855556 0.429688 0.858333 0.428125 0.861111 0.428125 0.869444 0.426562 0.872222 0.426562 0.9 0.425 0.902778 0.426562 0.902778 0.432813 0.913889 0.432813 0.916667 0.434375 0.919444 0.435937 0.919444 0.4375 0.916667 0.440625 0.916667 0.442187 0.919444 0.442187 0.922222 0.445312 0.927778 0.448438 0.927778 0.45 0.925 0.451562 0.925 0.453125 0.922222 0.454688 0.922222 0.45625 0.925 0.459375 0.925 0.460938 0.922222 0.476562 0.922222 0.478125 0.925 0.4875 0.925 0.489062 0.927778 0.496875 0.927778 0.498437 0.930556 0.514063 0.930556 0.515625 0.933333 0.51875 0.933333 0.520312 0.936111 0.53125 0.936111 0.532812 0.938889 0.54375 0.938889 0.545313 0.941667 0.554688 0.941667 0.55625 0.944444 0.564062 0.944444 0.565625 0.947222 0.579687 0.947222 0.58125 0.95 0.595312 0.95 0.596875 0.952778 0.6125 0.952778 0.614062 0.955556 0.626562 0.955556 0.628125 0.958333 0.640625 0.958333 0.642187 0.961111 0.665625 0.961111 0.667188 0.963889 0.676562 0.963889 0.678125 0.966667 0.685938 0.966667 0.6875 0.969444 0.692187 0.969444 0.69375 0.972222 0.69375 0.980556 0.840625 0.980556 0.840625 0.972222 0.84375 0.966667 0.845312 0.966667 0.846875 0.963889 0.848437 0.963889 0.85 0.961111 0.853125 0.961111 0.854688 0.958333 0.85625 0.958333 0.857813 0.955556 0.859375 0.955556 0.860937 0.952778 0.864062 0.952778 0.867188 0.947222 0.86875 0.947222 0.873438 0.938889 0.876562 0.938889 0.882812 0.927778 0.884375 0.927778 0.885938 0.925 0.885938 0.922222 0.889063 0.916667 0.889063 0.913889 0.890625 0.911111 0.890625 0.883333 0.892187 0.880556 0.892187 0.836111 0.89375 0.833333 0.89375 0.805556 0.895312 0.802778 0.895312 0.786111 0.896875 0.783333 0.896875 0.763889 0.898438 0.761111 0.898438 0.744444 0.9 0.741667 0.9 0.716667 0.901563 0.713889 0.901563 0.55 0.903125 0.547222 0.903125 0.502778 0.904688 0.5 0.904688 0.458333 0.90625 0.455556 0.90625 0.430556 0.907812 0.427778 0.907812 0.369444 0.909375 0.366667 0.909375 0.330556 0.910937 0.327778 0.910937 0.297222 0.9125 0.294444 0.9125 0.275 0.914062 0.272222 0.914062 0.266667 0.915625 0.263889 0.920313 0.263889 0.920313 0.0888889 0.914062 0.0888889 0.9125 0.0861111 0.910937 0.0861111 0.909375 0.0833333 0.903125 0.0833333 0.901563 0.0805556 0.882812 0.0805556 0.88125 0.0777778 0.86875 0.0777778 0.867188 0.075 0.853125 0.075 0.851562 0.0722222 0.85 0.075 0.846875 0.075 0.845312 0.0722222 0.83125 0.0722222 0.829687 0.0694444 0.79375 0.0694444 0.792188 0.0666667 0.767187 0.0666667 0.765625 0.0638889 0.74375 0.0638889 0.742188 0.0611111 0.628125 0.0611111 0.626562 0.0583333 0.582812 0.0583333 0.58125 0.0555556 0.54375 0.0555556 0.542188 0.0527778 0.482812 0.0527778 0.48125 0.05 0.470313 0.05 0.46875 0.0472222 0.46875 0.0388889
62 0.159375 0.0388889 0.159375 0.852778 0.165625 0.852778 0.16875 0.858333 0.170312 0.858333 0.173438 0.863889 0.175 0.863889 0.176563 0.866667 0.178125 0.866667 0.179688 0.869444 0.18125 0.869444 0.182812 0.872222 0.184375 0.872222 0.185937 0.875 0.190625 0.875 0.192188 0.877778 0.198437 0.877778 0.2 0.880556 0.207813 0.880556 0.209375 0.883333 0.220313 0.883333 0.221875 0.886111 0.257812 0.886111 0.259375 0.888889 0.301562 0.888889 0.303125 0.886111 0.309375 0.886111 0.310937 0.883333 0.325 0.883333 0.326562 0.880556 0.33125 0.880556 0.3375 0.869444 0.339063 0.869444 0.339063 0.866667 0.342187 0.861111 0.342187 0.858333 0.346875 0.85 0.348437 0.85 0.35 0.847222 0.351562 0.847222 0.357812 0.836111 0.357812 0.830556 0.359375 0.827778 0.359375 0.825 0.360938 0.822222 0.360938 0.819444 0.3625 0.816667 0.364062 0.816667 0.364062 0.813889 0.365625 0.811111 0.365625 0.808333 0.36875 0.802778 0.370313 0.802778 0.370313 0.8 0.371875 0.797222 0.371875 0.794444 0.378125 0.783333 0.379687 0.783333 0.392188 0.761111 0.39375 0.761111 0.395312 0.758333 0.398438 0.758333 0.4 0.755556 0.401563 0.755556 0.403125 0.752778 0.404687 0.752778 0.40625 0.75 0.409375 0.75 0.410937 0.747222 0.423438 0.747222 0.425 0.75 0.429688 0.75 0.439063 0.766667 0.439063 0.769444 0.442187 0.775 0.442187 0.777778 0.44375 0.780556 0.44375 0.783333 0.445312 0.786111 0.445312 0.808333 0.440625 0.816667 0.440625 0.822222 0.439063 0.825 0.439063 0.827778 0.432813 0.838889 0.432813 0.844444 0.43125 0.847222 0.43125 0.852778 0.429688 0.855556 0.429688 0.858333 0.428125 0.861111 0.428125 0.869444 0.426562 0.872222 0.426562 0.9 0.425 0.902778 0.426562 0.902778 0.432813 0.913889 0.432813 0.916667 0.434375 0.919444 0.435937 0.919444 0.4375 0.916667 0.440625 0.916667 0.442187 0.919444 0.442187 0.922222 0.445312 0.927778 0.448438 0.927778 0.45 0.925 0.451562 0.925 0.453125 0.922222 0.454688 0.922222 0.45625 0.925 0.459375 0.925 0.460938 0.922222 0.476562 0.922222 0.478125 0.925 0.4875 0.925 0.489062 0.927778 0.496875 0.927778 0.498437 0.930556 0.514063 0.930556 0.515625 0.933333 0.51875 0.933333 0.520312 0.936111 0.53125 0.936111 0.532812 0.938889 0.54375 0.938889 0.545313 0.941667 0.554688 0.941667 0.55625 0.944444 0.564062 0.944444 0.565625 0.947222 0.579687 0.947222 0.58125 0.95 0.595312 0.95 0.596875 0.952778 0.6125 0.952778 0.614062 0.955556 0.626562 0.955556 0.628125 0.958333 0.640625 0.958333 0.642187 0.961111 0.665625 0.961111 0.667188 0.963889 0.676562 0.963889 0.678125 0.966667 0.685938 0.966667 0.6875 0.969444 0.692187 0.969444 0.69375 0.972222 0.69375 0.980556 0.840625 0.980556 0.840625 0.972222 0.84375 0.966667 0.845312 0.966667 0.846875 0.963889 0.848437 0.963889 0.85 0.961111 0.853125 0.961111 0.854688 0.958333 0.85625 0.958333 0.857813 0.955556 0.859375 0.955556 0.860937 0.952778 0.864062 0.952778 0.867188 0.947222 0.86875 0.947222 0.873438 0.938889 0.876562 0.938889 0.882812 0.927778 0.884375 0.927778 0.885938 0.925 0.885938 0.922222 0.889063 0.916667 0.889063 0.913889 0.890625 0.911111 0.890625 0.883333 0.892187 0.880556 0.892187 0.836111 0.89375 0.833333 0.89375 0.805556 0.895312 0.802778 0.895312 0.786111 0.896875 0.783333 0.896875 0.763889 0.898438 0.761111 0.898438 0.744444 0.9 0.741667 0.9 0.716667 0.901563 0.713889 0.901563 0.55 0.903125 0.547222 0.903125 0.502778 0.904688 0.5 0.904688 0.458333 0.90625 0.455556 0.90625 0.430556 0.907812 0.427778 0.907812 0.369444 0.909375 0.366667 0.909375 0.330556 0.910937 0.327778 0.910937 0.297222 0.9125 0.294444 0.9125 0.275 0.914062 0.272222 0.914062 0.266667 0.915625 0.263889 0.920313 0.263889 0.920313 0.0888889 0.914062 0.0888889 0.9125 0.0861111 0.910937 0.0861111 0.909375 0.0833333 0.903125 0.0833333 0.901563 0.0805556 0.882812 0.0805556 0.88125 0.0777778 0.86875 0.0777778 0.867188 0.075 0.853125 0.075 0.851562 0.0722222 0.85 0.075 0.846875 0.075 0.845312 0.0722222 0.83125 0.0722222 0.829687 0.0694444 0.79375 0.0694444 0.792188 0.0666667 0.767187 0.0666667 0.765625 0.0638889 0.74375 0.0638889 0.742188 0.0611111 0.628125 0.0611111 0.626562 0.0583333 0.582812 0.0583333 0.58125 0.0555556 0.54375 0.0555556 0.542188 0.0527778 0.482812 0.0527778 0.48125 0.05 0.470313 0.05 0.46875 0.0472222 0.46875 0.0388889
0 0.396875 0.75 0.396875 0.758333 0.39375 0.763889 0.392188 0.763889 0.390625 0.766667 0.390625 0.769444 0.385938 0.777778 0.384375 0.777778 0.378125 0.788889 0.378125 0.791667 0.375 0.797222 0.375 0.8 0.371875 0.805556 0.371875 0.808333 0.370313 0.811111 0.370313 0.813889 0.367188 0.819444 0.367188 0.822222 0.364062 0.827778 0.364062 0.830556 0.3625 0.833333 0.3625 0.836111 0.360938 0.838889 0.360938 0.841667 0.359375 0.844444 0.359375 0.847222 0.35 0.863889 0.35 0.866667 0.34375 0.877778 0.34375 0.880556 0.325 0.913889 0.323438 0.913889 0.320312 0.919444 0.31875 0.919444 0.314063 0.927778 0.3125 0.927778 0.310937 0.930556 0.309375 0.930556 0.307813 0.933333 0.304688 0.933333 0.301562 0.938889 0.298438 0.938889 0.296875 0.941667 0.295312 0.941667 0.29375 0.944444 0.292188 0.944444 0.289062 0.95 0.2875 0.95 0.285937 0.952778 0.284375 0.952778 0.28125 0.958333 0.279687 0.958333 0.279687 0.961111 0.278125 0.963889 0.276563 0.963889 0.275 0.966667 0.273438 0.966667 0.271875 0.969444 0.265625 0.969444 0.265625 1 0.45 1 0.45 0.986111 0.448438 0.983333 0.448438 0.980556 0.446875 0.977778 0.446875 0.975 0.445312 0.972222 0.445312 0.969444 0.439063 0.958333 0.4375 0.958333 0.435937 0.955556 0.434375 0.955556 0.432813 0.952778 0.43125 0.952778 0.429688 0.95 0.426562 0.95 0.425 0.947222 0.423438 0.947222 0.421875 0.944444 0.420312 0.944444 0.41875 0.941667 0.415625 0.941667 0.4125 0.936111 0.4125 0.933333 0.410937 0.930556 0.410937 0.919444 0.409375 0.916667 0.410937 0.913889 0.410937 0.911111 0.4125 0.908333 0.4125 0.902778 0.414062 0.9 0.414062 0.897222 0.415625 0.894444 0.415625 0.891667 0.41875 0.886111 0.41875 0.883333 0.420312 0.880556 0.420312 0.877778 0.421875 0.875 0.421875 0.872222 0.423438 0.869444 0.423438 0.866667 0.425 0.863889 0.425 0.858333 0.426562 0.855556 0.426562 0.85 0.428125 0.847222 0.428125 0.844444 0.429688 0.841667 0.429688 0.838889 0.43125 0.836111 0.43125 0.833333 0.434375 0.827778 0.434375 0.825 0.435937 0.822222 0.435937 0.819444 0.4375 0.816667 0.4375 0.813889 0.440625 0.808333 0.440625 0.805556 0.442187 0.802778 0.442187 0.797222 0.44375 0.794444 0.44375 0.791667 0.442187 0.788889 0.442187 0.783333 0.440625 0.780556 0.440625 0.777778 0.439063 0.775 0.439063 0.772222 0.435937 0.766667 0.435937 0.763889 0.432813 0.758333 0.432813 0.75
