62 0.065625 0 0.065625 0.0888889 0.0703125 0.0888889 0.071875 0.0916667 0.071875 0.111111 0.0734375 0.113889 0.0734375 0.141667 0.071875 0.144444 0.071875 0.152778 0.0734375 0.155556 0.0734375 0.175 0.071875 0.177778 0.071875 0.186111 0.0703125 0.188889 0.065625 0.188889 0.065625 0.297222 0.0703125 0.297222 0.0734375 0.302778 0.0734375 0.308333 0.075 0.311111 0.075 0.313889 0.0765625 0.316667 0.0765625 0.325 0.078125 0.327778 0.078125 0.383333 0.0796875 0.386111 0.0796875 0.416667 0.08125 0.419444 0.08125 0.436111 0.0828125 0.438889 0.0828125 0.447222 0.084375 0.45 0.084375 0.458333 0.0875 0.463889 0.0875 0.466667 0.0890625 0.469444 0.0890625 0.472222 0.090625 0.475 0.090625 0.480556 0.0953125 0.488889 0.0953125 0.491667 0.096875 0.494444 0.0984375 0.494444 0.101562 0.5 0.103125 0.5 0.109375 0.511111 0.110937 0.511111 0.114063 0.516667 0.115625 0.516667 0.11875 0.522222 0.120312 0.522222 0.123438 0.527778 0.125 0.527778 0.126563 0.530556 0.128125 0.530556 0.13125 0.536111 0.132812 0.536111 0.135937 0.541667 0.1375 0.541667 0.139062 0.544444 0.140625 0.544444 0.14375 0.55 0.145313 0.55 0.146875 0.552778 0.148438 0.552778 0.15 0.555556 0.151562 0.555556 0.153125 0.558333 0.154687 0.558333 0.15625 0.561111 0.157813 0.561111 0.159375 0.563889 0.160938 0.563889 0.1625 0.566667 0.16875 0.566667 0.170312 0.569444 0.175 0.569444 0.176563 0.572222 0.182812 0.572222 0.184375 0.575 0.195312 0.575 0.196875 0.577778 0.214062 0.577778 0.215625 0.580556 0.223438 0.580556 0.225 0.583333 0.225 0.591667 0.24375 0.591667 0.24375 0.583333 0.245312 0.580556 0.25 0.580556 0.251563 0.583333 0.251563 0.591667 0.253125 0.591667 0.253125 0.583333 0.254687 0.580556 0.265625 0.580556 0.267188 0.577778 0.282813 0.577778 0.284375 0.575 0.30625 0.575 0.307813 0.572222 0.317187 0.572222 0.31875 0.569444 0.329688 0.569444 0.33125 0.566667 0.34375 0.566667 0.345313 0.569444 0.38125 0.569444 0.382812 0.572222 0.384375 0.572222 0.385938 0.569444 0.390625 0.569444 0.392188 0.572222 0.445312 0.572222 0.446875 0.569444 0.48125 0.569444 0.482812 0.572222 0.4875 0.572222 0.489062 0.569444 0.490625 0.569444 0.49375 0.575 0.503125 0.575 0.504687 0.577778 0.509375 0.577778 0.5125 0.583333 0.5125 0.591667 0.528125 0.591667 0.528125 0.580556 0.529688 0.577778 0.529688 0.572222 0.53125 0.569444 0.565625 0.569444 0.567187 0.566667 0.60625 0.566667 0.607813 0.569444 0.61875 0.569444 0.620313 0.566667 0.645312 0.566667 0.646875 0.569444 0.653125 0.569444 0.654688 0.566667 0.667188 0.566667 0.66875 0.563889 0.70625 0.563889 0.707812 0.561111 0.709375 0.561111 0.710938 0.563889 0.721875 0.563889 0.723437 0.566667 0.729688 0.566667 0.73125 0.569444 0.735937 0.569444 0.7375 0.572222 0.742188 0.572222 0.74375 0.575 0.746875 0.575 0.751562 0.583333 0.751562 0.591667 0.915625 0.591667 0.915625 0.577778 0.914062 0.577778 0.9125 0.580556 0.910937 0.580556 0.909375 0.583333 0.907812 0.583333 0.903125 0.575 0.901563 0.575 0.9 0.577778 0.898438 0.577778 0.896875 0.580556 0.895312 0.580556 0.89375 0.577778 0.892187 0.577778 0.890625 0.575 0.889063 0.577778 0.8875 0.577778 0.885938 0.580556 0.88125 0.580556 0.879687 0.577778 0.876562 0.577778 0.875 0.580556 0.873438 0.580556 0.871875 0.583333 0.870313 0.583333 0.865625 0.575 0.864062 0.575 0.8625 0.577778 0.860937 0.577778 0.859375 0.580556 0.857813 0.580556 0.853125 0.572222 0.853125 0.566667 0.854688 0.563889 0.854688 0.561111 0.85625 0.558333 0.857813 0.558333 0.859375 0.555556 0.860937 0.558333 0.8625 0.558333 0.864062 0.561111 0.865625 0.558333 0.867188 0.558333 0.86875 0.555556 0.885938 0.555556 0.8875 0.558333 0.896875 0.558333 0.901563 0.566667 0.903125 0.566667 0.907812 0.558333 0.910937 0.558333 0.9125 0.561111 0.915625 0.561111 0.917188 0.558333 0.921875 0.558333 0.923437 0.561111 0.934375 0.561111 0.935938 0.563889 0.9375 0.563889 0.939062 0.566667 0.940625 0.566667 0.94375 0.572222 0.94375 0.575 0.942187 0.577778 0.942187 0.591667 0.998438 0.591667 0.998438 0
62 0.065625 0.00555556 0.065625 0.0833333 0.0703125 0.0833333 0.071875 0.0861111 0.071875 0.111111 0.0734375 0.113889 0.0734375 0.144444 0.071875 0.147222 0.071875 0.15 0.0734375 0.152778 0.0734375 0.177778 0.071875 0.180556 0.071875 0.186111 0.0703125 0.188889 0.065625 0.188889 0.065625 0.291667 0.071875 0.291667 0.0734375 0.294444 0.0734375 0.297222 0.075 0.3 0.075 0.305556 0.0765625 0.308333 0.0765625 0.311111 0.078125 0.313889 0.078125 0.372222 0.0796875 0.375 0.0796875 0.416667 0.08125 0.419444 0.08125 0.436111 0.0828125 0.438889 0.0828125 0.447222 0.084375 0.45 0.084375 0.458333 0.0859375 0.461111 0.0859375 0.463889 0.0875 0.466667 0.0875 0.469444 0.0890625 0.472222 0.0890625 0.475 0.090625 0.477778 0.090625 0.480556 0.09375 0.486111 0.09375 0.488889 0.096875 0.494444 0.0984375 0.494444 0.101562 0.5 0.103125 0.5 0.107813 0.508333 0.109375 0.508333 0.114063 0.516667 0.115625 0.516667 0.11875 0.522222 0.120312 0.522222 0.123438 0.527778 0.125 0.527778 0.126563 0.530556 0.128125 0.530556 0.13125 0.536111 0.132812 0.536111 0.134375 0.538889 0.135937 0.538889 0.139062 0.544444 0.140625 0.544444 0.14375 0.55 0.145313 0.55 0.146875 0.552778 0.148438 0.552778 0.15 0.555556 0.151562 0.555556 0.153125 0.558333 0.154687 0.558333 0.15625 0.561111 0.157813 0.561111 0.159375 0.563889 0.160938 0.563889 0.1625 0.566667 0.16875 0.566667 0.170312 0.569444 0.175 0.569444 0.176563 0.572222 0.184375 0.572222 0.185937 0.575 0.195312 0.575 0.196875 0.577778 0.2125 0.577778 0.214062 0.580556 0.220313 0.580556 0.221875 0.583333 0.221875 0.591667 0.264062 0.591667 0.264062 0.583333 0.265625 0.580556 0.26875 0.580556 0.270312 0.577778 0.292188 0.577778 0.29375 0.575 0.307813 0.575 0.309375 0.572222 0.317187 0.572222 0.31875 0.569444 0.329688 0.569444 0.33125 0.566667 0.340625 0.566667 0.342187 0.569444 0.378125 0.569444 0.379687 0.572222 0.39375 0.572222 0.395312 0.575 0.4375 0.575 0.439063 0.577778 0.440625 0.577778 0.442187 0.575 0.457812 0.575 0.459375 0.572222 0.4625 0.572222 0.464063 0.569444 0.465625 0.569444 0.467187 0.572222 0.46875 0.572222 0.470313 0.575 0.471875 0.575 0.473437 0.572222 0.475 0.572222 0.476562 0.569444 0.48125 0.577778 0.485938 0.577778 0.4875 0.580556 0.490625 0.580556 0.492188 0.583333 0.492188 0.591667 0.56875 0.591667 0.56875 0.572222 0.570312 0.569444 0.582812 0.569444 0.584375 0.566667 0.585938 0.569444 0.595312 0.569444 0.596875 0.572222 0.598437 0.572222 0.603125 0.580556 0.604688 0.580556 0.60625 0.577778 0.607813 0.577778 0.610937 0.583333 0.610937 0.591667 0.617188 0.591667 0.617188 0.580556 0.620313 0.575 0.623438 0.575 0.625 0.577778 0.628125 0.577778 0.629687 0.575 0.63125 0.575 0.632812 0.572222 0.635938 0.572222 0.639063 0.577778 0.65 0.577778 0.651563 0.580556 0.653125 0.577778 0.654688 0.577778 0.65625 0.575 0.665625 0.575 0.66875 0.569444 0.679688 0.569444 0.68125 0.566667 0.698438 0.566667 0.7 0.569444 0.703125 0.569444 0.704687 0.566667 0.70625 0.566667 0.707812 0.563889 0.709375 0.563889 0.710938 0.566667 0.721875 0.566667 0.723437 0.569444 0.725 0.569444 0.726562 0.572222 0.732813 0.572222 0.734375 0.575 0.735937 0.575 0.739062 0.580556 0.745313 0.580556 0.746875 0.583333 0.746875 0.591667 0.998438 0.591667 0.998438 0.00555556
62 0.065625 0 0.065625 0.0888889 0.0703125 0.0888889 0.071875 0.0916667 0.071875 0.111111 0.0734375 0.113889 0.0734375 0.141667 0.071875 0.144444 0.071875 0.152778 0.0734375 0.155556 0.0734375 0.175 0.071875 0.177778 0.071875 0.186111 0.0703125 0.188889 0.065625 0.188889 0.065625 0.297222 0.0703125 0.297222 0.0734375 0.302778 0.0734375 0.308333 0.075 0.311111 0.075 0.313889 0.0765625 0.316667 0.0765625 0.325 0.078125 0.327778 0.078125 0.383333 0.0796875 0.386111 0.0796875 0.416667 0.08125 0.419444 0.08125 0.436111 0.0828125 0.438889 0.0828125 0.447222 0.084375 0.45 0.084375 0.458333 0.0875 0.463889 0.0875 0.466667 0.0890625 0.469444 0.0890625 0.472222 0.090625 0.475 0.090625 0.480556 0.0953125 0.488889 0.0953125 0.491667 0.096875 0.494444 0.0984375 0.494444 0.101562 0.5 0.103125 0.5 0.109375 0.511111 0.110937 0.511111 0.114063 0.516667 0.115625 0.516667 0.11875 0.522222 0.120312 0.522222 0.123438 0.527778 0.125 0.527778 0.126563 0.530556 0.128125 0.530556 0.13125 0.536111 0.132812 0.536111 0.135937 0.541667 0.1375 0.541667 0.139062 0.544444 0.140625 0.544444 0.14375 0.55 0.145313 0.55 0.146875 0.552778 0.148438 0.552778 0.15 0.555556 0.151562 0.555556 0.153125 0.558333 0.154687 0.558333 0.15625 0.561111 0.157813 0.561111 0.159375 0.563889 0.160938 0.563889 0.1625 0.566667 0.16875 0.566667 0.170312 0.569444 0.175 0.569444 0.176563 0.572222 0.182812 0.572222 0.184375 0.575 0.195312 0.575 0.196875 0.577778 0.214062 0.577778 0.215625 0.580556 0.223438 0.580556 0.225 0.583333 0.225 0.591667 0.24375 0.591667 0.24375 0.583333 0.245312 0.580556 0.25 0.580556 0.251563 0.583333 0.251563 0.591667 0.253125 0.591667 0.253125 0.583333 0.254687 0.580556 0.265625 0.580556 0.267188 0.577778 0.282813 0.577778 0.284375 0.575 0.30625 0.575 0.307813 0.572222 0.317187 0.572222 0.31875 0.569444 0.329688 0.569444 0.33125 0.566667 0.34375 0.566667 0.345313 0.569444 0.38125 0.569444 0.382812 0.572222 0.384375 0.572222 0.385938 0.569444 0.390625 0.569444 0.392188 0.572222 0.445312 0.572222 0.446875 0.569444 0.48125 0.569444 0.482812 0.572222 0.4875 0.572222 0.489062 0.569444 0.490625 0.569444 0.49375 0.575 0.503125 0.575 0.504687 0.577778 0.509375 0.577778 0.5125 0.583333 0.5125 0.591667 0.528125 0.591667 0.528125 0.580556 0.529688 0.577778 0.529688 0.572222 0.53125 0.569444 0.565625 0.569444 0.567187 0.566667 0.60625 0.566667 0.607813 0.569444 0.61875 0.569444 0.620313 0.566667 0.645312 0.566667 0.646875 0.569444 0.653125 0.569444 0.654688 0.566667 0.667188 0.566667 0.66875 0.563889 0.70625 0.563889 0.707812 0.561111 0.709375 0.561111 0.710938 0.563889 0.721875 0.563889 0.723437 0.566667 0.729688 0.566667 0.73125 0.569444 0.735937 0.569444 0.7375 0.572222 0.742188 0.572222 0.74375 0.575 0.746875 0.575 0.751562 0.583333 0.751562 0.591667 0.915625 0.591667 0.915625 0.577778 0.914062 0.577778 0.9125 0.580556 0.910937 0.580556 0.909375 0.583333 0.907812 0.583333 0.903125 0.575 0.901563 0.575 0.9 0.577778 0.898438 0.577778 0.896875 0.580556 0.895312 0.580556 0.89375 0.577778 0.892187 0.577778 0.890625 0.575 0.889063 0.577778 0.8875 0.577778 0.885938 0.580556 0.88125 0.580556 0.879687 0.577778 0.876562 0.577778 0.875 0.580556 0.873438 0.580556 0.871875 0.583333 0.870313 0.583333 0.865625 0.575 0.864062 0.575 0.8625 0.577778 0.860937 0.577778 0.859375 0.580556 0.857813 0.580556 0.853125 0.572222 0.853125 0.566667 0.854688 0.563889 0.854688 0.561111 0.85625 0.558333 0.857813 0.558333 0.859375 0.555556 0.860937 0.558333 0.8625 0.558333 0.864062 0.561111 0.865625 0.558333 0.867188 0.558333 0.86875 0.555556 0.885938 0.555556 0.8875 0.558333 0.896875 0.558333 0.901563 0.566667 0.903125 0.566667 0.907812 0.558333 0.910937 0.558333 0.9125 0.561111 0.915625 0.561111 0.917188 0.558333 0.921875 0.558333 0.923437 0.561111 0.934375 0.561111 0.935938 0.563889 0.9375 0.563889 0.939062 0.566667 0.940625 0.566667 0.94375 0.572222 0.94375 0.575 0.942187 0.577778 0.942187 0.591667 0.998438 0.591667 0.998438 0
62 0.065625 0.00555556 0.065625 0.0833333 0.0703125 0.0833333 0.071875 0.0861111 0.071875 0.111111 0.0734375 0.113889 0.0734375 0.144444 0.071875 0.147222 0.071875 0.15 0.0734375 0.152778 0.0734375 0.177778 0.071875 0.180556 0.071875 0.186111 0.0703125 0.188889 0.065625 0.188889 0.065625 0.291667 0.071875 0.291667 0.0734375 0.294444 0.0734375 0.297222 0.075 0.3 0.075 0.305556 0.0765625 0.308333 0.0765625 0.311111 0.078125 0.313889 0.078125 0.372222 0.0796875 0.375 0.0796875 0.416667 0.08125 0.419444 0.08125 0.436111 0.0828125 0.438889 0.0828125 0.447222 0.084375 0.45 0.084375 0.458333 0.0859375 0.461111 0.0859375 0.463889 0.0875 0.466667 0.0875 0.469444 0.0890625 0.472222 0.0890625 0.475 0.090625 0.477778 0.090625 0.480556 0.09375 0.486111 0.09375 0.488889 0.096875 0.494444 0.0984375 0.494444 0.101562 0.5 0.103125 0.5 0.107813 0.508333 0.109375 0.508333 0.114063 0.516667 0.115625 0.516667 0.11875 0.522222 0.120312 0.522222 0.123438 0.527778 0.125 0.527778 0.126563 0.530556 0.128125 0.530556 0.13125 0.536111 0.132812 0.536111 0.134375 0.538889 0.135937 0.538889 0.139062 0.544444 0.140625 0.544444 0.14375 0.55 0.145313 0.55 0.146875 0.552778 0.148438 0.552778 0.15 0.555556 0.151562 0.555556 0.153125 0.558333 0.154687 0.558333 0.15625 0.561111 0.157813 0.561111 0.159375 0.563889 0.160938 0.563889 0.1625 0.566667 0.16875 0.566667 0.170312 0.569444 0.175 0.569444 0.176563 0.572222 0.184375 0.572222 0.185937 0.575 0.195312 0.575 0.196875 0.577778 0.2125 0.577778 0.214062 0.580556 0.220313 0.580556 0.221875 0.583333 0.221875 0.591667 0.264062 0.591667 0.264062 0.583333 0.265625 0.580556 0.26875 0.580556 0.270312 0.577778 0.292188 0.577778 0.29375 0.575 0.307813 0.575 0.309375 0.572222 0.317187 0.572222 0.31875 0.569444 0.329688 0.569444 0.33125 0.566667 0.340625 0.566667 0.342187 0.569444 0.378125 0.569444 0.379687 0.572222 0.39375 0.572222 0.395312 0.575 0.4375 0.575 0.439063 0.577778 0.440625 0.577778 0.442187 0.575 0.457812 0.575 0.459375 0.572222 0.4625 0.572222 0.464063 0.569444 0.465625 0.569444 0.467187 0.572222 0.46875 0.572222 0.470313 0.575 0.471875 0.575 0.473437 0.572222 0.475 0.572222 0.476562 0.569444 0.48125 0.577778 0.485938 0.577778 0.4875 0.580556 0.490625 0.580556 0.492188 0.583333 0.492188 0.591667 0.56875 0.591667 0.56875 0.572222 0.570312 0.569444 0.582812 0.569444 0.584375 0.566667 0.585938 0.569444 0.595312 0.569444 0.596875 0.572222 0.598437 0.572222 0.603125 0.580556 0.604688 0.580556 0.60625 0.577778 0.607813 0.577778 0.610937 0.583333 0.610937 0.591667 0.617188 0.591667 0.617188 0.580556 0.620313 0.575 0.623438 0.575 0.625 0.577778 0.628125 0.577778 0.629687 0.575 0.63125 0.575 0.632812 0.572222 0.635938 0.572222 0.639063 0.577778 0.65 0.577778 0.651563 0.580556 0.653125 0.577778 0.654688 0.577778 0.65625 0.575 0.665625 0.575 0.66875 0.569444 0.679688 0.569444 0.68125 0.566667 0.698438 0.566667 0.7 0.569444 0.703125 0.569444 0.704687 0.566667 0.70625 0.566667 0.707812 0.563889 0.709375 0.563889 0.710938 0.566667 0.721875 0.566667 0.723437 0.569444 0.725 0.569444 0.726562 0.572222 0.732813 0.572222 0.734375 0.575 0.735937 0.575 0.739062 0.580556 0.745313 0.580556 0.746875 0.583333 0.746875 0.591667 0.998438 0.591667 0.998438 0.00555556
62 0.065625 0 0.065625 0.0888889 0.0703125 0.0888889 0.071875 0.0916667 0.071875 0.111111 0.0734375 0.113889 0.0734375 0.141667 0.071875 0.144444 0.071875 0.152778 0.0734375 0.155556 0.0734375 0.175 0.071875 0.177778 0.071875 0.186111 0.0703125 0.188889 0.065625 0.188889 0.065625 0.297222 0.0703125 0.297222 0.0734375 0.302778 0.0734375 0.308333 0.075 0.311111 0.075 0.313889 0.0765625 0.316667 0.0765625 0.325 0.078125 0.327778 0.078125 0.383333 0.0796875 0.386111 0.0796875 0.416667 0.08125 0.419444 0.08125 0.436111 0.0828125 0.438889 0.0828125 0.447222 0.084375 0.45 0.084375 0.458333 0.0875 0.463889 0.0875 0.466667 0.0890625 0.469444 0.0890625 0.472222 0.090625 0.475 0.090625 0.480556 0.0953125 0.488889 0.0953125 0.491667 0.096875 0.494444 0.0984375 0.494444 0.101562 0.5 0.103125 0.5 0.109375 0.511111 0.110937 0.511111 0.114063 0.516667 0.115625 0.516667 0.11875 0.522222 0.120312 0.522222 0.123438 0.527778 0.125 0.527778 0.126563 0.530556 0.128125 0.530556 0.13125 0.536111 0.132812 0.536111 0.135937 0.541667 0.1375 0.541667 0.139062 0.544444 0.140625 0.544444 0.14375 0.55 0.145313 0.55 0.146875 0.552778 0.148438 0.552778 0.15 0.555556 0.151562 0.555556 0.153125 0.558333 0.154687 0.558333 0.15625 0.561111 0.157813 0.561111 0.159375 0.563889 0.160938 0.563889 0.1625 0.566667 0.16875 0.566667 0.170312 0.569444 0.175 0.569444 0.176563 0.572222 0.182812 0.572222 0.184375 0.575 0.195312 0.575 0.196875 0.577778 0.214062 0.577778 0.215625 0.580556 0.223438 0.580556 0.225 0.583333 0.225 0.591667 0.24375 0.591667 0.24375 0.583333 0.245312 0.580556 0.25 0.580556 0.251563 0.583333 0.251563 0.591667 0.253125 0.591667 0.253125 0.583333 0.254687 0.580556 0.265625 0.580556 0.267188 0.577778 0.282813 0.577778 0.284375 0.575 0.30625 0.575 0.307813 0.572222 0.317187 0.572222 0.31875 0.569444 0.329688 0.569444 0.33125 0.566667 0.34375 0.566667 0.345313 0.569444 0.38125 0.569444 0.382812 0.572222 0.384375 0.572222 0.385938 0.569444 0.390625 0.569444 0.392188 0.572222 0.445312 0.572222 0.446875 0.569444 0.48125 0.569444 0.482812 0.572222 0.4875 0.572222 0.489062 0.569444 0.490625 0.569444 0.49375 0.575 0.503125 0.575 0.504687 0.577778 0.509375 0.577778 0.5125 0.583333 0.5125 0.591667 0.528125 0.591667 0.528125 0.580556 0.529688 0.577778 0.529688 0.572222 0.53125 0.569444 0.565625 0.569444 0.567187 0.566667 0.60625 0.566667 0.607813 0.569444 0.61875 0.569444 0.620313 0.566667 0.645312 0.566667 0.646875 0.569444 0.653125 0.569444 0.654688 0.566667 0.667188 0.566667 0.66875 0.563889 0.70625 0.563889 0.707812 0.561111 0.709375 0.561111 0.710938 0.563889 0.721875 0.563889 0.723437 0.566667 0.729688 0.566667 0.73125 0.569444 0.735937 0.569444 0.7375 0.572222 0.742188 0.572222 0.74375 0.575 0.746875 0.575 0.751562 0.583333 0.751562 0.591667 0.915625 0.591667 0.915625 0.577778 0.914062 0.577778 0.9125 0.580556 0.910937 0.580556 0.909375 0.583333 0.907812 0.583333 0.903125 0.575 0.901563 0.575 0.9 0.577778 0.898438 0.577778 0.896875 0.580556 0.895312 0.580556 0.89375 0.577778 0.892187 0.577778 0.890625 0.575 0.889063 0.577778 0.8875 0.577778 0.885938 0.580556 0.88125 0.580556 0.879687 0.577778 0.876562 0.577778 0.875 0.580556 0.873438 0.580556 0.871875 0.583333 0.870313 0.583333 0.865625 0.575 0.864062 0.575 0.8625 0.577778 0.860937 0.577778 0.859375 0.580556 0.857813 0.580556 0.853125 0.572222 0.853125 0.566667 0.854688 0.563889 0.854688 0.561111 0.85625 0.558333 0.857813 0.558333 0.859375 0.555556 0.860937 0.558333 0.8625 0.558333 0.864062 0.561111 0.865625 0.558333 0.867188 0.558333 0.86875 0.555556 0.885938 0.555556 0.8875 0.558333 0.896875 0.558333 0.901563 0.566667 0.903125 0.566667 0.907812 0.558333 0.910937 0.558333 0.9125 0.561111 0.915625 0.561111 0.917188 0.558333 0.921875 0.558333 0.923437 0.561111 0.934375 0.561111 0.935938 0.563889 0.9375 0.563889 0.939062 0.566667 0.940625 0.566667 0.94375 0.572222 0.94375 0.575 0.942187 0.577778 0.942187 0.591667 0.998438 0.591667 0.998438 0
62 0.065625 0.00555556 0.065625 0.0833333 0.0703125 0.0833333 0.071875 0.0861111 0.071875 0.111111 0.0734375 0.113889 0.0734375 0.144444 0.071875 0.147222 0.071875 0.15 0.0734375 0.152778 0.0734375 0.177778 0.071875 0.180556 0.071875 0.186111 0.0703125 0.188889 0.065625 0.188889 0.065625 0.291667 0.071875 0.291667 0.0734375 0.294444 0.0734375 0.297222 0.075 0.3 0.075 0.305556 0.0765625 0.308333 0.0765625 0.311111 0.078125 0.313889 0.078125 0.372222 0.0796875 0.375 0.0796875 0.416667 0.08125 0.419444 0.08125 0.436111 0.0828125 0.438889 0.0828125 0.447222 0.084375 0.45 0.084375 0.458333 0.0859375 0.461111 0.0859375 0.463889 0.0875 0.466667 0.0875 0.469444 0.0890625 0.472222 0.0890625 0.475 0.090625 0.477778 0.090625 0.480556 0.09375 0.486111 0.09375 0.488889 0.096875 0.494444 0.0984375 0.494444 0.101562 0.5 0.103125 0.5 0.107813 0.508333 0.109375 0.508333 0.114063 0.516667 0.115625 0.516667 0.11875 0.522222 0.120312 0.522222 0.123438 0.527778 0.125 0.527778 0.126563 0.530556 0.128125 0.530556 0.13125 0.536111 0.132812 0.536111 0.134375 0.538889 0.135937 0.538889 0.139062 0.544444 0.140625 0.544444 0.14375 0.55 0.145313 0.55 0.146875 0.552778 0.148438 0.552778 0.15 0.555556 0.151562 0.555556 0.153125 0.558333 0.154687 0.558333 0.15625 0.561111 0.157813 0.561111 0.159375 0.563889 0.160938 0.563889 0.1625 0.566667 0.16875 0.566667 0.170312 0.569444 0.175 0.569444 0.176563 0.572222 0.184375 0.572222 0.185937 0.575 0.195312 0.575 0.196875 0.577778 0.2125 0.577778 0.214062 0.580556 0.220313 0.580556 0.221875 0.583333 0.221875 0.591667 0.264062 0.591667 0.264062 0.583333 0.265625 0.580556 0.26875 0.580556 0.270312 0.577778 0.292188 0.577778 0.29375 0.575 0.307813 0.575 0.309375 0.572222 0.317187 0.572222 0.31875 0.569444 0.329688 0.569444 0.33125 0.566667 0.340625 0.566667 0.342187 0.569444 0.378125 0.569444 0.379687 0.572222 0.39375 0.572222 0.395312 0.575 0.4375 0.575 0.439063 0.577778 0.440625 0.577778 0.442187 0.575 0.457812 0.575 0.459375 0.572222 0.4625 0.572222 0.464063 0.569444 0.465625 0.569444 0.467187 0.572222 0.46875 0.572222 0.470313 0.575 0.471875 0.575 0.473437 0.572222 0.475 0.572222 0.476562 0.569444 0.48125 0.577778 0.485938 0.577778 0.4875 0.580556 0.490625 0.580556 0.492188 0.583333 0.492188 0.591667 0.56875 0.591667 0.56875 0.572222 0.570312 0.569444 0.582812 0.569444 0.584375 0.566667 0.585938 0.569444 0.595312 0.569444 0.596875 0.572222 0.598437 0.572222 0.603125 0.580556 0.604688 0.580556 0.60625 0.577778 0.607813 0.577778 0.610937 0.583333 0.610937 0.591667 0.617188 0.591667 0.617188 0.580556 0.620313 0.575 0.623438 0.575 0.625 0.577778 0.628125 0.577778 0.629687 0.575 0.63125 0.575 0.632812 0.572222 0.635938 0.572222 0.639063 0.577778 0.65 0.577778 0.651563 0.580556 0.653125 0.577778 0.654688 0.577778 0.65625 0.575 0.665625 0.575 0.66875 0.569444 0.679688 0.569444 0.68125 0.566667 0.698438 0.566667 0.7 0.569444 0.703125 0.569444 0.704687 0.566667 0.70625 0.566667 0.707812 0.563889 0.709375 0.563889 0.710938 0.566667 0.721875 0.566667 0.723437 0.569444 0.725 0.569444 0.726562 0.572222 0.732813 0.572222 0.734375 0.575 0.735937 0.575 0.739062 0.580556 0.745313 0.580556 0.746875 0.583333 0.746875 0.591667 0.998438 0.591667 0.998438 0.00555556
62 0.065625 0 0.065625 0.0888889 0.0703125 0.0888889 0.071875 0.0916667 0.071875 0.111111 0.0734375 0.113889 0.0734375 0.141667 0.071875 0.144444 0.071875 0.152778 0.0734375 0.155556 0.0734375 0.175 0.071875 0.177778 0.071875 0.186111 0.0703125 0.188889 0.065625 0.188889 0.065625 0.297222 0.0703125 0.297222 0.0734375 0.302778 0.0734375 0.308333 0.075 0.311111 0.075 0.313889 0.0765625 0.316667 0.0765625 0.325 0.078125 0.327778 0.078125 0.383333 0.0796875 0.386111 0.0796875 0.416667 0.08125 0.419444 0.08125 0.436111 0.0828125 0.438889 0.0828125 0.447222 0.084375 0.45 0.084375 0.458333 0.0875 0.463889 0.0875 0.466667 0.0890625 0.469444 0.0890625 0.472222 0.090625 0.475 0.090625 0.480556 0.0953125 0.488889 0.0953125 0.491667 0.096875 0.494444 0.0984375 0.494444 0.101562 0.5 0.103125 0.5 0.109375 0.511111 0.110937 0.511111 0.114063 0.516667 0.115625 0.516667 0.11875 0.522222 0.120312 0.522222 0.123438 0.527778 0.125 0.527778 0.126563 0.530556 0.128125 0.530556 0.13125 0.536111 0.132812 0.536111 0.135937 0.541667 0.1375 0.541667 0.139062 0.544444 0.140625 0.544444 0.14375 0.55 0.145313 0.55 0.146875 0.552778 0.148438 0.552778 0.15 0.555556 0.151562 0.555556 0.153125 0.558333 0.154687 0.558333 0.15625 0.561111 0.157813 0.561111 0.159375 0.563889 0.160938 0.563889 0.1625 0.566667 0.16875 0.566667 0.170312 0.569444 0.175 0.569444 0.176563 0.572222 0.182812 0.572222 0.184375 0.575 0.195312 0.575 0.196875 0.577778 0.214062 0.577778 0.215625 0.580556 0.223438 0.580556 0.225 0.583333 0.225 0.591667 0.24375 0.591667 0.24375 0.583333 0.245312 0.580556 0.25 0.580556 0.251563 0.583333 0.251563 0.591667 0.253125 0.591667 0.253125 0.583333 0.254687 0.580556 0.265625 0.580556 0.267188 0.577778 0.282813 0.577778 0.284375 0.575 0.30625 0.575 0.307813 0.572222 0.317187 0.572222 0.31875 0.569444 0.329688 0.569444 0.33125 0.566667 0.34375 0.566667 0.345313 0.569444 0.38125 0.569444 0.382812 0.572222 0.384375 0.572222 0.385938 0.569444 0.390625 0.569444 0.392188 0.572222 0.445312 0.572222 0.446875 0.569444 0.48125 0.569444 0.482812 0.572222 0.4875 0.572222 0.489062 0.569444 0.490625 0.569444 0.49375 0.575 0.503125 0.575 0.504687 0.577778 0.509375 0.577778 0.5125 0.583333 0.5125 0.591667 0.528125 0.591667 0.528125 0.580556 0.529688 0.577778 0.529688 0.572222 0.53125 0.569444 0.565625 0.569444 0.567187 0.566667 0.60625 0.566667 0.607813 0.569444 0.61875 0.569444 0.620313 0.566667 0.645312 0.566667 0.646875 0.569444 0.653125 0.569444 0.654688 0.566667 0.667188 0.566667 0.66875 0.563889 0.70625 0.563889 0.707812 0.561111 0.709375 0.561111 0.710938 0.563889 0.721875 0.563889 0.723437 0.566667 0.729688 0.566667 0.73125 0.569444 0.735937 0.569444 0.7375 0.572222 0.742188 0.572222 0.74375 0.575 0.746875 0.575 0.751562 0.583333 0.751562 0.591667 0.915625 0.591667 0.915625 0.577778 0.914062 0.577778 0.9125 0.580556 0.910937 0.580556 0.909375 0.583333 0.907812 0.583333 0.903125 0.575 0.901563 0.575 0.9 0.577778 0.898438 0.577778 0.896875 0.580556 0.895312 0.580556 0.89375 0.577778 0.892187 0.577778 0.890625 0.575 0.889063 0.577778 0.8875 0.577778 0.885938 0.580556 0.88125 0.580556 0.879687 0.577778 0.876562 0.577778 0.875 0.580556 0.873438 0.580556 0.871875 0.583333 0.870313 0.583333 0.865625 0.575 0.864062 0.575 0.8625 0.577778 0.860937 0.577778 0.859375 0.580556 0.857813 0.580556 0.853125 0.572222 0.853125 0.566667 0.854688 0.563889 0.854688 0.561111 0.85625 0.558333 0.857813 0.558333 0.859375 0.555556 0.860937 0.558333 0.8625 0.558333 0.864062 0.561111 0.865625 0.558333 0.867188 0.558333 0.86875 0.555556 0.885938 0.555556 0.8875 0.558333 0.896875 0.558333 0.901563 0.566667 0.903125 0.566667 0.907812 0.558333 0.910937 0.558333 0.9125 0.561111 0.915625 0.561111 0.917188 0.558333 0.921875 0.558333 0.923437 0.561111 0.934375 0.561111 0.935938 0.563889 0.9375 0.563889 0.939062 0.566667 0.940625 0.566667 0.94375 0.572222 0.94375 0.575 0.942187 0.577778 0.942187 0.591667 0.998438 0.591667 0.998438 0
62 0.065625 0.00555556 0.065625 0.0833333 0.0703125 0.0833333 0.071875 0.0861111 0.071875 0.111111 0.0734375 0.113889 0.0734375 0.144444 0.071875 0.147222 0.071875 0.15 0.0734375 0.152778 0.0734375 0.177778 0.071875 0.180556 0.071875 0.186111 0.0703125 0.188889 0.065625 0.188889 0.065625 0.291667 0.071875 0.291667 0.0734375 0.294444 0.0734375 0.297222 0.075 0.3 0.075 0.305556 0.0765625 0.308333 0.0765625 0.311111 0.078125 0.313889 0.078125 0.372222 0.0796875 0.375 0.0796875 0.416667 0.08125 0.419444 0.08125 0.436111 0.0828125 0.438889 0.0828125 0.447222 0.084375 0.45 0.084375 0.458333 0.0859375 0.461111 0.0859375 0.463889 0.0875 0.466667 0.0875 0.469444 0.0890625 0.472222 0.0890625 0.475 0.090625 0.477778 0.090625 0.480556 0.09375 0.486111 0.09375 0.488889 0.096875 0.494444 0.0984375 0.494444 0.101562 0.5 0.103125 0.5 0.107813 0.508333 0.109375 0.508333 0.114063 0.516667 0.115625 0.516667 0.11875 0.522222 0.120312 0.522222 0.123438 0.527778 0.125 0.527778 0.126563 0.530556 0.128125 0.530556 0.13125 0.536111 0.132812 0.536111 0.134375 0.538889 0.135937 0.538889 0.139062 0.544444 0.140625 0.544444 0.14375 0.55 0.145313 0.55 0.146875 0.552778 0.148438 0.552778 0.15 0.555556 0.151562 0.555556 0.153125 0.558333 0.154687 0.558333 0.15625 0.561111 0.157813 0.561111 0.159375 0.563889 0.160938 0.563889 0.1625 0.566667 0.16875 0.566667 0.170312 0.569444 0.175 0.569444 0.176563 0.572222 0.184375 0.572222 0.185937 0.575 0.195312 0.575 0.196875 0.577778 0.2125 0.577778 0.214062 0.580556 0.220313 0.580556 0.221875 0.583333 0.221875 0.591667 0.264062 0.591667 0.264062 0.583333 0.265625 0.580556 0.26875 0.580556 0.270312 0.577778 0.292188 0.577778 0.29375 0.575 0.307813 0.575 0.309375 0.572222 0.317187 0.572222 0.31875 0.569444 0.329688 0.569444 0.33125 0.566667 0.340625 0.566667 0.342187 0.569444 0.378125 0.569444 0.379687 0.572222 0.39375 0.572222 0.395312 0.575 0.4375 0.575 0.439063 0.577778 0.440625 0.577778 0.442187 0.575 0.457812 0.575 0.459375 0.572222 0.4625 0.572222 0.464063 0.569444 0.465625 0.569444 0.467187 0.572222 0.46875 0.572222 0.470313 0.575 0.471875 0.575 0.473437 0.572222 0.475 0.572222 0.476562 0.569444 0.48125 0.577778 0.485938 0.577778 0.4875 0.580556 0.490625 0.580556 0.492188 0.583333 0.492188 0.591667 0.56875 0.591667 0.56875 0.572222 0.570312 0.569444 0.582812 0.569444 0.584375 0.566667 0.585938 0.569444 0.595312 0.569444 0.596875 0.572222 0.598437 0.572222 0.603125 0.580556 0.604688 0.580556 0.60625 0.577778 0.607813 0.577778 0.610937 0.583333 0.610937 0.591667 0.617188 0.591667 0.617188 0.580556 0.620313 0.575 0.623438 0.575 0.625 0.577778 0.628125 0.577778 0.629687 0.575 0.63125 0.575 0.632812 0.572222 0.635938 0.572222 0.639063 0.577778 0.65 0.577778 0.651563 0.580556 0.653125 0.577778 0.654688 0.577778 0.65625 0.575 0.665625 0.575 0.66875 0.569444 0.679688 0.569444 0.68125 0.566667 0.698438 0.566667 0.7 0.569444 0.703125 0.569444 0.704687 0.566667 0.70625 0.566667 0.707812 0.563889 0.709375 0.563889 0.710938 0.566667 0.721875 0.566667 0.723437 0.569444 0.725 0.569444 0.726562 0.572222 0.732813 0.572222 0.734375 0.575 0.735937 0.575 0.739062 0.580556 0.745313 0.580556 0.746875 0.583333 0.746875 0.591667 0.998438 0.591667 0.998438 0.00555556
62 0.065625 0 0.065625 0.0888889 0.0703125 0.0888889 0.071875 0.0916667 0.071875 0.111111 0.0734375 0.113889 0.0734375 0.141667 0.071875 0.144444 0.071875 0.152778 0.0734375 0.155556 0.0734375 0.175 0.071875 0.177778 0.071875 0.186111 0.0703125 0.188889 0.065625 0.188889 0.065625 0.297222 0.0703125 0.297222 0.0734375 0.302778 0.0734375 0.308333 0.075 0.311111 0.075 0.313889 0.0765625 0.316667 0.0765625 0.325 0.078125 0.327778 0.078125 0.383333 0.0796875 0.386111 0.0796875 0.416667 0.08125 0.419444 0.08125 0.436111 0.0828125 0.438889 0.0828125 0.447222 0.084375 0.45 0.084375 0.458333 0.0875 0.463889 0.0875 0.466667 0.0890625 0.469444 0.0890625 0.472222 0.090625 0.475 0.090625 0.480556 0.0953125 0.488889 0.0953125 0.491667 0.096875 0.494444 0.0984375 0.494444 0.101562 0.5 0.103125 0.5 0.109375 0.511111 0.110937 0.511111 0.114063 0.516667 0.115625 0.516667 0.11875 0.522222 0.120312 0.522222 0.123438 0.527778 0.125 0.527778 0.126563 0.530556 0.128125 0.530556 0.13125 0.536111 0.132812 0.536111 0.135937 0.541667 0.1375 0.541667 0.139062 0.544444 0.140625 0.544444 0.14375 0.55 0.145313 0.55 0.146875 0.552778 0.148438 0.552778 0.15 0.555556 0.151562 0.555556 0.153125 0.558333 0.154687 0.558333 0.15625 0.561111 0.157813 0.561111 0.159375 0.563889 0.160938 0.563889 0.1625 0.566667 0.16875 0.566667 0.170312 0.569444 0.175 0.569444 0.176563 0.572222 0.182812 0.572222 0.184375 0.575 0.195312 0.575 0.196875 0.577778 0.214062 0.577778 0.215625 0.580556 0.223438 0.580556 0.225 0.583333 0.225 0.591667 0.24375 0.591667 0.24375 0.583333 0.245312 0.580556 0.25 0.580556 0.251563 0.583333 0.251563 0.591667 0.253125 0.591667 0.253125 0.583333 0.254687 0.580556 0.265625 0.580556 0.267188 0.577778 0.282813 0.577778 0.284375 0.575 0.30625 0.575 0.307813 0.572222 0.317187 0.572222 0.31875 0.569444 0.329688 0.569444 0.33125 0.566667 0.34375 0.566667 0.345313 0.569444 0.38125 0.569444 0.382812 0.572222 0.384375 0.572222 0.385938 0.569444 0.390625 0.569444 0.392188 0.572222 0.445312 0.572222 0.446875 0.569444 0.48125 0.569444 0.482812 0.572222 0.4875 0.572222 0.489062 0.569444 0.490625 0.569444 0.49375 0.575 0.503125 0.575 0.504687 0.577778 0.509375 0.577778 0.5125 0.583333 0.5125 0.591667 0.528125 0.591667 0.528125 0.580556 0.529688 0.577778 0.529688 0.572222 0.53125 0.569444 0.565625 0.569444 0.567187 0.566667 0.60625 0.566667 0.607813 0.569444 0.61875 0.569444 0.620313 0.566667 0.645312 0.566667 0.646875 0.569444 0.653125 0.569444 0.654688 0.566667 0.667188 0.566667 0.66875 0.563889 0.70625 0.563889 0.707812 0.561111 0.709375 0.561111 0.710938 0.563889 0.721875 0.563889 0.723437 0.566667 0.729688 0.566667 0.73125 0.569444 0.735937 0.569444 0.7375 0.572222 0.742188 0.572222 0.74375 0.575 0.746875 0.575 0.751562 0.583333 0.751562 0.591667 0.915625 0.591667 0.915625 0.577778 0.914062 0.577778 0.9125 0.580556 0.910937 0.580556 0.909375 0.583333 0.907812 0.583333 0.903125 0.575 0.901563 0.575 0.9 0.577778 0.898438 0.577778 0.896875 0.580556 0.895312 0.580556 0.89375 0.577778 0.892187 0.577778 0.890625 0.575 0.889063 0.577778 0.8875 0.577778 0.885938 0.580556 0.88125 0.580556 0.879687 0.577778 0.876562 0.577778 0.875 0.580556 0.873438 0.580556 0.871875 0.583333 0.870313 0.583333 0.865625 0.575 0.864062 0.575 0.8625 0.577778 0.860937 0.577778 0.859375 0.580556 0.857813 0.580556 0.853125 0.572222 0.853125 0.566667 0.854688 0.563889 0.854688 0.561111 0.85625 0.558333 0.857813 0.558333 0.859375 0.555556 0.860937 0.558333 0.8625 0.558333 0.864062 0.561111 0.865625 0.558333 0.867188 0.558333 0.86875 0.555556 0.885938 0.555556 0.8875 0.558333 0.896875 0.558333 0.901563 0.566667 0.903125 0.566667 0.907812 0.558333 0.910937 0.558333 0.9125 0.561111 0.915625 0.561111 0.917188 0.558333 0.921875 0.558333 0.923437 0.561111 0.934375 0.561111 0.935938 0.563889 0.9375 0.563889 0.939062 0.566667 0.940625 0.566667 0.94375 0.572222 0.94375 0.575 0.942187 0.577778 0.942187 0.591667 0.998438 0.591667 0.998438 0
62 0.065625 0.00555556 0.065625 0.0833333 0.0703125 0.0833333 0.071875 0.0861111 0.071875 0.111111 0.0734375 0.113889 0.0734375 0.144444 0.071875 0.147222 0.071875 0.15 0.0734375 0.152778 0.0734375 0.177778 0.071875 0.180556 0.071875 0.186111 0.0703125 0.188889 0.065625 0.188889 0.065625 0.291667 0.071875 0.291667 0.0734375 0.294444 0.0734375 0.297222 0.075 0.3 0.075 0.305556 0.0765625 0.308333 0.0765625 0.311111 0.078125 0.313889 0.078125 0.372222 0.0796875 0.375 0.0796875 0.416667 0.08125 0.419444 0.08125 0.436111 0.0828125 0.438889 0.0828125 0.447222 0.084375 0.45 0.084375 0.458333 0.0859375 0.461111 0.0859375 0.463889 0.0875 0.466667 0.0875 0.469444 0.0890625 0.472222 0.0890625 0.475 0.090625 0.477778 0.090625 0.480556 0.09375 0.486111 0.09375 0.488889 0.096875 0.494444 0.0984375 0.494444 0.101562 0.5 0.103125 0.5 0.107813 0.508333 0.109375 0.508333 0.114063 0.516667 0.115625 0.516667 0.11875 0.522222 0.120312 0.522222 0.123438 0.527778 0.125 0.527778 0.126563 0.530556 0.128125 0.530556 0.13125 0.536111 0.132812 0.536111 0.134375 0.538889 0.135937 0.538889 0.139062 0.544444 0.140625 0.544444 0.14375 0.55 0.145313 0.55 0.146875 0.552778 0.148438 0.552778 0.15 0.555556 0.151562 0.555556 0.153125 0.558333 0.154687 0.558333 0.15625 0.561111 0.157813 0.561111 0.159375 0.563889 0.160938 0.563889 0.1625 0.566667 0.16875 0.566667 0.170312 0.569444 0.175 0.569444 0.176563 0.572222 0.184375 0.572222 0.185937 0.575 0.195312 0.575 0.196875 0.577778 0.2125 0.577778 0.214062 0.580556 0.220313 0.580556 0.221875 0.583333 0.221875 0.591667 0.264062 0.591667 0.264062 0.583333 0.265625 0.580556 0.26875 0.580556 0.270312 0.577778 0.292188 0.577778 0.29375 0.575 0.307813 0.575 0.309375 0.572222 0.317187 0.572222 0.31875 0.569444 0.329688 0.569444 0.33125 0.566667 0.340625 0.566667 0.342187 0.569444 0.378125 0.569444 0.379687 0.572222 0.39375 0.572222 0.395312 0.575 0.4375 0.575 0.439063 0.577778 0.440625 0.577778 0.442187 0.575 0.457812 0.575 0.459375 0.572222 0.4625 0.572222 0.464063 0.569444 0.465625 0.569444 0.467187 0.572222 0.46875 0.572222 0.470313 0.575 0.471875 0.575 0.473437 0.572222 0.475 0.572222 0.476562 0.569444 0.48125 0.577778 0.485938 0.577778 0.4875 0.580556 0.490625 0.580556 0.492188 0.583333 0.492188 0.591667 0.56875 0.591667 0.56875 0.572222 0.570312 0.569444 0.582812 0.569444 0.584375 0.566667 0.585938 0.569444 0.595312 0.569444 0.596875 0.572222 0.598437 0.572222 0.603125 0.580556 0.604688 0.580556 0.60625 0.577778 0.607813 0.577778 0.610937 0.583333 0.610937 0.591667 0.617188 0.591667 0.617188 0.580556 0.620313 0.575 0.623438 0.575 0.625 0.577778 0.628125 0.577778 0.629687 0.575 0.63125 0.575 0.632812 0.572222 0.635938 0.572222 0.639063 0.577778 0.65 0.577778 0.651563 0.580556 0.653125 0.577778 0.654688 0.577778 0.65625 0.575 0.665625 0.575 0.66875 0.569444 0.679688 0.569444 0.68125 0.566667 0.698438 0.566667 0.7 0.569444 0.703125 0.569444 0.704687 0.566667 0.70625 0.566667 0.707812 0.563889 0.709375 0.563889 0.710938 0.566667 0.721875 0.566667 0.723437 0.569444 0.725 0.569444 0.726562 0.572222 0.732813 0.572222 0.734375 0.575 0.735937 0.575 0.739062 0.580556 0.745313 0.580556 0.746875 0.583333 0.746875 0.591667 0.998438 0.591667 0.998438 0.00555556
62 0.065625 0 0.065625 0.0888889 0.0703125 0.0888889 0.071875 0.0916667 0.071875 0.111111 0.0734375 0.113889 0.0734375 0.141667 0.071875 0.144444 0.071875 0.152778 0.0734375 0.155556 0.0734375 0.175 0.071875 0.177778 0.071875 0.186111 0.0703125 0.188889 0.065625 0.188889 0.065625 0.297222 0.0703125 0.297222 0.0734375 0.302778 0.0734375 0.308333 0.075 0.311111 0.075 0.313889 0.0765625 0.316667 0.0765625 0.325 0.078125 0.327778 0.078125 0.383333 0.0796875 0.386111 0.0796875 0.416667 0.08125 0.419444 0.08125 0.436111 0.0828125 0.438889 0.0828125 0.447222 0.084375 0.45 0.084375 0.458333 0.0875 0.463889 0.0875 0.466667 0.0890625 0.469444 0.0890625 0.472222 0.090625 0.475 0.090625 0.480556 0.0953125 0.488889 0.0953125 0.491667 0.096875 0.494444 0.0984375 0.494444 0.101562 0.5 0.103125 0.5 0.109375 0.511111 0.110937 0.511111 0.114063 0.516667 0.115625 0.516667 0.11875 0.522222 0.120312 0.522222 0.123438 0.527778 0.125 0.527778 0.126563 0.530556 0.128125 0.530556 0.13125 0.536111 0.132812 0.536111 0.135937 0.541667 0.1375 0.541667 0.139062 0.544444 0.140625 0.544444 0.14375 0.55 0.145313 0.55 0.146875 0.552778 0.148438 0.552778 0.15 0.555556 0.151562 0.555556 0.153125 0.558333 0.154687 0.558333 0.15625 0.561111 0.157813 0.561111 0.159375 0.563889 0.160938 0.563889 0.1625 0.566667 0.16875 0.566667 0.170312 0.569444 0.175 0.569444 0.176563 0.572222 0.182812 0.572222 0.184375 0.575 0.195312 0.575 0.196875 0.577778 0.214062 0.577778 0.215625 0.580556 0.223438 0.580556 0.225 0.583333 0.225 0.591667 0.24375 0.591667 0.24375 0.583333 0.245312 0.580556 0.25 0.580556 0.251563 0.583333 0.251563 0.591667 0.253125 0.591667 0.253125 0.583333 0.254687 0.580556 0.265625 0.580556 0.267188 0.577778 0.282813 0.577778 0.284375 0.575 0.30625 0.575 0.307813 0.572222 0.317187 0.572222 0.31875 0.569444 0.329688 0.569444 0.33125 0.566667 0.34375 0.566667 0.345313 0.569444 0.38125 0.569444 0.382812 0.572222 0.384375 0.572222 0.385938 0.569444 0.390625 0.569444 0.392188 0.572222 0.445312 0.572222 0.446875 0.569444 0.48125 0.569444 0.482812 0.572222 0.4875 0.572222 0.489062 0.569444 0.490625 0.569444 0.49375 0.575 0.503125 0.575 0.504687 0.577778 0.509375 0.577778 0.5125 0.583333 0.5125 0.591667 0.528125 0.591667 0.528125 0.580556 0.529688 0.577778 0.529688 0.572222 0.53125 0.569444 0.565625 0.569444 0.567187 0.566667 0.60625 0.566667 0.607813 0.569444 0.61875 0.569444 0.620313 0.566667 0.645312 0.566667 0.646875 0.569444 0.653125 0.569444 0.654688 0.566667 0.667188 0.566667 0.66875 0.563889 0.70625 0.563889 0.707812 0.561111 0.709375 0.561111 0.710938 0.563889 0.721875 0.563889 0.723437 0.566667 0.729688 0.566667 0.73125 0.569444 0.735937 0.569444 0.7375 0.572222 0.742188 0.572222 0.74375 0.575 0.746875 0.575 0.751562 0.583333 0.751562 0.591667 0.915625 0.591667 0.915625 0.577778 0.914062 0.577778 0.9125 0.580556 0.910937 0.580556 0.909375 0.583333 0.907812 0.583333 0.903125 0.575 0.901563 0.575 0.9 0.577778 0.898438 0.577778 0.896875 0.580556 0.895312 0.580556 0.89375 0.577778 0.892187 0.577778 0.890625 0.575 0.889063 0.577778 0.8875 0.577778 0.885938 0.580556 0.88125 0.580556 0.879687 0.577778 0.876562 0.577778 0.875 0.580556 0.873438 0.580556 0.871875 0.583333 0.870313 0.583333 0.865625 0.575 0.864062 0.575 0.8625 0.577778 0.860937 0.577778 0.859375 0.580556 0.857813 0.580556 0.853125 0.572222 0.853125 0.566667 0.854688 0.563889 0.854688 0.561111 0.85625 0.558333 0.857813 0.558333 0.859375 0.555556 0.860937 0.558333 0.8625 0.558333 0.864062 0.561111 0.865625 0.558333 0.867188 0.558333 0.86875 0.555556 0.885938 0.555556 0.8875 0.558333 0.896875 0.558333 0.901563 0.566667 0.903125 0.566667 0.907812 0.558333 0.910937 0.558333 0.9125 0.561111 0.915625 0.561111 0.917188 0.558333 0.921875 0.558333 0.923437 0.561111 0.934375 0.561111 0.935938 0.563889 0.9375 0.563889 0.939062 0.566667 0.940625 0.566667 0.94375 0.572222 0.94375 0.575 0.942187 0.577778 0.942187 0.591667 0.998438 0.591667 0.998438 0
62 0.065625 0.00555556 0.065625 0.0833333 0.0703125 0.0833333 0.071875 0.0861111 0.071875 0.111111 0.0734375 0.113889 0.0734375 0.144444 0.071875 0.147222 0.071875 0.15 0.0734375 0.152778 0.0734375 0.177778 0.071875 0.180556 0.071875 0.186111 0.0703125 0.188889 0.065625 0.188889 0.065625 0.291667 0.071875 0.291667 0.0734375 0.294444 0.0734375 0.297222 0.075 0.3 0.075 0.305556 0.0765625 0.308333 0.0765625 0.311111 0.078125 0.313889 0.078125 0.372222 0.0796875 0.375 0.0796875 0.416667 0.08125 0.419444 0.08125 0.436111 0.0828125 0.438889 0.0828125 0.447222 0.084375 0.45 0.084375 0.458333 0.0859375 0.461111 0.0859375 0.463889 0.0875 0.466667 0.0875 0.469444 0.0890625 0.472222 0.0890625 0.475 0.090625 0.477778 0.090625 0.480556 0.09375 0.486111 0.09375 0.488889 0.096875 0.494444 0.0984375 0.494444 0.101562 0.5 0.103125 0.5 0.107813 0.508333 0.109375 0.508333 0.114063 0.516667 0.115625 0.516667 0.11875 0.522222 0.120312 0.522222 0.123438 0.527778 0.125 0.527778 0.126563 0.530556 0.128125 0.530556 0.13125 0.536111 0.132812 0.536111 0.134375 0.538889 0.135937 0.538889 0.139062 0.544444 0.140625 0.544444 0.14375 0.55 0.145313 0.55 0.146875 0.552778 0.148438 0.552778 0.15 0.555556 0.151562 0.555556 0.153125 0.558333 0.154687 0.558333 0.15625 0.561111 0.157813 0.561111 0.159375 0.563889 0.160938 0.563889 0.1625 0.566667 0.16875 0.566667 0.170312 0.569444 0.175 0.569444 0.176563 0.572222 0.184375 0.572222 0.185937 0.575 0.195312 0.575 0.196875 0.577778 0.2125 0.577778 0.214062 0.580556 0.220313 0.580556 0.221875 0.583333 0.221875 0.591667 0.264062 0.591667 0.264062 0.583333 0.265625 0.580556 0.26875 0.580556 0.270312 0.577778 0.292188 0.577778 0.29375 0.575 0.307813 0.575 0.309375 0.572222 0.317187 0.572222 0.31875 0.569444 0.329688 0.569444 0.33125 0.566667 0.340625 0.566667 0.342187 0.569444 0.378125 0.569444 0.379687 0.572222 0.39375 0.572222 0.395312 0.575 0.4375 0.575 0.439063 0.577778 0.440625 0.577778 0.442187 0.575 0.457812 0.575 0.459375 0.572222 0.4625 0.572222 0.464063 0.569444 0.465625 0.569444 0.467187 0.572222 0.46875 0.572222 0.470313 0.575 0.471875 0.575 0.473437 0.572222 0.475 0.572222 0.476562 0.569444 0.48125 0.577778 0.485938 0.577778 0.4875 0.580556 0.490625 0.580556 0.492188 0.583333 0.492188 0.591667 0.56875 0.591667 0.56875 0.572222 0.570312 0.569444 0.582812 0.569444 0.584375 0.566667 0.585938 0.569444 0.595312 0.569444 0.596875 0.572222 0.598437 0.572222 0.603125 0.580556 0.604688 0.580556 0.60625 0.577778 0.607813 0.577778 0.610937 0.583333 0.610937 0.591667 0.617188 0.591667 0.617188 0.580556 0.620313 0.575 0.623438 0.575 0.625 0.577778 0.628125 0.577778 0.629687 0.575 0.63125 0.575 0.632812 0.572222 0.635938 0.572222 0.639063 0.577778 0.65 0.577778 0.651563 0.580556 0.653125 0.577778 0.654688 0.577778 0.65625 0.575 0.665625 0.575 0.66875 0.569444 0.679688 0.569444 0.68125 0.566667 0.698438 0.566667 0.7 0.569444 0.703125 0.569444 0.704687 0.566667 0.70625 0.566667 0.707812 0.563889 0.709375 0.563889 0.710938 0.566667 0.721875 0.566667 0.723437 0.569444 0.725 0.569444 0.726562 0.572222 0.732813 0.572222 0.734375 0.575 0.735937 0.575 0.739062 0.580556 0.745313 0.580556 0.746875 0.583333 0.746875 0.591667 0.998438 0.591667 0.998438 0.00555556
62 0.065625 0 0.065625 0.0888889 0.0703125 0.0888889 0.071875 0.0916667 0.071875 0.111111 0.0734375 0.113889 0.0734375 0.141667 0.071875 0.144444 0.071875 0.152778 0.0734375 0.155556 0.0734375 0.175 0.071875 0.177778 0.071875 0.186111 0.0703125 0.188889 0.065625 0.188889 0.065625 0.297222 0.0703125 0.297222 0.0734375 0.302778 0.0734375 0.308333 0.075 0.311111 0.075 0.313889 0.0765625 0.316667 0.0765625 0.325 0.078125 0.327778 0.078125 0.383333 0.0796875 0.386111 0.0796875 0.416667 0.08125 0.419444 0.08125 0.436111 0.0828125 0.438889 0.0828125 0.447222 0.084375 0.45 0.084375 0.458333 0.0875 0.463889 0.0875 0.466667 0.0890625 0.469444 0.0890625 0.472222 0.090625 0.475 0.090625 0.480556 0.0953125 0.488889 0.0953125 0.491667 0.096875 0.494444 0.0984375 0.494444 0.101562 0.5 0.103125 0.5 0.109375 0.511111 0.110937 0.511111 0.114063 0.516667 0.115625 0.516667 0.11875 0.522222 0.120312 0.522222 0.123438 0.527778 0.125 0.527778 0.126563 0.530556 0.128125 0.530556 0.13125 0.536111 0.132812 0.536111 0.135937 0.541667 0.1375 0.541667 0.139062 0.544444 0.140625 0.544444 0.14375 0.55 0.145313 0.55 0.146875 0.552778 0.148438 0.552778 0.15 0.555556 0.151562 0.555556 0.153125 0.558333 0.154687 0.558333 0.15625 0.561111 0.157813 0.561111 0.159375 0.563889 0.160938 0.563889 0.1625 0.566667 0.16875 0.566667 0.170312 0.569444 0.175 0.569444 0.176563 0.572222 0.182812 0.572222 0.184375 0.575 0.195312 0.575 0.196875 0.577778 0.214062 0.577778 0.215625 0.580556 0.223438 0.580556 0.225 0.583333 0.225 0.591667 0.24375 0.591667 0.24375 0.583333 0.245312 0.580556 0.25 0.580556 0.251563 0.583333 0.251563 0.591667 0.253125 0.591667 0.253125 0.583333 0.254687 0.580556 0.265625 0.580556 0.267188 0.577778 0.282813 0.577778 0.284375 0.575 0.30625 0.575 0.307813 0.572222 0.317187 0.572222 0.31875 0.569444 0.329688 0.569444 0.33125 0.566667 0.34375 0.566667 0.345313 0.569444 0.38125 0.569444 0.382812 0.572222 0.384375 0.572222 0.385938 0.569444 0.390625 0.569444 0.392188 0.572222 0.445312 0.572222 0.446875 0.569444 0.48125 0.569444 0.482812 0.572222 0.4875 0.572222 0.489062 0.569444 0.490625 0.569444 0.49375 0.575 0.503125 0.575 0.504687 0.577778 0.509375 0.577778 0.5125 0.583333 0.5125 0.591667 0.528125 0.591667 0.528125 0.580556 0.529688 0.577778 0.529688 0.572222 0.53125 0.569444 0.565625 0.569444 0.567187 0.566667 0.60625 0.566667 0.607813 0.569444 0.61875 0.569444 0.620313 0.566667 0.645312 0.566667 0.646875 0.569444 0.653125 0.569444 0.654688 0.566667 0.667188 0.566667 0.66875 0.563889 0.70625 0.563889 0.707812 0.561111 0.709375 0.561111 0.710938 0.563889 0.721875 0.563889 0.723437 0.566667 0.729688 0.566667 0.73125 0.569444 0.735937 0.569444 0.7375 0.572222 0.742188 0.572222 0.74375 0.575 0.746875 0.575 0.751562 0.583333 0.751562 0.591667 0.915625 0.591667 0.915625 0.577778 0.914062 0.577778 0.9125 0.580556 0.910937 0.580556 0.909375 0.583333 0.907812 0.583333 0.903125 0.575 0.901563 0.575 0.9 0.577778 0.898438 0.577778 0.896875 0.580556 0.895312 0.580556 0.89375 0.577778 0.892187 0.577778 0.890625 0.575 0.889063 0.577778 0.8875 0.577778 0.885938 0.580556 0.88125 0.580556 0.879687 0.577778 0.876562 0.577778 0.875 0.580556 0.873438 0.580556 0.871875 0.583333 0.870313 0.583333 0.865625 0.575 0.864062 0.575 0.8625 0.577778 0.860937 0.577778 0.859375 0.580556 0.857813 0.580556 0.853125 0.572222 0.853125 0.566667 0.854688 0.563889 0.854688 0.561111 0.85625 0.558333 0.857813 0.558333 0.859375 0.555556 0.860937 0.558333 0.8625 0.558333 0.864062 0.561111 0.865625 0.558333 0.867188 0.558333 0.86875 0.555556 0.885938 0.555556 0.8875 0.558333 0.896875 0.558333 0.901563 0.566667 0.903125 0.566667 0.907812 0.558333 0.910937 0.558333 0.9125 0.561111 0.915625 0.561111 0.917188 0.558333 0.921875 0.558333 0.923437 0.561111 0.934375 0.561111 0.935938 0.563889 0.9375 0.563889 0.939062 0.566667 0.940625 0.566667 0.94375 0.572222 0.94375 0.575 0.942187 0.577778 0.942187 0.591667 0.998438 0.591667 0.998438 0
62 0.065625 0.00555556 0.065625 0.0833333 0.0703125 0.0833333 0.071875 0.0861111 0.071875 0.111111 0.0734375 0.113889 0.0734375 0.144444 0.071875 0.147222 0.071875 0.15 0.0734375 0.152778 0.0734375 0.177778 0.071875 0.180556 0.071875 0.186111 0.0703125 0.188889 0.065625 0.188889 0.065625 0.291667 0.071875 0.291667 0.0734375 0.294444 0.0734375 0.297222 0.075 0.3 0.075 0.305556 0.0765625 0.308333 0.0765625 0.311111 0.078125 0.313889 0.078125 0.372222 0.0796875 0.375 0.0796875 0.416667 0.08125 0.419444 0.08125 0.436111 0.0828125 0.438889 0.0828125 0.447222 0.084375 0.45 0.084375 0.458333 0.0859375 0.461111 0.0859375 0.463889 0.0875 0.466667 0.0875 0.469444 0.0890625 0.472222 0.0890625 0.475 0.090625 0.477778 0.090625 0.480556 0.09375 0.486111 0.09375 0.488889 0.096875 0.494444 0.0984375 0.494444 0.101562 0.5 0.103125 0.5 0.107813 0.508333 0.109375 0.508333 0.114063 0.516667 0.115625 0.516667 0.11875 0.522222 0.120312 0.522222 0.123438 0.527778 0.125 0.527778 0.126563 0.530556 0.128125 0.530556 0.13125 0.536111 0.132812 0.536111 0.134375 0.538889 0.135937 0.538889 0.139062 0.544444 0.140625 0.544444 0.14375 0.55 0.145313 0.55 0.146875 0.552778 0.148438 0.552778 0.15 0.555556 0.151562 0.555556 0.153125 0.558333 0.154687 0.558333 0.15625 0.561111 0.157813 0.561111 0.159375 0.563889 0.160938 0.563889 0.1625 0.566667 0.16875 0.566667 0.170312 0.569444 0.175 0.569444 0.176563 0.572222 0.184375 0.572222 0.185937 0.575 0.195312 0.575 0.196875 0.577778 0.2125 0.577778 0.214062 0.580556 0.220313 0.580556 0.221875 0.583333 0.221875 0.591667 0.264062 0.591667 0.264062 0.583333 0.265625 0.580556 0.26875 0.580556 0.270312 0.577778 0.292188 0.577778 0.29375 0.575 0.307813 0.575 0.309375 0.572222 0.317187 0.572222 0.31875 0.569444 0.329688 0.569444 0.33125 0.566667 0.340625 0.566667 0.342187 0.569444 0.378125 0.569444 0.379687 0.572222 0.39375 0.572222 0.395312 0.575 0.4375 0.575 0.439063 0.577778 0.440625 0.577778 0.442187 0.575 0.457812 0.575 0.459375 0.572222 0.4625 0.572222 0.464063 0.569444 0.465625 0.569444 0.467187 0.572222 0.46875 0.572222 0.470313 0.575 0.471875 0.575 0.473437 0.572222 0.475 0.572222 0.476562 0.569444 0.48125 0.577778 0.485938 0.577778 0.4875 0.580556 0.490625 0.580556 0.492188 0.583333 0.492188 0.591667 0.56875 0.591667 0.56875 0.572222 0.570312 0.569444 0.582812 0.569444 0.584375 0.566667 0.585938 0.569444 0.595312 0.569444 0.596875 0.572222 0.598437 0.572222 0.603125 0.580556 0.604688 0.580556 0.60625 0.577778 0.607813 0.577778 0.610937 0.583333 0.610937 0.591667 0.617188 0.591667 0.617188 0.580556 0.620313 0.575 0.623438 0.575 0.625 0.577778 0.628125 0.577778 0.629687 0.575 0.63125 0.575 0.632812 0.572222 0.635938 0.572222 0.639063 0.577778 0.65 0.577778 0.651563 0.580556 0.653125 0.577778 0.654688 0.577778 0.65625 0.575 0.665625 0.575 0.66875 0.569444 0.679688 0.569444 0.68125 0.566667 0.698438 0.566667 0.7 0.569444 0.703125 0.569444 0.704687 0.566667 0.70625 0.566667 0.707812 0.563889 0.709375 0.563889 0.710938 0.566667 0.721875 0.566667 0.723437 0.569444 0.725 0.569444 0.726562 0.572222 0.732813 0.572222 0.734375 0.575 0.735937 0.575 0.739062 0.580556 0.745313 0.580556 0.746875 0.583333 0.746875 0.591667 0.998438 0.591667 0.998438 0.00555556
62 0.065625 0 0.065625 0.0888889 0.0703125 0.0888889 0.071875 0.0916667 0.071875 0.111111 0.0734375 0.113889 0.0734375 0.141667 0.071875 0.144444 0.071875 0.152778 0.0734375 0.155556 0.0734375 0.175 0.071875 0.177778 0.071875 0.186111 0.0703125 0.188889 0.065625 0.188889 0.065625 0.297222 0.0703125 0.297222 0.0734375 0.302778 0.0734375 0.308333 0.075 0.311111 0.075 0.313889 0.0765625 0.316667 0.0765625 0.325 0.078125 0.327778 0.078125 0.383333 0.0796875 0.386111 0.0796875 0.416667 0.08125 0.419444 0.08125 0.436111 0.0828125 0.438889 0.0828125 0.447222 0.084375 0.45 0.084375 0.458333 0.0875 0.463889 0.0875 0.466667 0.0890625 0.469444 0.0890625 0.472222 0.090625 0.475 0.090625 0.480556 0.0953125 0.488889 0.0953125 0.491667 0.096875 0.494444 0.0984375 0.494444 0.101562 0.5 0.103125 0.5 0.109375 0.511111 0.110937 0.511111 0.114063 0.516667 0.115625 0.516667 0.11875 0.522222 0.120312 0.522222 0.123438 0.527778 0.125 0.527778 0.126563 0.530556 0.128125 0.530556 0.13125 0.536111 0.132812 0.536111 0.135937 0.541667 0.1375 0.541667 0.139062 0.544444 0.140625 0.544444 0.14375 0.55 0.145313 0.55 0.146875 0.552778 0.148438 0.552778 0.15 0.555556 0.151562 0.555556 0.153125 0.558333 0.154687 0.558333 0.15625 0.561111 0.157813 0.561111 0.159375 0.563889 0.160938 0.563889 0.1625 0.566667 0.16875 0.566667 0.170312 0.569444 0.175 0.569444 0.176563 0.572222 0.182812 0.572222 0.184375 0.575 0.195312 0.575 0.196875 0.577778 0.214062 0.577778 0.215625 0.580556 0.223438 0.580556 0.225 0.583333 0.225 0.591667 0.24375 0.591667 0.24375 0.583333 0.245312 0.580556 0.25 0.580556 0.251563 0.583333 0.251563 0.591667 0.253125 0.591667 0.253125 0.583333 0.254687 0.580556 0.265625 0.580556 0.267188 0.577778 0.282813 0.577778 0.284375 0.575 0.30625 0.575 0.307813 0.572222 0.317187 0.572222 0.31875 0.569444 0.329688 0.569444 0.33125 0.566667 0.34375 0.566667 0.345313 0.569444 0.38125 0.569444 0.382812 0.572222 0.384375 0.572222 0.385938 0.569444 0.390625 0.569444 0.392188 0.572222 0.445312 0.572222 0.446875 0.569444 0.48125 0.569444 0.482812 0.572222 0.4875 0.572222 0.489062 0.569444 0.490625 0.569444 0.49375 0.575 0.503125 0.575 0.504687 0.577778 0.509375 0.577778 0.5125 0.583333 0.5125 0.591667 0.528125 0.591667 0.528125 0.580556 0.529688 0.577778 0.529688 0.572222 0.53125 0.569444 0.565625 0.569444 0.567187 0.566667 0.60625 0.566667 0.607813 0.569444 0.61875 0.569444 0.620313 0.566667 0.645312 0.566667 0.646875 0.569444 0.653125 0.569444 0.654688 0.566667 0.667188 0.566667 0.66875 0.563889 0.70625 0.563889 0.707812 0.561111 0.709375 0.561111 0.710938 0.563889 0.721875 0.563889 0.723437 0.566667 0.729688 0.566667 0.73125 0.569444 0.735937 0.569444 0.7375 0.572222 0.742188 0.572222 0.74375 0.575 0.746875 0.575 0.751562 0.583333 0.751562 0.591667 0.915625 0.591667 0.915625 0.577778 0.914062 0.577778 0.9125 0.580556 0.910937 0.580556 0.909375 0.583333 0.907812 0.583333 0.903125 0.575 0.901563 0.575 0.9 0.577778 0.898438 0.577778 0.896875 0.580556 0.895312 0.580556 0.89375 0.577778 0.892187 0.577778 0.890625 0.575 0.889063 0.577778 0.8875 0.577778 0.885938 0.580556 0.88125 0.580556 0.879687 0.577778 0.876562 0.577778 0.875 0.580556 0.873438 0.580556 0.871875 0.583333 0.870313 0.583333 0.865625 0.575 0.864062 0.575 0.8625 0.577778 0.860937 0.577778 0.859375 0.580556 0.857813 0.580556 0.853125 0.572222 0.853125 0.566667 0.854688 0.563889 0.854688 0.561111 0.85625 0.558333 0.857813 0.558333 0.859375 0.555556 0.860937 0.558333 0.8625 0.558333 0.864062 0.561111 0.865625 0.558333 0.867188 0.558333 0.86875 0.555556 0.885938 0.555556 0.8875 0.558333 0.896875 0.558333 0.901563 0.566667 0.903125 0.566667 0.907812 0.558333 0.910937 0.558333 0.9125 0.561111 0.915625 0.561111 0.917188 0.558333 0.921875 0.558333 0.923437 0.561111 0.934375 0.561111 0.935938 0.563889 0.9375 0.563889 0.939062 0.566667 0.940625 0.566667 0.94375 0.572222 0.94375 0.575 0.942187 0.577778 0.942187 0.591667 0.998438 0.591667 0.998438 0
62 0.065625 0.00555556 0.065625 0.0833333 0.0703125 0.0833333 0.071875 0.0861111 0.071875 0.111111 0.0734375 0.113889 0.0734375 0.144444 0.071875 0.147222 0.071875 0.15 0.0734375 0.152778 0.0734375 0.177778 0.071875 0.180556 0.071875 0.186111 0.0703125 0.188889 0.065625 0.188889 0.065625 0.291667 0.071875 0.291667 0.0734375 0.294444 0.0734375 0.297222 0.075 0.3 0.075 0.305556 0.0765625 0.308333 0.0765625 0.311111 0.078125 0.313889 0.078125 0.372222 0.0796875 0.375 0.0796875 0.416667 0.08125 0.419444 0.08125 0.436111 0.0828125 0.438889 0.0828125 0.447222 0.084375 0.45 0.084375 0.458333 0.0859375 0.461111 0.0859375 0.463889 0.0875 0.466667 0.0875 0.469444 0.0890625 0.472222 0.0890625 0.475 0.090625 0.477778 0.090625 0.480556 0.09375 0.486111 0.09375 0.488889 0.096875 0.494444 0.0984375 0.494444 0.101562 0.5 0.103125 0.5 0.107813 0.508333 0.109375 0.508333 0.114063 0.516667 0.115625 0.516667 0.11875 0.522222 0.120312 0.522222 0.123438 0.527778 0.125 0.527778 0.126563 0.530556 0.128125 0.530556 0.13125 0.536111 0.132812 0.536111 0.134375 0.538889 0.135937 0.538889 0.139062 0.544444 0.140625 0.544444 0.14375 0.55 0.145313 0.55 0.146875 0.552778 0.148438 0.552778 0.15 0.555556 0.151562 0.555556 0.153125 0.558333 0.154687 0.558333 0.15625 0.561111 0.157813 0.561111 0.159375 0.563889 0.160938 0.563889 0.1625 0.566667 0.16875 0.566667 0.170312 0.569444 0.175 0.569444 0.176563 0.572222 0.184375 0.572222 0.185937 0.575 0.195312 0.575 0.196875 0.577778 0.2125 0.577778 0.214062 0.580556 0.220313 0.580556 0.221875 0.583333 0.221875 0.591667 0.264062 0.591667 0.264062 0.583333 0.265625 0.580556 0.26875 0.580556 0.270312 0.577778 0.292188 0.577778 0.29375 0.575 0.307813 0.575 0.309375 0.572222 0.317187 0.572222 0.31875 0.569444 0.329688 0.569444 0.33125 0.566667 0.340625 0.566667 0.342187 0.569444 0.378125 0.569444 0.379687 0.572222 0.39375 0.572222 0.395312 0.575 0.4375 0.575 0.439063 0.577778 0.440625 0.577778 0.442187 0.575 0.457812 0.575 0.459375 0.572222 0.4625 0.572222 0.464063 0.569444 0.465625 0.569444 0.467187 0.572222 0.46875 0.572222 0.470313 0.575 0.471875 0.575 0.473437 0.572222 0.475 0.572222 0.476562 0.569444 0.48125 0.577778 0.485938 0.577778 0.4875 0.580556 0.490625 0.580556 0.492188 0.583333 0.492188 0.591667 0.56875 0.591667 0.56875 0.572222 0.570312 0.569444 0.582812 0.569444 0.584375 0.566667 0.585938 0.569444 0.595312 0.569444 0.596875 0.572222 0.598437 0.572222 0.603125 0.580556 0.604688 0.580556 0.60625 0.577778 0.607813 0.577778 0.610937 0.583333 0.610937 0.591667 0.617188 0.591667 0.617188 0.580556 0.620313 0.575 0.623438 0.575 0.625 0.577778 0.628125 0.577778 0.629687 0.575 0.63125 0.575 0.632812 0.572222 0.635938 0.572222 0.639063 0.577778 0.65 0.577778 0.651563 0.580556 0.653125 0.577778 0.654688 0.577778 0.65625 0.575 0.665625 0.575 0.66875 0.569444 0.679688 0.569444 0.68125 0.566667 0.698438 0.566667 0.7 0.569444 0.703125 0.569444 0.704687 0.566667 0.70625 0.566667 0.707812 0.563889 0.709375 0.563889 0.710938 0.566667 0.721875 0.566667 0.723437 0.569444 0.725 0.569444 0.726562 0.572222 0.732813 0.572222 0.734375 0.575 0.735937 0.575 0.739062 0.580556 0.745313 0.580556 0.746875 0.583333 0.746875 0.591667 0.998438 0.591667 0.998438 0.00555556
