0 0.084375 0.138889 0.084375 0.147222 0.08125 0.152778 0.0796875 0.152778 0.078125 0.155556 0.0765625 0.155556 0.075 0.158333 0.071875 0.158333 0.0703125 0.161111 0.0671875 0.161111 0.065625 0.163889 0.0640625 0.163889 0.0625 0.166667 0.0609375 0.166667 0.059375 0.169444 0.0578125 0.169444 0.0546875 0.175 0.053125 0.175 0.0515625 0.177778 0.05 0.177778 0.0484375 0.180556 0.046875 0.180556 0.0390625 0.194444 0.0375 0.194444 0.0359375 0.197222 0.03125 0.197222 0.0296875 0.194444 0.0265625 0.194444 0.025 0.191667 0.0234375 0.191667 0.021875 0.188889 0.0203125 0.188889 0.01875 0.186111 0.0171875 0.186111 0.0140625 0.180556 0.0125 0.180556 0.0109375 0.177778 0.003125 0.177778 0.003125 0.347222 0.0125 0.347222 0.0140625 0.35 0.021875 0.35 0.0234375 0.347222 0.025 0.347222 0.0265625 0.344444 0.028125 0.344444 0.0296875 0.341667 0.034375 0.341667 0.0359375 0.344444 0.0390625 0.344444 0.040625 0.347222 0.0421875 0.347222 0.04375 0.35 0.0453125 0.35 0.046875 0.352778 0.0484375 0.352778 0.05 0.355556 0.053125 0.355556 0.0546875 0.358333 0.05625 0.358333 0.0578125 0.361111 0.0609375 0.361111 0.0625 0.363889 0.065625 0.363889 0.0671875 0.366667 0.071875 0.366667 0.0734375 0.369444 0.078125 0.369444 0.0796875 0.372222 0.0828125 0.372222 0.084375 0.375 0.0875 0.375 0.0890625 0.377778 0.090625 0.377778 0.09375 0.383333 0.09375 0.391667 0.110937 0.391667 0.110937 0.380556 0.1125 0.377778 0.1125 0.366667 0.109375 0.361111 0.109375 0.355556 0.107813 0.352778 0.107813 0.35 0.10625 0.347222 0.107813 0.344444 0.110937 0.344444 0.1125 0.347222 0.115625 0.347222 0.117188 0.35 0.134375 0.35 0.134375 0.347222 0.129688 0.347222 0.128125 0.344444 0.114063 0.344444 0.1125 0.341667 0.1125 0.338889 0.110937 0.336111 0.109375 0.336111 0.107813 0.333333 0.107813 0.330556 0.10625 0.327778 0.109375 0.322222 0.1125 0.322222 0.114063 0.319444 0.13125 0.319444 0.132812 0.316667 0.140625 0.316667 0.142188 0.313889 0.140625 0.311111 0.140625 0.308333 0.1375 0.302778 0.134375 0.302778 0.132812 0.3 0.129688 0.3 0.128125 0.297222 0.125 0.297222 0.123438 0.294444 0.121875 0.294444 0.120312 0.291667 0.11875 0.291667 0.114063 0.283333 0.114063 0.280556 0.115625 0.277778 0.117188 0.277778 0.11875 0.275 0.129688 0.275 0.13125 0.277778 0.142188 0.277778 0.14375 0.275 0.151562 0.275 0.151562 0.255556 0.14375 0.255556 0.140625 0.25 0.1375 0.25 0.135937 0.247222 0.134375 0.247222 0.132812 0.244444 0.126563 0.244444 0.125 0.241667 0.120312 0.241667 0.11875 0.238889 0.114063 0.238889 0.1125 0.236111 0.110937 0.236111 0.109375 0.233333 0.107813 0.233333 0.10625 0.230556 0.104687 0.230556 0.0953125 0.213889 0.0953125 0.211111 0.09375 0.208333 0.09375 0.194444 0.096875 0.188889 0.0984375 0.188889 0.1 0.186111 0.101562 0.186111 0.103125 0.183333 0.104687 0.183333 0.1125 0.169444 0.1125 0.166667 0.117188 0.158333 0.117188 0.152778 0.11875 0.15 0.11875 0.138889
0 0.13125 0.347222 0.132812 0.35 0.13125 0.347222 0.125 0.347222 0.13125 0.347222 0.134375 0.319444 0.135937 0.316667 0.140625 0.316667 0.142188 0.313889 0.140625 0.311111 0.140625 0.308333 0.1375 0.302778 0.135937 0.302778 0.134375 0.3 0.13125 0.3 0.128125 0.294444 0.125 0.294444 0.123438 0.291667 0.120312 0.291667 0.117188 0.286111 0.115625 0.286111 0.114063 0.283333 0.114063 0.280556 0.115625 0.277778 0.117188 0.277778 0.11875 0.275 0.129688 0.275 0.13125 0.277778 0.142188 0.277778 0.14375 0.275 0.151562 0.275 0.151562 0.258333 0.145313 0.258333 0.142188 0.252778 0.140625 0.252778 0.139062 0.25 0.1375 0.25 0.135937 0.247222 0.13125 0.247222 0.129688 0.244444 0.125 0.244444 0.123438 0.241667 0.11875 0.241667 0.117188 0.238889 0.114063 0.238889 0.1125 0.236111 0.110937 0.236111 0.109375 0.233333 0.107813 0.233333 0.10625 0.230556 0.104687 0.230556 0.0953125 0.213889 0.0953125 0.211111 0.09375 0.208333 0.09375 0.194444 0.096875 0.188889 0.0984375 0.188889 0.1 0.186111 0.101562 0.186111 0.104687 0.180556 0.10625 0.180556 0.110937 0.172222 0.110937 0.169444 0.115625 0.161111 0.115625 0.158333 0.117188 0.155556 0.117188 0.138889 0.0859375 0.138889 0.0859375 0.147222 0.0828125 0.152778 0.08125 0.152778 0.0796875 0.155556 0.0765625 0.155556 0.075 0.158333 0.0734375 0.158333 0.071875 0.161111 0.06875 0.161111 0.0671875 0.163889 0.0640625 0.163889 0.0625 0.166667 0.0609375 0.166667 0.0578125 0.172222 0.05625 0.172222 0.053125 0.177778 0.05 0.177778 0.046875 0.183333 0.0453125 0.183333 0.0421875 0.188889 0.0421875 0.191667 0.040625 0.194444 0.0390625 0.194444 0.0375 0.197222 0.03125 0.197222 0.0296875 0.194444 0.0265625 0.194444 0.025 0.191667 0.0234375 0.191667 0.021875 0.188889 0.0203125 0.188889 0.01875 0.186111 0.0171875 0.186111 0.015625 0.183333 0.0140625 0.183333 0.0109375 0.177778 0.003125 0.177778 0.003125 0.347222 0.0125 0.347222 0.0140625 0.35 0.021875 0.35 0.0234375 0.347222 0.0265625 0.347222 0.028125 0.344444 0.0375 0.344444 0.0390625 0.347222 0.040625 0.347222 0.0421875 0.35 0.04375 0.35 0.0453125 0.352778 0.0484375 0.352778 0.05 0.355556 0.053125 0.355556 0.0546875 0.358333 0.05625 0.358333 0.0578125 0.361111 0.0609375 0.361111 0.0625 0.363889 0.065625 0.363889 0.0671875 0.366667 0.071875 0.366667 0.0734375 0.369444 0.078125 0.369444 0.0796875 0.372222 0.0828125 0.372222 0.084375 0.375 0.0859375 0.375 0.0875 0.377778 0.090625 0.377778 0.0921875 0.380556 0.09375 0.380556 0.0953125 0.383333 0.0953125 0.391667 0.110937 0.391667 0.110937 0.377778 0.1125 0.375 0.1125 0.369444 0.110937 0.366667 0.110937 0.363889 0.109375 0.361111 0.109375 0.358333 0.104687 0.35 0.104687 0.347222 0.10625 0.344444 0.10625 0.341667 0.107813 0.338889 0.107813 0.327778 0.110937 0.322222 0.114063 0.322222 0.115625 0.319444 0.134375 0.319444
2 0.0890625 0.383333 0.090625 0.383333 0.0890625 0.383333 0.0734375 0.372222 0.176563 0.25 0.178125 0.252778 0.179688 0.25 0.18125 0.25 0.18125 0.247222 0.189063 0.227778 0.1 0.211111 0.0984375 0.211111 0.096875 0.208333 0.096875 0.205556 0.0953125 0.202778 0.0953125 0.197222 0.09375 0.194444 0.0953125 0.194444 0.096875 0.191667 0.101562 0.191667 0.034375 0.186111 0.034375 0.188889 0.0359375 0.191667 0.034375 0.191667 0.0328125 0.194444 0.028125 0.0638889 0.034375 0.0638889 0.0359375 0.0611111 0.0375 0.0611111 0.0375 0.0583333 0.0390625 0.0555556 0.040625 0.0555556 0.0453125 0.0638889 0.0484375 0.0638889 0.05 0.0611111 0.053125 0.0611111 0.0546875 0.0638889 0.05625 0.0638889 0.0578125 0.0666667 0.0671875 0.0666667 0.06875 0.0694444 0.0765625 0.0694444 0.078125 0.0722222 0.08125 0.0722222 0.0828125 0.075 0.0859375 0.075 0.0875 0.0777778 0.09375 0.0777778 0.0953125 0.0805556 0.0984375 0.0805556 0.1 0.0777778 0.103125 0.0777778 0.104687 0.0805556 0.110937 0.0805556 0.1125 0.0833333 0.117188 0.0833333 0.11875 0.0861111 0.121875 0.0861111 0.128125 0.0972222 0.128125 0.102778 0.129688 0.105556 0.129688 0.111111 0.13125 0.113889 0.13125 0.127778 0.132812 0.130556 0.132812 0.133333 0.134375 0.136111 0.134375 0.141667 0.135937 0.144444 0.135937 0.147222 0.1375 0.147222 0.139062 0.15 0.140625 0.15 0.142188 0.152778 0.14375 0.152778 0.145313 0.155556 0.153125 0.155556 0.154687 0.158333 0.15625 0.158333 0.157813 0.161111 0.157813 0.163889 0.159375 0.166667 0.159375 0.163889 0.1625 0.158333 0.16875 0.158333 0.170312 0.155556 0.185937 0.155556 0.1875 0.152778 0.192188 0.152778 0.195312 0.147222 0.195312 0.144444 0.19375 0.141667 0.19375 0.138889 0.195312 0.136111 0.196875 0.136111 0.198437 0.133333 0.203125 0.133333 0.204688 0.130556 0.210938 0.130556 0.2125 0.133333 0.214062 0.133333 0.217187 0.138889 0.217187 0.147222 0.21875 0.147222 0.220313 0.15 0.223438 0.15 0.225 0.152778 0.226562 0.152778 0.228125 0.155556 0.229687 0.155556 0.232812 0.161111 0.232812 0.169444 0.235938 0.175 0.2375 0.175 0.240625 0.180556 0.240625 0.183333 0.2375 0.188889 0.2375 0.191667 0.234375 0.197222 0.232812 0.197222 0.228125 0.205556 0.228125 0.213889 0.225 0.219444 0.223438 0.219444 0.21875 0.227778 0.21875 0.236111 0.217187 0.238889 0.215625 0.238889 0.214062 0.241667 0.209375 0.241667 0.207813 0.244444 0.2 0.244444 0.198437 0.247222 0.19375 0.247222 0.192188 0.244444 0.1875 0.244444 0.184375 0.25 0.189063 0.258333 0.189063 0.261111 0.1875 0.263889 0.185937 0.263889 0.184375 0.266667 0.173438 0.266667 0.171875 0.269444 0.16875 0.269444 0.167187 0.266667 0.157813 0.266667 0.154687 0.272222 0.151562 0.272222 0.15 0.275 0.14375 0.275 0.142188 0.277778 0.134375 0.277778 0.132812 0.275 0.117188 0.275 0.115625 0.277778 0.114063 0.277778 0.1125 0.280556 0.120312 0.294444 0.121875 0.294444 0.123438 0.297222 0.128125 0.297222 0.129688 0.3 0.13125 0.3 0.132812 0.302778 0.132812 0.313889 0.13125 0.316667 0.129688 0.316667 0.128125 0.319444 0.121875 0.319444 0.120312 0.322222 0.11875 0.322222 0.117188 0.325 0.115625 0.325 0.115625 0.327778 0.117188 0.330556 0.11875 0.330556 0.120312 0.333333 0.121875 0.333333 0.125 0.338889 0.128125 0.338889 0.129688 0.341667 0.13125 0.341667 0.132812 0.344444 0.134375 0.344444 0.1375 0.35 0.134375 0.355556 0.132812 0.355556 0.13125 0.358333 0.117188 0.358333 0.117188 0.361111 0.11875 0.363889 0.11875 0.366667 0.120312 0.369444 0.120312 0.377778 0.121875 0.380556 0.128125 0.380556 0.129688 0.377778 0.13125 0.377778 0.132812 0.375 0.153125 0.375 0.154687 0.377778 0.15625 0.377778 0.157813 0.380556 0.160938 0.380556 0.1625 0.377778 0.164062 0.377778 0.167187 0.383333 0.167187 0.386111 0.16875 0.388889 0.16875 0.397222 0.170312 0.4 0.170312 0.405556 0.171875 0.408333 0.171875 0.425 0.170312 0.427778 0.171875 0.430556 0.171875 0.472222 0.173438 0.475 0.173438 0.511111 0.175 0.513889 0.175 0.536111 0.176563 0.538889 0.176563 0.555556 0.178125 0.558333 0.178125 0.575 0.179688 0.577778 0.179688 0.597222 0.18125 0.6 0.18125 0.65 0.182812 0.652778 0.182812 0.7 0.184375 0.702778 0.184375 0.722222 0.185937 0.725 0.185937 0.775 0.1875 0.777778 0.1875 0.797222 0.189063 0.8 0.189063 0.813889 0.190625 0.816667 0.190625 0.827778 0.192188 0.830556 0.192188 0.841667 0.19375 0.844444 0.19375 0.852778 0.195312 0.855556 0.195312 0.861111 0.196875 0.863889 0.196875 0.866667 0.204688 0.880556 0.20625 0.880556 0.209375 0.886111 0.215625 0.886111 0.217187 0.888889 0.220313 0.888889 0.221875 0.891667 0.223438 0.891667 0.225 0.894444 0.226562 0.894444 0.228125 0.897222 0.232812 0.897222 0.239063 0.908333 0.239063 0.911111 0.240625 0.913889 0.240625 0.916667 0.242188 0.919444 0.242188 0.925 0.24375 0.927778 0.24375 0.938889 0.245312 0.941667 0.245312 0.947222 0.246875 0.95 0.246875 0.961111 0.248437 0.963889 0.25 0.963889 0.25625 0.975 0.25625 0.977778 0.257812 0.980556 0.264062 0.980556 0.265625 0.983333 0.265625 1 0.998438 1 0.998438 0 0.967188 0 0.967188 0.00277778 0.964063 0.00833333 0.959375 0.00833333 0.957812 0.0111111 0.95625 0.00833333 0.948438 0.00833333 0.945312 0.00277778 0.945312 0 0.657812 0 0.657812 0.00277778 0.65625 0.00555556 0.639063 0.00555556 0.6375 0.00277778 0.6375 0 0.028125 0 0.028125 0.0638889 0.0328125 0.194444 0.028125 0.194444 0.028125 0.186111 0.034375 0.186111 0.101562 0.191667 0.103125 0.188889 0.104687 0.191667 0.104687 0.211111 0.103125 0.213889 0.101562 0.213889 0.1 0.211111 0.189063 0.227778 0.189063 0.227778 0.18125 0.247222 0.176563 0.247222 0.176563 0.25 0.0734375 0.372222 0.071875 0.372222 0.0703125 0.369444 0.0625 0.369444 0.0609375 0.366667 0.059375 0.366667 0.0578125 0.363889 0.0578125 0.361111 0.05625 0.361111 0.0546875 0.358333 0.0515625 0.358333 0.05 0.355556 0.0484375 0.355556 0.0390625 0.338889 0.0375 0.338889 0.0359375 0.336111 0.028125 0.336111 0.028125 0.377778 0.0390625 0.377778 0.040625 0.375 0.0453125 0.375 0.046875 0.372222 0.0484375 0.375 0.0671875 0.375 0.06875 0.372222 0.0734375 0.372222
0 0.084375 0.138889 0.084375 0.147222 0.08125 0.152778 0.0796875 0.152778 0.078125 0.155556 0.0765625 0.155556 0.075 0.158333 0.071875 0.158333 0.0703125 0.161111 0.0671875 0.161111 0.065625 0.163889 0.0640625 0.163889 0.0625 0.166667 0.0609375 0.166667 0.059375 0.169444 0.0578125 0.169444 0.0546875 0.175 0.053125 0.175 0.0515625 0.177778 0.05 0.177778 0.0484375 0.180556 0.046875 0.180556 0.0390625 0.194444 0.0375 0.194444 0.0359375 0.197222 0.03125 0.197222 0.0296875 0.194444 0.0265625 0.194444 0.025 0.191667 0.0234375 0.191667 0.021875 0.188889 0.0203125 0.188889 0.01875 0.186111 0.0171875 0.186111 0.0140625 0.180556 0.0125 0.180556 0.0109375 0.177778 0.003125 0.177778 0.003125 0.347222 0.0125 0.347222 0.0140625 0.35 0.021875 0.35 0.0234375 0.347222 0.025 0.347222 0.0265625 0.344444 0.028125 0.344444 0.0296875 0.341667 0.034375 0.341667 0.0359375 0.344444 0.0390625 0.344444 0.040625 0.347222 0.0421875 0.347222 0.04375 0.35 0.0453125 0.35 0.046875 0.352778 0.0484375 0.352778 0.05 0.355556 0.053125 0.355556 0.0546875 0.358333 0.05625 0.358333 0.0578125 0.361111 0.0609375 0.361111 0.0625 0.363889 0.065625 0.363889 0.0671875 0.366667 0.071875 0.366667 0.0734375 0.369444 0.078125 0.369444 0.0796875 0.372222 0.0828125 0.372222 0.084375 0.375 0.0875 0.375 0.0890625 0.377778 0.090625 0.377778 0.09375 0.383333 0.09375 0.391667 0.110937 0.391667 0.110937 0.380556 0.1125 0.377778 0.1125 0.366667 0.109375 0.361111 0.109375 0.355556 0.107813 0.352778 0.107813 0.35 0.10625 0.347222 0.107813 0.344444 0.110937 0.344444 0.1125 0.347222 0.115625 0.347222 0.117188 0.35 0.134375 0.35 0.134375 0.347222 0.129688 0.347222 0.128125 0.344444 0.114063 0.344444 0.1125 0.341667 0.1125 0.338889 0.110937 0.336111 0.109375 0.336111 0.107813 0.333333 0.107813 0.330556 0.10625 0.327778 0.109375 0.322222 0.1125 0.322222 0.114063 0.319444 0.13125 0.319444 0.132812 0.316667 0.140625 0.316667 0.142188 0.313889 0.140625 0.311111 0.140625 0.308333 0.1375 0.302778 0.134375 0.302778 0.132812 0.3 0.129688 0.3 0.128125 0.297222 0.125 0.297222 0.123438 0.294444 0.121875 0.294444 0.120312 0.291667 0.11875 0.291667 0.114063 0.283333 0.114063 0.280556 0.115625 0.277778 0.117188 0.277778 0.11875 0.275 0.129688 0.275 0.13125 0.277778 0.142188 0.277778 0.14375 0.275 0.151562 0.275 0.151562 0.255556 0.14375 0.255556 0.140625 0.25 0.1375 0.25 0.135937 0.247222 0.134375 0.247222 0.132812 0.244444 0.126563 0.244444 0.125 0.241667 0.120312 0.241667 0.11875 0.238889 0.114063 0.238889 0.1125 0.236111 0.110937 0.236111 0.109375 0.233333 0.107813 0.233333 0.10625 0.230556 0.104687 0.230556 0.0953125 0.213889 0.0953125 0.211111 0.09375 0.208333 0.09375 0.194444 0.096875 0.188889 0.0984375 0.188889 0.1 0.186111 0.101562 0.186111 0.103125 0.183333 0.104687 0.183333 0.1125 0.169444 0.1125 0.166667 0.117188 0.158333 0.117188 0.152778 0.11875 0.15 0.11875 0.138889
0 0.13125 0.347222 0.132812 0.35 0.13125 0.347222 0.125 0.347222 0.13125 0.347222 0.134375 0.319444 0.135937 0.316667 0.140625 0.316667 0.142188 0.313889 0.140625 0.311111 0.140625 0.308333 0.1375 0.302778 0.135937 0.302778 0.134375 0.3 0.13125 0.3 0.128125 0.294444 0.125 0.294444 0.123438 0.291667 0.120312 0.291667 0.117188 0.286111 0.115625 0.286111 0.114063 0.283333 0.114063 0.280556 0.115625 0.277778 0.117188 0.277778 0.11875 0.275 0.129688 0.275 0.13125 0.277778 0.142188 0.277778 0.14375 0.275 0.151562 0.275 0.151562 0.258333 0.145313 0.258333 0.142188 0.252778 0.140625 0.252778 0.139062 0.25 0.1375 0.25 0.135937 0.247222 0.13125 0.247222 0.129688 0.244444 0.125 0.244444 0.123438 0.241667 0.11875 0.241667 0.117188 0.238889 0.114063 0.238889 0.1125 0.236111 0.110937 0.236111 0.109375 0.233333 0.107813 0.233333 0.10625 0.230556 0.104687 0.230556 0.0953125 0.213889 0.0953125 0.211111 0.09375 0.208333 0.09375 0.194444 0.096875 0.188889 0.0984375 0.188889 0.1 0.186111 0.101562 0.186111 0.104687 0.180556 0.10625 0.180556 0.110937 0.172222 0.110937 0.169444 0.115625 0.161111 0.115625 0.158333 0.117188 0.155556 0.117188 0.138889 0.0859375 0.138889 0.0859375 0.147222 0.0828125 0.152778 0.08125 0.152778 0.0796875 0.155556 0.0765625 0.155556 0.075 0.158333 0.0734375 0.158333 0.071875 0.161111 0.06875 0.161111 0.0671875 0.163889 0.0640625 0.163889 0.0625 0.166667 0.0609375 0.166667 0.0578125 0.172222 0.05625 0.172222 0.053125 0.177778 0.05 0.177778 0.046875 0.183333 0.0453125 0.183333 0.0421875 0.188889 0.0421875 0.191667 0.040625 0.194444 0.0390625 0.194444 0.0375 0.197222 0.03125 0.197222 0.0296875 0.194444 0.0265625 0.194444 0.025 0.191667 0.0234375 0.191667 0.021875 0.188889 0.0203125 0.188889 0.01875 0.186111 0.0171875 0.186111 0.015625 0.183333 0.0140625 0.183333 0.0109375 0.177778 0.003125 0.177778 0.003125 0.347222 0.0125 0.347222 0.0140625 0.35 0.021875 0.35 0.0234375 0.347222 0.0265625 0.347222 0.028125 0.344444 0.0375 0.344444 0.0390625 0.347222 0.040625 0.347222 0.0421875 0.35 0.04375 0.35 0.0453125 0.352778 0.0484375 0.352778 0.05 0.355556 0.053125 0.355556 0.0546875 0.358333 0.05625 0.358333 0.0578125 0.361111 0.0609375 0.361111 0.0625 0.363889 0.065625 0.363889 0.0671875 0.366667 0.071875 0.366667 0.0734375 0.369444 0.078125 0.369444 0.0796875 0.372222 0.0828125 0.372222 0.084375 0.375 0.0859375 0.375 0.0875 0.377778 0.090625 0.377778 0.0921875 0.380556 0.09375 0.380556 0.0953125 0.383333 0.0953125 0.391667 0.110937 0.391667 0.110937 0.377778 0.1125 0.375 0.1125 0.369444 0.110937 0.366667 0.110937 0.363889 0.109375 0.361111 0.109375 0.358333 0.104687 0.35 0.104687 0.347222 0.10625 0.344444 0.10625 0.341667 0.107813 0.338889 0.107813 0.327778 0.110937 0.322222 0.114063 0.322222 0.115625 0.319444 0.134375 0.319444
2 0.0890625 0.383333 0.090625 0.383333 0.0890625 0.383333 0.0734375 0.372222 0.176563 0.25 0.178125 0.252778 0.179688 0.25 0.18125 0.25 0.18125 0.247222 0.189063 0.227778 0.1 0.211111 0.0984375 0.211111 0.096875 0.208333 0.096875 0.205556 0.0953125 0.202778 0.0953125 0.197222 0.09375 0.194444 0.0953125 0.194444 0.096875 0.191667 0.101562 0.191667 0.034375 0.186111 0.034375 0.188889 0.0359375 0.191667 0.034375 0.191667 0.0328125 0.194444 0.028125 0.0638889 0.034375 0.0638889 0.0359375 0.0611111 0.0375 0.0611111 0.0375 0.0583333 0.0390625 0.0555556 0.040625 0.0555556 0.0453125 0.0638889 0.0484375 0.0638889 0.05 0.0611111 0.053125 0.0611111 0.0546875 0.0638889 0.05625 0.0638889 0.0578125 0.0666667 0.0671875 0.0666667 0.06875 0.0694444 0.0765625 0.0694444 0.078125 0.0722222 0.08125 0.0722222 0.0828125 0.075 0.0859375 0.075 0.0875 0.0777778 0.09375 0.0777778 0.0953125 0.0805556 0.0984375 0.0805556 0.1 0.0777778 0.103125 0.0777778 0.104687 0.0805556 0.110937 0.0805556 0.1125 0.0833333 0.117188 0.0833333 0.11875 0.0861111 0.121875 0.0861111 0.128125 0.0972222 0.128125 0.102778 0.129688 0.105556 0.129688 0.111111 0.13125 0.113889 0.13125 0.127778 0.132812 0.130556 0.132812 0.133333 0.134375 0.136111 0.134375 0.141667 0.135937 0.144444 0.135937 0.147222 0.1375 0.147222 0.139062 0.15 0.140625 0.15 0.142188 0.152778 0.14375 0.152778 0.145313 0.155556 0.153125 0.155556 0.154687 0.158333 0.15625 0.158333 0.157813 0.161111 0.157813 0.163889 0.159375 0.166667 0.159375 0.163889 0.1625 0.158333 0.16875 0.158333 0.170312 0.155556 0.185937 0.155556 0.1875 0.152778 0.192188 0.152778 0.195312 0.147222 0.195312 0.144444 0.19375 0.141667 0.19375 0.138889 0.195312 0.136111 0.196875 0.136111 0.198437 0.133333 0.203125 0.133333 0.204688 0.130556 0.210938 0.130556 0.2125 0.133333 0.214062 0.133333 0.217187 0.138889 0.217187 0.147222 0.21875 0.147222 0.220313 0.15 0.223438 0.15 0.225 0.152778 0.226562 0.152778 0.228125 0.155556 0.229687 0.155556 0.232812 0.161111 0.232812 0.169444 0.235938 0.175 0.2375 0.175 0.240625 0.180556 0.240625 0.183333 0.2375 0.188889 0.2375 0.191667 0.234375 0.197222 0.232812 0.197222 0.228125 0.205556 0.228125 0.213889 0.225 0.219444 0.223438 0.219444 0.21875 0.227778 0.21875 0.236111 0.217187 0.238889 0.215625 0.238889 0.214062 0.241667 0.209375 0.241667 0.207813 0.244444 0.2 0.244444 0.198437 0.247222 0.19375 0.247222 0.192188 0.244444 0.1875 0.244444 0.184375 0.25 0.189063 0.258333 0.189063 0.261111 0.1875 0.263889 0.185937 0.263889 0.184375 0.266667 0.173438 0.266667 0.171875 0.269444 0.16875 0.269444 0.167187 0.266667 0.157813 0.266667 0.154687 0.272222 0.151562 0.272222 0.15 0.275 0.14375 0.275 0.142188 0.277778 0.134375 0.277778 0.132812 0.275 0.117188 0.275 0.115625 0.277778 0.114063 0.277778 0.1125 0.280556 0.120312 0.294444 0.121875 0.294444 0.123438 0.297222 0.128125 0.297222 0.129688 0.3 0.13125 0.3 0.132812 0.302778 0.132812 0.313889 0.13125 0.316667 0.129688 0.316667 0.128125 0.319444 0.121875 0.319444 0.120312 0.322222 0.11875 0.322222 0.117188 0.325 0.115625 0.325 0.115625 0.327778 0.117188 0.330556 0.11875 0.330556 0.120312 0.333333 0.121875 0.333333 0.125 0.338889 0.128125 0.338889 0.129688 0.341667 0.13125 0.341667 0.132812 0.344444 0.134375 0.344444 0.1375 0.35 0.134375 0.355556 0.132812 0.355556 0.13125 0.358333 0.117188 0.358333 0.117188 0.361111 0.11875 0.363889 0.11875 0.366667 0.120312 0.369444 0.120312 0.377778 0.121875 0.380556 0.128125 0.380556 0.129688 0.377778 0.13125 0.377778 0.132812 0.375 0.153125 0.375 0.154687 0.377778 0.15625 0.377778 0.157813 0.380556 0.160938 0.380556 0.1625 0.377778 0.164062 0.377778 0.167187 0.383333 0.167187 0.386111 0.16875 0.388889 0.16875 0.397222 0.170312 0.4 0.170312 0.405556 0.171875 0.408333 0.171875 0.425 0.170312 0.427778 0.171875 0.430556 0.171875 0.472222 0.173438 0.475 0.173438 0.511111 0.175 0.513889 0.175 0.536111 0.176563 0.538889 0.176563 0.555556 0.178125 0.558333 0.178125 0.575 0.179688 0.577778 0.179688 0.597222 0.18125 0.6 0.18125 0.65 0.182812 0.652778 0.182812 0.7 0.184375 0.702778 0.184375 0.722222 0.185937 0.725 0.185937 0.775 0.1875 0.777778 0.1875 0.797222 0.189063 0.8 0.189063 0.813889 0.190625 0.816667 0.190625 0.827778 0.192188 0.830556 0.192188 0.841667 0.19375 0.844444 0.19375 0.852778 0.195312 0.855556 0.195312 0.861111 0.196875 0.863889 0.196875 0.866667 0.204688 0.880556 0.20625 0.880556 0.209375 0.886111 0.215625 0.886111 0.217187 0.888889 0.220313 0.888889 0.221875 0.891667 0.223438 0.891667 0.225 0.894444 0.226562 0.894444 0.228125 0.897222 0.232812 0.897222 0.239063 0.908333 0.239063 0.911111 0.240625 0.913889 0.240625 0.916667 0.242188 0.919444 0.242188 0.925 0.24375 0.927778 0.24375 0.938889 0.245312 0.941667 0.245312 0.947222 0.246875 0.95 0.246875 0.961111 0.248437 0.963889 0.25 0.963889 0.25625 0.975 0.25625 0.977778 0.257812 0.980556 0.264062 0.980556 0.265625 0.983333 0.265625 1 0.998438 1 0.998438 0 0.967188 0 0.967188 0.00277778 0.964063 0.00833333 0.959375 0.00833333 0.957812 0.0111111 0.95625 0.00833333 0.948438 0.00833333 0.945312 0.00277778 0.945312 0 0.657812 0 0.657812 0.00277778 0.65625 0.00555556 0.639063 0.00555556 0.6375 0.00277778 0.6375 0 0.028125 0 0.028125 0.0638889 0.0328125 0.194444 0.028125 0.194444 0.028125 0.186111 0.034375 0.186111 0.101562 0.191667 0.103125 0.188889 0.104687 0.191667 0.104687 0.211111 0.103125 0.213889 0.101562 0.213889 0.1 0.211111 0.189063 0.227778 0.189063 0.227778 0.18125 0.247222 0.176563 0.247222 0.176563 0.25 0.0734375 0.372222 0.071875 0.372222 0.0703125 0.369444 0.0625 0.369444 0.0609375 0.366667 0.059375 0.366667 0.0578125 0.363889 0.0578125 0.361111 0.05625 0.361111 0.0546875 0.358333 0.0515625 0.358333 0.05 0.355556 0.0484375 0.355556 0.0390625 0.338889 0.0375 0.338889 0.0359375 0.336111 0.028125 0.336111 0.028125 0.377778 0.0390625 0.377778 0.040625 0.375 0.0453125 0.375 0.046875 0.372222 0.0484375 0.375 0.0671875 0.375 0.06875 0.372222 0.0734375 0.372222
0 0.084375 0.138889 0.084375 0.147222 0.08125 0.152778 0.0796875 0.152778 0.078125 0.155556 0.0765625 0.155556 0.075 0.158333 0.071875 0.158333 0.0703125 0.161111 0.0671875 0.161111 0.065625 0.163889 0.0640625 0.163889 0.0625 0.166667 0.0609375 0.166667 0.059375 0.169444 0.0578125 0.169444 0.0546875 0.175 0.053125 0.175 0.0515625 0.177778 0.05 0.177778 0.0484375 0.180556 0.046875 0.180556 0.0390625 0.194444 0.0375 0.194444 0.0359375 0.197222 0.03125 0.197222 0.0296875 0.194444 0.0265625 0.194444 0.025 0.191667 0.0234375 0.191667 0.021875 0.188889 0.0203125 0.188889 0.01875 0.186111 0.0171875 0.186111 0.0140625 0.180556 0.0125 0.180556 0.0109375 0.177778 0.003125 0.177778 0.003125 0.347222 0.0125 0.347222 0.0140625 0.35 0.021875 0.35 0.0234375 0.347222 0.025 0.347222 0.0265625 0.344444 0.028125 0.344444 0.0296875 0.341667 0.034375 0.341667 0.0359375 0.344444 0.0390625 0.344444 0.040625 0.347222 0.0421875 0.347222 0.04375 0.35 0.0453125 0.35 0.046875 0.352778 0.0484375 0.352778 0.05 0.355556 0.053125 0.355556 0.0546875 0.358333 0.05625 0.358333 0.0578125 0.361111 0.0609375 0.361111 0.0625 0.363889 0.065625 0.363889 0.0671875 0.366667 0.071875 0.366667 0.0734375 0.369444 0.078125 0.369444 0.0796875 0.372222 0.0828125 0.372222 0.084375 0.375 0.0875 0.375 0.0890625 0.377778 0.090625 0.377778 0.09375 0.383333 0.09375 0.391667 0.110937 0.391667 0.110937 0.380556 0.1125 0.377778 0.1125 0.366667 0.109375 0.361111 0.109375 0.355556 0.107813 0.352778 0.107813 0.35 0.10625 0.347222 0.107813 0.344444 0.110937 0.344444 0.1125 0.347222 0.115625 0.347222 0.117188 0.35 0.134375 0.35 0.134375 0.347222 0.129688 0.347222 0.128125 0.344444 0.114063 0.344444 0.1125 0.341667 0.1125 0.338889 0.110937 0.336111 0.109375 0.336111 0.107813 0.333333 0.107813 0.330556 0.10625 0.327778 0.109375 0.322222 0.1125 0.322222 0.114063 0.319444 0.13125 0.319444 0.132812 0.316667 0.140625 0.316667 0.142188 0.313889 0.140625 0.311111 0.140625 0.308333 0.1375 0.302778 0.134375 0.302778 0.132812 0.3 0.129688 0.3 0.128125 0.297222 0.125 0.297222 0.123438 0.294444 0.121875 0.294444 0.120312 0.291667 0.11875 0.291667 0.114063 0.283333 0.114063 0.280556 0.115625 0.277778 0.117188 0.277778 0.11875 0.275 0.129688 0.275 0.13125 0.277778 0.142188 0.277778 0.14375 0.275 0.151562 0.275 0.151562 0.255556 0.14375 0.255556 0.140625 0.25 0.1375 0.25 0.135937 0.247222 0.134375 0.247222 0.132812 0.244444 0.126563 0.244444 0.125 0.241667 0.120312 0.241667 0.11875 0.238889 0.114063 0.238889 0.1125 0.236111 0.110937 0.236111 0.109375 0.233333 0.107813 0.233333 0.10625 0.230556 0.104687 0.230556 0.0953125 0.213889 0.0953125 0.211111 0.09375 0.208333 0.09375 0.194444 0.096875 0.188889 0.0984375 0.188889 0.1 0.186111 0.101562 0.186111 0.103125 0.183333 0.104687 0.183333 0.1125 0.169444 0.1125 0.166667 0.117188 0.158333 0.117188 0.152778 0.11875 0.15 0.11875 0.138889
0 0.13125 0.347222 0.132812 0.35 0.13125 0.347222 0.125 0.347222 0.13125 0.347222 0.134375 0.319444 0.135937 0.316667 0.140625 0.316667 0.142188 0.313889 0.140625 0.311111 0.140625 0.308333 0.1375 0.302778 0.135937 0.302778 0.134375 0.3 0.13125 0.3 0.128125 0.294444 0.125 0.294444 0.123438 0.291667 0.120312 0.291667 0.117188 0.286111 0.115625 0.286111 0.114063 0.283333 0.114063 0.280556 0.115625 0.277778 0.117188 0.277778 0.11875 0.275 0.129688 0.275 0.13125 0.277778 0.142188 0.277778 0.14375 0.275 0.151562 0.275 0.151562 0.258333 0.145313 0.258333 0.142188 0.252778 0.140625 0.252778 0.139062 0.25 0.1375 0.25 0.135937 0.247222 0.13125 0.247222 0.129688 0.244444 0.125 0.244444 0.123438 0.241667 0.11875 0.241667 0.117188 0.238889 0.114063 0.238889 0.1125 0.236111 0.110937 0.236111 0.109375 0.233333 0.107813 0.233333 0.10625 0.230556 0.104687 0.230556 0.0953125 0.213889 0.0953125 0.211111 0.09375 0.208333 0.09375 0.194444 0.096875 0.188889 0.0984375 0.188889 0.1 0.186111 0.101562 0.186111 0.104687 0.180556 0.10625 0.180556 0.110937 0.172222 0.110937 0.169444 0.115625 0.161111 0.115625 0.158333 0.117188 0.155556 0.117188 0.138889 0.0859375 0.138889 0.0859375 0.147222 0.0828125 0.152778 0.08125 0.152778 0.0796875 0.155556 0.0765625 0.155556 0.075 0.158333 0.0734375 0.158333 0.071875 0.161111 0.06875 0.161111 0.0671875 0.163889 0.0640625 0.163889 0.0625 0.166667 0.0609375 0.166667 0.0578125 0.172222 0.05625 0.172222 0.053125 0.177778 0.05 0.177778 0.046875 0.183333 0.0453125 0.183333 0.0421875 0.188889 0.0421875 0.191667 0.040625 0.194444 0.0390625 0.194444 0.0375 0.197222 0.03125 0.197222 0.0296875 0.194444 0.0265625 0.194444 0.025 0.191667 0.0234375 0.191667 0.021875 0.188889 0.0203125 0.188889 0.01875 0.186111 0.0171875 0.186111 0.015625 0.183333 0.0140625 0.183333 0.0109375 0.177778 0.003125 0.177778 0.003125 0.347222 0.0125 0.347222 0.0140625 0.35 0.021875 0.35 0.0234375 0.347222 0.0265625 0.347222 0.028125 0.344444 0.0375 0.344444 0.0390625 0.347222 0.040625 0.347222 0.0421875 0.35 0.04375 0.35 0.0453125 0.352778 0.0484375 0.352778 0.05 0.355556 0.053125 0.355556 0.0546875 0.358333 0.05625 0.358333 0.0578125 0.361111 0.0609375 0.361111 0.0625 0.363889 0.065625 0.363889 0.0671875 0.366667 0.071875 0.366667 0.0734375 0.369444 0.078125 0.369444 0.0796875 0.372222 0.0828125 0.372222 0.084375 0.375 0.0859375 0.375 0.0875 0.377778 0.090625 0.377778 0.0921875 0.380556 0.09375 0.380556 0.0953125 0.383333 0.0953125 0.391667 0.110937 0.391667 0.110937 0.377778 0.1125 0.375 0.1125 0.369444 0.110937 0.366667 0.110937 0.363889 0.109375 0.361111 0.109375 0.358333 0.104687 0.35 0.104687 0.347222 0.10625 0.344444 0.10625 0.341667 0.107813 0.338889 0.107813 0.327778 0.110937 0.322222 0.114063 0.322222 0.115625 0.319444 0.134375 0.319444
2 0.0890625 0.383333 0.090625 0.383333 0.0890625 0.383333 0.0734375 0.372222 0.176563 0.25 0.178125 0.252778 0.179688 0.25 0.18125 0.25 0.18125 0.247222 0.189063 0.227778 0.1 0.211111 0.0984375 0.211111 0.096875 0.208333 0.096875 0.205556 0.0953125 0.202778 0.0953125 0.197222 0.09375 0.194444 0.0953125 0.194444 0.096875 0.191667 0.101562 0.191667 0.034375 0.186111 0.034375 0.188889 0.0359375 0.191667 0.034375 0.191667 0.0328125 0.194444 0.028125 0.0638889 0.034375 0.0638889 0.0359375 0.0611111 0.0375 0.0611111 0.0375 0.0583333 0.0390625 0.0555556 0.040625 0.0555556 0.0453125 0.0638889 0.0484375 0.0638889 0.05 0.0611111 0.053125 0.0611111 0.0546875 0.0638889 0.05625 0.0638889 0.0578125 0.0666667 0.0671875 0.0666667 0.06875 0.0694444 0.0765625 0.0694444 0.078125 0.0722222 0.08125 0.0722222 0.0828125 0.075 0.0859375 0.075 0.0875 0.0777778 0.09375 0.0777778 0.0953125 0.0805556 0.0984375 0.0805556 0.1 0.0777778 0.103125 0.0777778 0.104687 0.0805556 0.110937 0.0805556 0.1125 0.0833333 0.117188 0.0833333 0.11875 0.0861111 0.121875 0.0861111 0.128125 0.0972222 0.128125 0.102778 0.129688 0.105556 0.129688 0.111111 0.13125 0.113889 0.13125 0.127778 0.132812 0.130556 0.132812 0.133333 0.134375 0.136111 0.134375 0.141667 0.135937 0.144444 0.135937 0.147222 0.1375 0.147222 0.139062 0.15 0.140625 0.15 0.142188 0.152778 0.14375 0.152778 0.145313 0.155556 0.153125 0.155556 0.154687 0.158333 0.15625 0.158333 0.157813 0.161111 0.157813 0.163889 0.159375 0.166667 0.159375 0.163889 0.1625 0.158333 0.16875 0.158333 0.170312 0.155556 0.185937 0.155556 0.1875 0.152778 0.192188 0.152778 0.195312 0.147222 0.195312 0.144444 0.19375 0.141667 0.19375 0.138889 0.195312 0.136111 0.196875 0.136111 0.198437 0.133333 0.203125 0.133333 0.204688 0.130556 0.210938 0.130556 0.2125 0.133333 0.214062 0.133333 0.217187 0.138889 0.217187 0.147222 0.21875 0.147222 0.220313 0.15 0.223438 0.15 0.225 0.152778 0.226562 0.152778 0.228125 0.155556 0.229687 0.155556 0.232812 0.161111 0.232812 0.169444 0.235938 0.175 0.2375 0.175 0.240625 0.180556 0.240625 0.183333 0.2375 0.188889 0.2375 0.191667 0.234375 0.197222 0.232812 0.197222 0.228125 0.205556 0.228125 0.213889 0.225 0.219444 0.223438 0.219444 0.21875 0.227778 0.21875 0.236111 0.217187 0.238889 0.215625 0.238889 0.214062 0.241667 0.209375 0.241667 0.207813 0.244444 0.2 0.244444 0.198437 0.247222 0.19375 0.247222 0.192188 0.244444 0.1875 0.244444 0.184375 0.25 0.189063 0.258333 0.189063 0.261111 0.1875 0.263889 0.185937 0.263889 0.184375 0.266667 0.173438 0.266667 0.171875 0.269444 0.16875 0.269444 0.167187 0.266667 0.157813 0.266667 0.154687 0.272222 0.151562 0.272222 0.15 0.275 0.14375 0.275 0.142188 0.277778 0.134375 0.277778 0.132812 0.275 0.117188 0.275 0.115625 0.277778 0.114063 0.277778 0.1125 0.280556 0.120312 0.294444 0.121875 0.294444 0.123438 0.297222 0.128125 0.297222 0.129688 0.3 0.13125 0.3 0.132812 0.302778 0.132812 0.313889 0.13125 0.316667 0.129688 0.316667 0.128125 0.319444 0.121875 0.319444 0.120312 0.322222 0.11875 0.322222 0.117188 0.325 0.115625 0.325 0.115625 0.327778 0.117188 0.330556 0.11875 0.330556 0.120312 0.333333 0.121875 0.333333 0.125 0.338889 0.128125 0.338889 0.129688 0.341667 0.13125 0.341667 0.132812 0.344444 0.134375 0.344444 0.1375 0.35 0.134375 0.355556 0.132812 0.355556 0.13125 0.358333 0.117188 0.358333 0.117188 0.361111 0.11875 0.363889 0.11875 0.366667 0.120312 0.369444 0.120312 0.377778 0.121875 0.380556 0.128125 0.380556 0.129688 0.377778 0.13125 0.377778 0.132812 0.375 0.153125 0.375 0.154687 0.377778 0.15625 0.377778 0.157813 0.380556 0.160938 0.380556 0.1625 0.377778 0.164062 0.377778 0.167187 0.383333 0.167187 0.386111 0.16875 0.388889 0.16875 0.397222 0.170312 0.4 0.170312 0.405556 0.171875 0.408333 0.171875 0.425 0.170312 0.427778 0.171875 0.430556 0.171875 0.472222 0.173438 0.475 0.173438 0.511111 0.175 0.513889 0.175 0.536111 0.176563 0.538889 0.176563 0.555556 0.178125 0.558333 0.178125 0.575 0.179688 0.577778 0.179688 0.597222 0.18125 0.6 0.18125 0.65 0.182812 0.652778 0.182812 0.7 0.184375 0.702778 0.184375 0.722222 0.185937 0.725 0.185937 0.775 0.1875 0.777778 0.1875 0.797222 0.189063 0.8 0.189063 0.813889 0.190625 0.816667 0.190625 0.827778 0.192188 0.830556 0.192188 0.841667 0.19375 0.844444 0.19375 0.852778 0.195312 0.855556 0.195312 0.861111 0.196875 0.863889 0.196875 0.866667 0.204688 0.880556 0.20625 0.880556 0.209375 0.886111 0.215625 0.886111 0.217187 0.888889 0.220313 0.888889 0.221875 0.891667 0.223438 0.891667 0.225 0.894444 0.226562 0.894444 0.228125 0.897222 0.232812 0.897222 0.239063 0.908333 0.239063 0.911111 0.240625 0.913889 0.240625 0.916667 0.242188 0.919444 0.242188 0.925 0.24375 0.927778 0.24375 0.938889 0.245312 0.941667 0.245312 0.947222 0.246875 0.95 0.246875 0.961111 0.248437 0.963889 0.25 0.963889 0.25625 0.975 0.25625 0.977778 0.257812 0.980556 0.264062 0.980556 0.265625 0.983333 0.265625 1 0.998438 1 0.998438 0 0.967188 0 0.967188 0.00277778 0.964063 0.00833333 0.959375 0.00833333 0.957812 0.0111111 0.95625 0.00833333 0.948438 0.00833333 0.945312 0.00277778 0.945312 0 0.657812 0 0.657812 0.00277778 0.65625 0.00555556 0.639063 0.00555556 0.6375 0.00277778 0.6375 0 0.028125 0 0.028125 0.0638889 0.0328125 0.194444 0.028125 0.194444 0.028125 0.186111 0.034375 0.186111 0.101562 0.191667 0.103125 0.188889 0.104687 0.191667 0.104687 0.211111 0.103125 0.213889 0.101562 0.213889 0.1 0.211111 0.189063 0.227778 0.189063 0.227778 0.18125 0.247222 0.176563 0.247222 0.176563 0.25 0.0734375 0.372222 0.071875 0.372222 0.0703125 0.369444 0.0625 0.369444 0.0609375 0.366667 0.059375 0.366667 0.0578125 0.363889 0.0578125 0.361111 0.05625 0.361111 0.0546875 0.358333 0.0515625 0.358333 0.05 0.355556 0.0484375 0.355556 0.0390625 0.338889 0.0375 0.338889 0.0359375 0.336111 0.028125 0.336111 0.028125 0.377778 0.0390625 0.377778 0.040625 0.375 0.0453125 0.375 0.046875 0.372222 0.0484375 0.375 0.0671875 0.375 0.06875 0.372222 0.0734375 0.372222
0 0.084375 0.138889 0.084375 0.147222 0.08125 0.152778 0.0796875 0.152778 0.078125 0.155556 0.0765625 0.155556 0.075 0.158333 0.071875 0.158333 0.0703125 0.161111 0.0671875 0.161111 0.065625 0.163889 0.0640625 0.163889 0.0625 0.166667 0.0609375 0.166667 0.059375 0.169444 0.0578125 0.169444 0.0546875 0.175 0.053125 0.175 0.0515625 0.177778 0.05 0.177778 0.0484375 0.180556 0.046875 0.180556 0.0390625 0.194444 0.0375 0.194444 0.0359375 0.197222 0.03125 0.197222 0.0296875 0.194444 0.0265625 0.194444 0.025 0.191667 0.0234375 0.191667 0.021875 0.188889 0.0203125 0.188889 0.01875 0.186111 0.0171875 0.186111 0.0140625 0.180556 0.0125 0.180556 0.0109375 0.177778 0.003125 0.177778 0.003125 0.347222 0.0125 0.347222 0.0140625 0.35 0.021875 0.35 0.0234375 0.347222 0.025 0.347222 0.0265625 0.344444 0.028125 0.344444 0.0296875 0.341667 0.034375 0.341667 0.0359375 0.344444 0.0390625 0.344444 0.040625 0.347222 0.0421875 0.347222 0.04375 0.35 0.0453125 0.35 0.046875 0.352778 0.0484375 0.352778 0.05 0.355556 0.053125 0.355556 0.0546875 0.358333 0.05625 0.358333 0.0578125 0.361111 0.0609375 0.361111 0.0625 0.363889 0.065625 0.363889 0.0671875 0.366667 0.071875 0.366667 0.0734375 0.369444 0.078125 0.369444 0.0796875 0.372222 0.0828125 0.372222 0.084375 0.375 0.0875 0.375 0.0890625 0.377778 0.090625 0.377778 0.09375 0.383333 0.09375 0.391667 0.110937 0.391667 0.110937 0.380556 0.1125 0.377778 0.1125 0.366667 0.109375 0.361111 0.109375 0.355556 0.107813 0.352778 0.107813 0.35 0.10625 0.347222 0.107813 0.344444 0.110937 0.344444 0.1125 0.347222 0.115625 0.347222 0.117188 0.35 0.134375 0.35 0.134375 0.347222 0.129688 0.347222 0.128125 0.344444 0.114063 0.344444 0.1125 0.341667 0.1125 0.338889 0.110937 0.336111 0.109375 0.336111 0.107813 0.333333 0.107813 0.330556 0.10625 0.327778 0.109375 0.322222 0.1125 0.322222 0.114063 0.319444 0.13125 0.319444 0.132812 0.316667 0.140625 0.316667 0.142188 0.313889 0.140625 0.311111 0.140625 0.308333 0.1375 0.302778 0.134375 0.302778 0.132812 0.3 0.129688 0.3 0.128125 0.297222 0.125 0.297222 0.123438 0.294444 0.121875 0.294444 0.120312 0.291667 0.11875 0.291667 0.114063 0.283333 0.114063 0.280556 0.115625 0.277778 0.117188 0.277778 0.11875 0.275 0.129688 0.275 0.13125 0.277778 0.142188 0.277778 0.14375 0.275 0.151562 0.275 0.151562 0.255556 0.14375 0.255556 0.140625 0.25 0.1375 0.25 0.135937 0.247222 0.134375 0.247222 0.132812 0.244444 0.126563 0.244444 0.125 0.241667 0.120312 0.241667 0.11875 0.238889 0.114063 0.238889 0.1125 0.236111 0.110937 0.236111 0.109375 0.233333 0.107813 0.233333 0.10625 0.230556 0.104687 0.230556 0.0953125 0.213889 0.0953125 0.211111 0.09375 0.208333 0.09375 0.194444 0.096875 0.188889 0.0984375 0.188889 0.1 0.186111 0.101562 0.186111 0.103125 0.183333 0.104687 0.183333 0.1125 0.169444 0.1125 0.166667 0.117188 0.158333 0.117188 0.152778 0.11875 0.15 0.11875 0.138889
0 0.13125 0.347222 0.132812 0.35 0.13125 0.347222 0.125 0.347222 0.13125 0.347222 0.134375 0.319444 0.135937 0.316667 0.140625 0.316667 0.142188 0.313889 0.140625 0.311111 0.140625 0.308333 0.1375 0.302778 0.135937 0.302778 0.134375 0.3 0.13125 0.3 0.128125 0.294444 0.125 0.294444 0.123438 0.291667 0.120312 0.291667 0.117188 0.286111 0.115625 0.286111 0.114063 0.283333 0.114063 0.280556 0.115625 0.277778 0.117188 0.277778 0.11875 0.275 0.129688 0.275 0.13125 0.277778 0.142188 0.277778 0.14375 0.275 0.151562 0.275 0.151562 0.258333 0.145313 0.258333 0.142188 0.252778 0.140625 0.252778 0.139062 0.25 0.1375 0.25 0.135937 0.247222 0.13125 0.247222 0.129688 0.244444 0.125 0.244444 0.123438 0.241667 0.11875 0.241667 0.117188 0.238889 0.114063 0.238889 0.1125 0.236111 0.110937 0.236111 0.109375 0.233333 0.107813 0.233333 0.10625 0.230556 0.104687 0.230556 0.0953125 0.213889 0.0953125 0.211111 0.09375 0.208333 0.09375 0.194444 0.096875 0.188889 0.0984375 0.188889 0.1 0.186111 0.101562 0.186111 0.104687 0.180556 0.10625 0.180556 0.110937 0.172222 0.110937 0.169444 0.115625 0.161111 0.115625 0.158333 0.117188 0.155556 0.117188 0.138889 0.0859375 0.138889 0.0859375 0.147222 0.0828125 0.152778 0.08125 0.152778 0.0796875 0.155556 0.0765625 0.155556 0.075 0.158333 0.0734375 0.158333 0.071875 0.161111 0.06875 0.161111 0.0671875 0.163889 0.0640625 0.163889 0.0625 0.166667 0.0609375 0.166667 0.0578125 0.172222 0.05625 0.172222 0.053125 0.177778 0.05 0.177778 0.046875 0.183333 0.0453125 0.183333 0.0421875 0.188889 0.0421875 0.191667 0.040625 0.194444 0.0390625 0.194444 0.0375 0.197222 0.03125 0.197222 0.0296875 0.194444 0.0265625 0.194444 0.025 0.191667 0.0234375 0.191667 0.021875 0.188889 0.0203125 0.188889 0.01875 0.186111 0.0171875 0.186111 0.015625 0.183333 0.0140625 0.183333 0.0109375 0.177778 0.003125 0.177778 0.003125 0.347222 0.0125 0.347222 0.0140625 0.35 0.021875 0.35 0.0234375 0.347222 0.0265625 0.347222 0.028125 0.344444 0.0375 0.344444 0.0390625 0.347222 0.040625 0.347222 0.0421875 0.35 0.04375 0.35 0.0453125 0.352778 0.0484375 0.352778 0.05 0.355556 0.053125 0.355556 0.0546875 0.358333 0.05625 0.358333 0.0578125 0.361111 0.0609375 0.361111 0.0625 0.363889 0.065625 0.363889 0.0671875 0.366667 0.071875 0.366667 0.0734375 0.369444 0.078125 0.369444 0.0796875 0.372222 0.0828125 0.372222 0.084375 0.375 0.0859375 0.375 0.0875 0.377778 0.090625 0.377778 0.0921875 0.380556 0.09375 0.380556 0.0953125 0.383333 0.0953125 0.391667 0.110937 0.391667 0.110937 0.377778 0.1125 0.375 0.1125 0.369444 0.110937 0.366667 0.110937 0.363889 0.109375 0.361111 0.109375 0.358333 0.104687 0.35 0.104687 0.347222 0.10625 0.344444 0.10625 0.341667 0.107813 0.338889 0.107813 0.327778 0.110937 0.322222 0.114063 0.322222 0.115625 0.319444 0.134375 0.319444
2 0.0890625 0.383333 0.090625 0.383333 0.0890625 0.383333 0.0734375 0.372222 0.176563 0.25 0.178125 0.252778 0.179688 0.25 0.18125 0.25 0.18125 0.247222 0.189063 0.227778 0.1 0.211111 0.0984375 0.211111 0.096875 0.208333 0.096875 0.205556 0.0953125 0.202778 0.0953125 0.197222 0.09375 0.194444 0.0953125 0.194444 0.096875 0.191667 0.101562 0.191667 0.034375 0.186111 0.034375 0.188889 0.0359375 0.191667 0.034375 0.191667 0.0328125 0.194444 0.028125 0.0638889 0.034375 0.0638889 0.0359375 0.0611111 0.0375 0.0611111 0.0375 0.0583333 0.0390625 0.0555556 0.040625 0.0555556 0.0453125 0.0638889 0.0484375 0.0638889 0.05 0.0611111 0.053125 0.0611111 0.0546875 0.0638889 0.05625 0.0638889 0.0578125 0.0666667 0.0671875 0.0666667 0.06875 0.0694444 0.0765625 0.0694444 0.078125 0.0722222 0.08125 0.0722222 0.0828125 0.075 0.0859375 0.075 0.0875 0.0777778 0.09375 0.0777778 0.0953125 0.0805556 0.0984375 0.0805556 0.1 0.0777778 0.103125 0.0777778 0.104687 0.0805556 0.110937 0.0805556 0.1125 0.0833333 0.117188 0.0833333 0.11875 0.0861111 0.121875 0.0861111 0.128125 0.0972222 0.128125 0.102778 0.129688 0.105556 0.129688 0.111111 0.13125 0.113889 0.13125 0.127778 0.132812 0.130556 0.132812 0.133333 0.134375 0.136111 0.134375 0.141667 0.135937 0.144444 0.135937 0.147222 0.1375 0.147222 0.139062 0.15 0.140625 0.15 0.142188 0.152778 0.14375 0.152778 0.145313 0.155556 0.153125 0.155556 0.154687 0.158333 0.15625 0.158333 0.157813 0.161111 0.157813 0.163889 0.159375 0.166667 0.159375 0.163889 0.1625 0.158333 0.16875 0.158333 0.170312 0.155556 0.185937 0.155556 0.1875 0.152778 0.192188 0.152778 0.195312 0.147222 0.195312 0.144444 0.19375 0.141667 0.19375 0.138889 0.195312 0.136111 0.196875 0.136111 0.198437 0.133333 0.203125 0.133333 0.204688 0.130556 0.210938 0.130556 0.2125 0.133333 0.214062 0.133333 0.217187 0.138889 0.217187 0.147222 0.21875 0.147222 0.220313 0.15 0.223438 0.15 0.225 0.152778 0.226562 0.152778 0.228125 0.155556 0.229687 0.155556 0.232812 0.161111 0.232812 0.169444 0.235938 0.175 0.2375 0.175 0.240625 0.180556 0.240625 0.183333 0.2375 0.188889 0.2375 0.191667 0.234375 0.197222 0.232812 0.197222 0.228125 0.205556 0.228125 0.213889 0.225 0.219444 0.223438 0.219444 0.21875 0.227778 0.21875 0.236111 0.217187 0.238889 0.215625 0.238889 0.214062 0.241667 0.209375 0.241667 0.207813 0.244444 0.2 0.244444 0.198437 0.247222 0.19375 0.247222 0.192188 0.244444 0.1875 0.244444 0.184375 0.25 0.189063 0.258333 0.189063 0.261111 0.1875 0.263889 0.185937 0.263889 0.184375 0.266667 0.173438 0.266667 0.171875 0.269444 0.16875 0.269444 0.167187 0.266667 0.157813 0.266667 0.154687 0.272222 0.151562 0.272222 0.15 0.275 0.14375 0.275 0.142188 0.277778 0.134375 0.277778 0.132812 0.275 0.117188 0.275 0.115625 0.277778 0.114063 0.277778 0.1125 0.280556 0.120312 0.294444 0.121875 0.294444 0.123438 0.297222 0.128125 0.297222 0.129688 0.3 0.13125 0.3 0.132812 0.302778 0.132812 0.313889 0.13125 0.316667 0.129688 0.316667 0.128125 0.319444 0.121875 0.319444 0.120312 0.322222 0.11875 0.322222 0.117188 0.325 0.115625 0.325 0.115625 0.327778 0.117188 0.330556 0.11875 0.330556 0.120312 0.333333 0.121875 0.333333 0.125 0.338889 0.128125 0.338889 0.129688 0.341667 0.13125 0.341667 0.132812 0.344444 0.134375 0.344444 0.1375 0.35 0.134375 0.355556 0.132812 0.355556 0.13125 0.358333 0.117188 0.358333 0.117188 0.361111 0.11875 0.363889 0.11875 0.366667 0.120312 0.369444 0.120312 0.377778 0.121875 0.380556 0.128125 0.380556 0.129688 0.377778 0.13125 0.377778 0.132812 0.375 0.153125 0.375 0.154687 0.377778 0.15625 0.377778 0.157813 0.380556 0.160938 0.380556 0.1625 0.377778 0.164062 0.377778 0.167187 0.383333 0.167187 0.386111 0.16875 0.388889 0.16875 0.397222 0.170312 0.4 0.170312 0.405556 0.171875 0.408333 0.171875 0.425 0.170312 0.427778 0.171875 0.430556 0.171875 0.472222 0.173438 0.475 0.173438 0.511111 0.175 0.513889 0.175 0.536111 0.176563 0.538889 0.176563 0.555556 0.178125 0.558333 0.178125 0.575 0.179688 0.577778 0.179688 0.597222 0.18125 0.6 0.18125 0.65 0.182812 0.652778 0.182812 0.7 0.184375 0.702778 0.184375 0.722222 0.185937 0.725 0.185937 0.775 0.1875 0.777778 0.1875 0.797222 0.189063 0.8 0.189063 0.813889 0.190625 0.816667 0.190625 0.827778 0.192188 0.830556 0.192188 0.841667 0.19375 0.844444 0.19375 0.852778 0.195312 0.855556 0.195312 0.861111 0.196875 0.863889 0.196875 0.866667 0.204688 0.880556 0.20625 0.880556 0.209375 0.886111 0.215625 0.886111 0.217187 0.888889 0.220313 0.888889 0.221875 0.891667 0.223438 0.891667 0.225 0.894444 0.226562 0.894444 0.228125 0.897222 0.232812 0.897222 0.239063 0.908333 0.239063 0.911111 0.240625 0.913889 0.240625 0.916667 0.242188 0.919444 0.242188 0.925 0.24375 0.927778 0.24375 0.938889 0.245312 0.941667 0.245312 0.947222 0.246875 0.95 0.246875 0.961111 0.248437 0.963889 0.25 0.963889 0.25625 0.975 0.25625 0.977778 0.257812 0.980556 0.264062 0.980556 0.265625 0.983333 0.265625 1 0.998438 1 0.998438 0 0.967188 0 0.967188 0.00277778 0.964063 0.00833333 0.959375 0.00833333 0.957812 0.0111111 0.95625 0.00833333 0.948438 0.00833333 0.945312 0.00277778 0.945312 0 0.657812 0 0.657812 0.00277778 0.65625 0.00555556 0.639063 0.00555556 0.6375 0.00277778 0.6375 0 0.028125 0 0.028125 0.0638889 0.0328125 0.194444 0.028125 0.194444 0.028125 0.186111 0.034375 0.186111 0.101562 0.191667 0.103125 0.188889 0.104687 0.191667 0.104687 0.211111 0.103125 0.213889 0.101562 0.213889 0.1 0.211111 0.189063 0.227778 0.189063 0.227778 0.18125 0.247222 0.176563 0.247222 0.176563 0.25 0.0734375 0.372222 0.071875 0.372222 0.0703125 0.369444 0.0625 0.369444 0.0609375 0.366667 0.059375 0.366667 0.0578125 0.363889 0.0578125 0.361111 0.05625 0.361111 0.0546875 0.358333 0.0515625 0.358333 0.05 0.355556 0.0484375 0.355556 0.0390625 0.338889 0.0375 0.338889 0.0359375 0.336111 0.028125 0.336111 0.028125 0.377778 0.0390625 0.377778 0.040625 0.375 0.0453125 0.375 0.046875 0.372222 0.0484375 0.375 0.0671875 0.375 0.06875 0.372222 0.0734375 0.372222
0 0.084375 0.138889 0.084375 0.147222 0.08125 0.152778 0.0796875 0.152778 0.078125 0.155556 0.0765625 0.155556 0.075 0.158333 0.071875 0.158333 0.0703125 0.161111 0.0671875 0.161111 0.065625 0.163889 0.0640625 0.163889 0.0625 0.166667 0.0609375 0.166667 0.059375 0.169444 0.0578125 0.169444 0.0546875 0.175 0.053125 0.175 0.0515625 0.177778 0.05 0.177778 0.0484375 0.180556 0.046875 0.180556 0.0390625 0.194444 0.0375 0.194444 0.0359375 0.197222 0.03125 0.197222 0.0296875 0.194444 0.0265625 0.194444 0.025 0.191667 0.0234375 0.191667 0.021875 0.188889 0.0203125 0.188889 0.01875 0.186111 0.0171875 0.186111 0.0140625 0.180556 0.0125 0.180556 0.0109375 0.177778 0.003125 0.177778 0.003125 0.347222 0.0125 0.347222 0.0140625 0.35 0.021875 0.35 0.0234375 0.347222 0.025 0.347222 0.0265625 0.344444 0.028125 0.344444 0.0296875 0.341667 0.034375 0.341667 0.0359375 0.344444 0.0390625 0.344444 0.040625 0.347222 0.0421875 0.347222 0.04375 0.35 0.0453125 0.35 0.046875 0.352778 0.0484375 0.352778 0.05 0.355556 0.053125 0.355556 0.0546875 0.358333 0.05625 0.358333 0.0578125 0.361111 0.0609375 0.361111 0.0625 0.363889 0.065625 0.363889 0.0671875 0.366667 0.071875 0.366667 0.0734375 0.369444 0.078125 0.369444 0.0796875 0.372222 0.0828125 0.372222 0.084375 0.375 0.0875 0.375 0.0890625 0.377778 0.090625 0.377778 0.09375 0.383333 0.09375 0.391667 0.110937 0.391667 0.110937 0.380556 0.1125 0.377778 0.1125 0.366667 0.109375 0.361111 0.109375 0.355556 0.107813 0.352778 0.107813 0.35 0.10625 0.347222 0.107813 0.344444 0.110937 0.344444 0.1125 0.347222 0.115625 0.347222 0.117188 0.35 0.134375 0.35 0.134375 0.347222 0.129688 0.347222 0.128125 0.344444 0.114063 0.344444 0.1125 0.341667 0.1125 0.338889 0.110937 0.336111 0.109375 0.336111 0.107813 0.333333 0.107813 0.330556 0.10625 0.327778 0.109375 0.322222 0.1125 0.322222 0.114063 0.319444 0.13125 0.319444 0.132812 0.316667 0.140625 0.316667 0.142188 0.313889 0.140625 0.311111 0.140625 0.308333 0.1375 0.302778 0.134375 0.302778 0.132812 0.3 0.129688 0.3 0.128125 0.297222 0.125 0.297222 0.123438 0.294444 0.121875 0.294444 0.120312 0.291667 0.11875 0.291667 0.114063 0.283333 0.114063 0.280556 0.115625 0.277778 0.117188 0.277778 0.11875 0.275 0.129688 0.275 0.13125 0.277778 0.142188 0.277778 0.14375 0.275 0.151562 0.275 0.151562 0.255556 0.14375 0.255556 0.140625 0.25 0.1375 0.25 0.135937 0.247222 0.134375 0.247222 0.132812 0.244444 0.126563 0.244444 0.125 0.241667 0.120312 0.241667 0.11875 0.238889 0.114063 0.238889 0.1125 0.236111 0.110937 0.236111 0.109375 0.233333 0.107813 0.233333 0.10625 0.230556 0.104687 0.230556 0.0953125 0.213889 0.0953125 0.211111 0.09375 0.208333 0.09375 0.194444 0.096875 0.188889 0.0984375 0.188889 0.1 0.186111 0.101562 0.186111 0.103125 0.183333 0.104687 0.183333 0.1125 0.169444 0.1125 0.166667 0.117188 0.158333 0.117188 0.152778 0.11875 0.15 0.11875 0.138889
0 0.13125 0.347222 0.132812 0.35 0.13125 0.347222 0.125 0.347222 0.13125 0.347222 0.134375 0.319444 0.135937 0.316667 0.140625 0.316667 0.142188 0.313889 0.140625 0.311111 0.140625 0.308333 0.1375 0.302778 0.135937 0.302778 0.134375 0.3 0.13125 0.3 0.128125 0.294444 0.125 0.294444 0.123438 0.291667 0.120312 0.291667 0.117188 0.286111 0.115625 0.286111 0.114063 0.283333 0.114063 0.280556 0.115625 0.277778 0.117188 0.277778 0.11875 0.275 0.129688 0.275 0.13125 0.277778 0.142188 0.277778 0.14375 0.275 0.151562 0.275 0.151562 0.258333 0.145313 0.258333 0.142188 0.252778 0.140625 0.252778 0.139062 0.25 0.1375 0.25 0.135937 0.247222 0.13125 0.247222 0.129688 0.244444 0.125 0.244444 0.123438 0.241667 0.11875 0.241667 0.117188 0.238889 0.114063 0.238889 0.1125 0.236111 0.110937 0.236111 0.109375 0.233333 0.107813 0.233333 0.10625 0.230556 0.104687 0.230556 0.0953125 0.213889 0.0953125 0.211111 0.09375 0.208333 0.09375 0.194444 0.096875 0.188889 0.0984375 0.188889 0.1 0.186111 0.101562 0.186111 0.104687 0.180556 0.10625 0.180556 0.110937 0.172222 0.110937 0.169444 0.115625 0.161111 0.115625 0.158333 0.117188 0.155556 0.117188 0.138889 0.0859375 0.138889 0.0859375 0.147222 0.0828125 0.152778 0.08125 0.152778 0.0796875 0.155556 0.0765625 0.155556 0.075 0.158333 0.0734375 0.158333 0.071875 0.161111 0.06875 0.161111 0.0671875 0.163889 0.0640625 0.163889 0.0625 0.166667 0.0609375 0.166667 0.0578125 0.172222 0.05625 0.172222 0.053125 0.177778 0.05 0.177778 0.046875 0.183333 0.0453125 0.183333 0.0421875 0.188889 0.0421875 0.191667 0.040625 0.194444 0.0390625 0.194444 0.0375 0.197222 0.03125 0.197222 0.0296875 0.194444 0.0265625 0.194444 0.025 0.191667 0.0234375 0.191667 0.021875 0.188889 0.0203125 0.188889 0.01875 0.186111 0.0171875 0.186111 0.015625 0.183333 0.0140625 0.183333 0.0109375 0.177778 0.003125 0.177778 0.003125 0.347222 0.0125 0.347222 0.0140625 0.35 0.021875 0.35 0.0234375 0.347222 0.0265625 0.347222 0.028125 0.344444 0.0375 0.344444 0.0390625 0.347222 0.040625 0.347222 0.0421875 0.35 0.04375 0.35 0.0453125 0.352778 0.0484375 0.352778 0.05 0.355556 0.053125 0.355556 0.0546875 0.358333 0.05625 0.358333 0.0578125 0.361111 0.0609375 0.361111 0.0625 0.363889 0.065625 0.363889 0.0671875 0.366667 0.071875 0.366667 0.0734375 0.369444 0.078125 0.369444 0.0796875 0.372222 0.0828125 0.372222 0.084375 0.375 0.0859375 0.375 0.0875 0.377778 0.090625 0.377778 0.0921875 0.380556 0.09375 0.380556 0.0953125 0.383333 0.0953125 0.391667 0.110937 0.391667 0.110937 0.377778 0.1125 0.375 0.1125 0.369444 0.110937 0.366667 0.110937 0.363889 0.109375 0.361111 0.109375 0.358333 0.104687 0.35 0.104687 0.347222 0.10625 0.344444 0.10625 0.341667 0.107813 0.338889 0.107813 0.327778 0.110937 0.322222 0.114063 0.322222 0.115625 0.319444 0.134375 0.319444
2 0.0890625 0.383333 0.090625 0.383333 0.0890625 0.383333 0.0734375 0.372222 0.176563 0.25 0.178125 0.252778 0.179688 0.25 0.18125 0.25 0.18125 0.247222 0.189063 0.227778 0.1 0.211111 0.0984375 0.211111 0.096875 0.208333 0.096875 0.205556 0.0953125 0.202778 0.0953125 0.197222 0.09375 0.194444 0.0953125 0.194444 0.096875 0.191667 0.101562 0.191667 0.034375 0.186111 0.034375 0.188889 0.0359375 0.191667 0.034375 0.191667 0.0328125 0.194444 0.028125 0.0638889 0.034375 0.0638889 0.0359375 0.0611111 0.0375 0.0611111 0.0375 0.0583333 0.0390625 0.0555556 0.040625 0.0555556 0.0453125 0.0638889 0.0484375 0.0638889 0.05 0.0611111 0.053125 0.0611111 0.0546875 0.0638889 0.05625 0.0638889 0.0578125 0.0666667 0.0671875 0.0666667 0.06875 0.0694444 0.0765625 0.0694444 0.078125 0.0722222 0.08125 0.0722222 0.0828125 0.075 0.0859375 0.075 0.0875 0.0777778 0.09375 0.0777778 0.0953125 0.0805556 0.0984375 0.0805556 0.1 0.0777778 0.103125 0.0777778 0.104687 0.0805556 0.110937 0.0805556 0.1125 0.0833333 0.117188 0.0833333 0.11875 0.0861111 0.121875 0.0861111 0.128125 0.0972222 0.128125 0.102778 0.129688 0.105556 0.129688 0.111111 0.13125 0.113889 0.13125 0.127778 0.132812 0.130556 0.132812 0.133333 0.134375 0.136111 0.134375 0.141667 0.135937 0.144444 0.135937 0.147222 0.1375 0.147222 0.139062 0.15 0.140625 0.15 0.142188 0.152778 0.14375 0.152778 0.145313 0.155556 0.153125 0.155556 0.154687 0.158333 0.15625 0.158333 0.157813 0.161111 0.157813 0.163889 0.159375 0.166667 0.159375 0.163889 0.1625 0.158333 0.16875 0.158333 0.170312 0.155556 0.185937 0.155556 0.1875 0.152778 0.192188 0.152778 0.195312 0.147222 0.195312 0.144444 0.19375 0.141667 0.19375 0.138889 0.195312 0.136111 0.196875 0.136111 0.198437 0.133333 0.203125 0.133333 0.204688 0.130556 0.210938 0.130556 0.2125 0.133333 0.214062 0.133333 0.217187 0.138889 0.217187 0.147222 0.21875 0.147222 0.220313 0.15 0.223438 0.15 0.225 0.152778 0.226562 0.152778 0.228125 0.155556 0.229687 0.155556 0.232812 0.161111 0.232812 0.169444 0.235938 0.175 0.2375 0.175 0.240625 0.180556 0.240625 0.183333 0.2375 0.188889 0.2375 0.191667 0.234375 0.197222 0.232812 0.197222 0.228125 0.205556 0.228125 0.213889 0.225 0.219444 0.223438 0.219444 0.21875 0.227778 0.21875 0.236111 0.217187 0.238889 0.215625 0.238889 0.214062 0.241667 0.209375 0.241667 0.207813 0.244444 0.2 0.244444 0.198437 0.247222 0.19375 0.247222 0.192188 0.244444 0.1875 0.244444 0.184375 0.25 0.189063 0.258333 0.189063 0.261111 0.1875 0.263889 0.185937 0.263889 0.184375 0.266667 0.173438 0.266667 0.171875 0.269444 0.16875 0.269444 0.167187 0.266667 0.157813 0.266667 0.154687 0.272222 0.151562 0.272222 0.15 0.275 0.14375 0.275 0.142188 0.277778 0.134375 0.277778 0.132812 0.275 0.117188 0.275 0.115625 0.277778 0.114063 0.277778 0.1125 0.280556 0.120312 0.294444 0.121875 0.294444 0.123438 0.297222 0.128125 0.297222 0.129688 0.3 0.13125 0.3 0.132812 0.302778 0.132812 0.313889 0.13125 0.316667 0.129688 0.316667 0.128125 0.319444 0.121875 0.319444 0.120312 0.322222 0.11875 0.322222 0.117188 0.325 0.115625 0.325 0.115625 0.327778 0.117188 0.330556 0.11875 0.330556 0.120312 0.333333 0.121875 0.333333 0.125 0.338889 0.128125 0.338889 0.129688 0.341667 0.13125 0.341667 0.132812 0.344444 0.134375 0.344444 0.1375 0.35 0.134375 0.355556 0.132812 0.355556 0.13125 0.358333 0.117188 0.358333 0.117188 0.361111 0.11875 0.363889 0.11875 0.366667 0.120312 0.369444 0.120312 0.377778 0.121875 0.380556 0.128125 0.380556 0.129688 0.377778 0.13125 0.377778 0.132812 0.375 0.153125 0.375 0.154687 0.377778 0.15625 0.377778 0.157813 0.380556 0.160938 0.380556 0.1625 0.377778 0.164062 0.377778 0.167187 0.383333 0.167187 0.386111 0.16875 0.388889 0.16875 0.397222 0.170312 0.4 0.170312 0.405556 0.171875 0.408333 0.171875 0.425 0.170312 0.427778 0.171875 0.430556 0.171875 0.472222 0.173438 0.475 0.173438 0.511111 0.175 0.513889 0.175 0.536111 0.176563 0.538889 0.176563 0.555556 0.178125 0.558333 0.178125 0.575 0.179688 0.577778 0.179688 0.597222 0.18125 0.6 0.18125 0.65 0.182812 0.652778 0.182812 0.7 0.184375 0.702778 0.184375 0.722222 0.185937 0.725 0.185937 0.775 0.1875 0.777778 0.1875 0.797222 0.189063 0.8 0.189063 0.813889 0.190625 0.816667 0.190625 0.827778 0.192188 0.830556 0.192188 0.841667 0.19375 0.844444 0.19375 0.852778 0.195312 0.855556 0.195312 0.861111 0.196875 0.863889 0.196875 0.866667 0.204688 0.880556 0.20625 0.880556 0.209375 0.886111 0.215625 0.886111 0.217187 0.888889 0.220313 0.888889 0.221875 0.891667 0.223438 0.891667 0.225 0.894444 0.226562 0.894444 0.228125 0.897222 0.232812 0.897222 0.239063 0.908333 0.239063 0.911111 0.240625 0.913889 0.240625 0.916667 0.242188 0.919444 0.242188 0.925 0.24375 0.927778 0.24375 0.938889 0.245312 0.941667 0.245312 0.947222 0.246875 0.95 0.246875 0.961111 0.248437 0.963889 0.25 0.963889 0.25625 0.975 0.25625 0.977778 0.257812 0.980556 0.264062 0.980556 0.265625 0.983333 0.265625 1 0.998438 1 0.998438 0 0.967188 0 0.967188 0.00277778 0.964063 0.00833333 0.959375 0.00833333 0.957812 0.0111111 0.95625 0.00833333 0.948438 0.00833333 0.945312 0.00277778 0.945312 0 0.657812 0 0.657812 0.00277778 0.65625 0.00555556 0.639063 0.00555556 0.6375 0.00277778 0.6375 0 0.028125 0 0.028125 0.0638889 0.0328125 0.194444 0.028125 0.194444 0.028125 0.186111 0.034375 0.186111 0.101562 0.191667 0.103125 0.188889 0.104687 0.191667 0.104687 0.211111 0.103125 0.213889 0.101562 0.213889 0.1 0.211111 0.189063 0.227778 0.189063 0.227778 0.18125 0.247222 0.176563 0.247222 0.176563 0.25 0.0734375 0.372222 0.071875 0.372222 0.0703125 0.369444 0.0625 0.369444 0.0609375 0.366667 0.059375 0.366667 0.0578125 0.363889 0.0578125 0.361111 0.05625 0.361111 0.0546875 0.358333 0.0515625 0.358333 0.05 0.355556 0.0484375 0.355556 0.0390625 0.338889 0.0375 0.338889 0.0359375 0.336111 0.028125 0.336111 0.028125 0.377778 0.0390625 0.377778 0.040625 0.375 0.0453125 0.375 0.046875 0.372222 0.0484375 0.375 0.0671875 0.375 0.06875 0.372222 0.0734375 0.372222
0 0.084375 0.138889 0.084375 0.147222 0.08125 0.152778 0.0796875 0.152778 0.078125 0.155556 0.0765625 0.155556 0.075 0.158333 0.071875 0.158333 0.0703125 0.161111 0.0671875 0.161111 0.065625 0.163889 0.0640625 0.163889 0.0625 0.166667 0.0609375 0.166667 0.059375 0.169444 0.0578125 0.169444 0.0546875 0.175 0.053125 0.175 0.0515625 0.177778 0.05 0.177778 0.0484375 0.180556 0.046875 0.180556 0.0390625 0.194444 0.0375 0.194444 0.0359375 0.197222 0.03125 0.197222 0.0296875 0.194444 0.0265625 0.194444 0.025 0.191667 0.0234375 0.191667 0.021875 0.188889 0.0203125 0.188889 0.01875 0.186111 0.0171875 0.186111 0.0140625 0.180556 0.0125 0.180556 0.0109375 0.177778 0.003125 0.177778 0.003125 0.347222 0.0125 0.347222 0.0140625 0.35 0.021875 0.35 0.0234375 0.347222 0.025 0.347222 0.0265625 0.344444 0.028125 0.344444 0.0296875 0.341667 0.034375 0.341667 0.0359375 0.344444 0.0390625 0.344444 0.040625 0.347222 0.0421875 0.347222 0.04375 0.35 0.0453125 0.35 0.046875 0.352778 0.0484375 0.352778 0.05 0.355556 0.053125 0.355556 0.0546875 0.358333 0.05625 0.358333 0.0578125 0.361111 0.0609375 0.361111 0.0625 0.363889 0.065625 0.363889 0.0671875 0.366667 0.071875 0.366667 0.0734375 0.369444 0.078125 0.369444 0.0796875 0.372222 0.0828125 0.372222 0.084375 0.375 0.0875 0.375 0.0890625 0.377778 0.090625 0.377778 0.09375 0.383333 0.09375 0.391667 0.110937 0.391667 0.110937 0.380556 0.1125 0.377778 0.1125 0.366667 0.109375 0.361111 0.109375 0.355556 0.107813 0.352778 0.107813 0.35 0.10625 0.347222 0.107813 0.344444 0.110937 0.344444 0.1125 0.347222 0.115625 0.347222 0.117188 0.35 0.134375 0.35 0.134375 0.347222 0.129688 0.347222 0.128125 0.344444 0.114063 0.344444 0.1125 0.341667 0.1125 0.338889 0.110937 0.336111 0.109375 0.336111 0.107813 0.333333 0.107813 0.330556 0.10625 0.327778 0.109375 0.322222 0.1125 0.322222 0.114063 0.319444 0.13125 0.319444 0.132812 0.316667 0.140625 0.316667 0.142188 0.313889 0.140625 0.311111 0.140625 0.308333 0.1375 0.302778 0.134375 0.302778 0.132812 0.3 0.129688 0.3 0.128125 0.297222 0.125 0.297222 0.123438 0.294444 0.121875 0.294444 0.120312 0.291667 0.11875 0.291667 0.114063 0.283333 0.114063 0.280556 0.115625 0.277778 0.117188 0.277778 0.11875 0.275 0.129688 0.275 0.13125 0.277778 0.142188 0.277778 0.14375 0.275 0.151562 0.275 0.151562 0.255556 0.14375 0.255556 0.140625 0.25 0.1375 0.25 0.135937 0.247222 0.134375 0.247222 0.132812 0.244444 0.126563 0.244444 0.125 0.241667 0.120312 0.241667 0.11875 0.238889 0.114063 0.238889 0.1125 0.236111 0.110937 0.236111 0.109375 0.233333 0.107813 0.233333 0.10625 0.230556 0.104687 0.230556 0.0953125 0.213889 0.0953125 0.211111 0.09375 0.208333 0.09375 0.194444 0.096875 0.188889 0.0984375 0.188889 0.1 0.186111 0.101562 0.186111 0.103125 0.183333 0.104687 0.183333 0.1125 0.169444 0.1125 0.166667 0.117188 0.158333 0.117188 0.152778 0.11875 0.15 0.11875 0.138889
0 0.13125 0.347222 0.132812 0.35 0.13125 0.347222 0.125 0.347222 0.13125 0.347222 0.134375 0.319444 0.135937 0.316667 0.140625 0.316667 0.142188 0.313889 0.140625 0.311111 0.140625 0.308333 0.1375 0.302778 0.135937 0.302778 0.134375 0.3 0.13125 0.3 0.128125 0.294444 0.125 0.294444 0.123438 0.291667 0.120312 0.291667 0.117188 0.286111 0.115625 0.286111 0.114063 0.283333 0.114063 0.280556 0.115625 0.277778 0.117188 0.277778 0.11875 0.275 0.129688 0.275 0.13125 0.277778 0.142188 0.277778 0.14375 0.275 0.151562 0.275 0.151562 0.258333 0.145313 0.258333 0.142188 0.252778 0.140625 0.252778 0.139062 0.25 0.1375 0.25 0.135937 0.247222 0.13125 0.247222 0.129688 0.244444 0.125 0.244444 0.123438 0.241667 0.11875 0.241667 0.117188 0.238889 0.114063 0.238889 0.1125 0.236111 0.110937 0.236111 0.109375 0.233333 0.107813 0.233333 0.10625 0.230556 0.104687 0.230556 0.0953125 0.213889 0.0953125 0.211111 0.09375 0.208333 0.09375 0.194444 0.096875 0.188889 0.0984375 0.188889 0.1 0.186111 0.101562 0.186111 0.104687 0.180556 0.10625 0.180556 0.110937 0.172222 0.110937 0.169444 0.115625 0.161111 0.115625 0.158333 0.117188 0.155556 0.117188 0.138889 0.0859375 0.138889 0.0859375 0.147222 0.0828125 0.152778 0.08125 0.152778 0.0796875 0.155556 0.0765625 0.155556 0.075 0.158333 0.0734375 0.158333 0.071875 0.161111 0.06875 0.161111 0.0671875 0.163889 0.0640625 0.163889 0.0625 0.166667 0.0609375 0.166667 0.0578125 0.172222 0.05625 0.172222 0.053125 0.177778 0.05 0.177778 0.046875 0.183333 0.0453125 0.183333 0.0421875 0.188889 0.0421875 0.191667 0.040625 0.194444 0.0390625 0.194444 0.0375 0.197222 0.03125 0.197222 0.0296875 0.194444 0.0265625 0.194444 0.025 0.191667 0.0234375 0.191667 0.021875 0.188889 0.0203125 0.188889 0.01875 0.186111 0.0171875 0.186111 0.015625 0.183333 0.0140625 0.183333 0.0109375 0.177778 0.003125 0.177778 0.003125 0.347222 0.0125 0.347222 0.0140625 0.35 0.021875 0.35 0.0234375 0.347222 0.0265625 0.347222 0.028125 0.344444 0.0375 0.344444 0.0390625 0.347222 0.040625 0.347222 0.0421875 0.35 0.04375 0.35 0.0453125 0.352778 0.0484375 0.352778 0.05 0.355556 0.053125 0.355556 0.0546875 0.358333 0.05625 0.358333 0.0578125 0.361111 0.0609375 0.361111 0.0625 0.363889 0.065625 0.363889 0.0671875 0.366667 0.071875 0.366667 0.0734375 0.369444 0.078125 0.369444 0.0796875 0.372222 0.0828125 0.372222 0.084375 0.375 0.0859375 0.375 0.0875 0.377778 0.090625 0.377778 0.0921875 0.380556 0.09375 0.380556 0.0953125 0.383333 0.0953125 0.391667 0.110937 0.391667 0.110937 0.377778 0.1125 0.375 0.1125 0.369444 0.110937 0.366667 0.110937 0.363889 0.109375 0.361111 0.109375 0.358333 0.104687 0.35 0.104687 0.347222 0.10625 0.344444 0.10625 0.341667 0.107813 0.338889 0.107813 0.327778 0.110937 0.322222 0.114063 0.322222 0.115625 0.319444 0.134375 0.319444
2 0.0890625 0.383333 0.090625 0.383333 0.0890625 0.383333 0.0734375 0.372222 0.176563 0.25 0.178125 0.252778 0.179688 0.25 0.18125 0.25 0.18125 0.247222 0.189063 0.227778 0.1 0.211111 0.0984375 0.211111 0.096875 0.208333 0.096875 0.205556 0.0953125 0.202778 0.0953125 0.197222 0.09375 0.194444 0.0953125 0.194444 0.096875 0.191667 0.101562 0.191667 0.034375 0.186111 0.034375 0.188889 0.0359375 0.191667 0.034375 0.191667 0.0328125 0.194444 0.028125 0.0638889 0.034375 0.0638889 0.0359375 0.0611111 0.0375 0.0611111 0.0375 0.0583333 0.0390625 0.0555556 0.040625 0.0555556 0.0453125 0.0638889 0.0484375 0.0638889 0.05 0.0611111 0.053125 0.0611111 0.0546875 0.0638889 0.05625 0.0638889 0.0578125 0.0666667 0.0671875 0.0666667 0.06875 0.0694444 0.0765625 0.0694444 0.078125 0.0722222 0.08125 0.0722222 0.0828125 0.075 0.0859375 0.075 0.0875 0.0777778 0.09375 0.0777778 0.0953125 0.0805556 0.0984375 0.0805556 0.1 0.0777778 0.103125 0.0777778 0.104687 0.0805556 0.110937 0.0805556 0.1125 0.0833333 0.117188 0.0833333 0.11875 0.0861111 0.121875 0.0861111 0.128125 0.0972222 0.128125 0.102778 0.129688 0.105556 0.129688 0.111111 0.13125 0.113889 0.13125 0.127778 0.132812 0.130556 0.132812 0.133333 0.134375 0.136111 0.134375 0.141667 0.135937 0.144444 0.135937 0.147222 0.1375 0.147222 0.139062 0.15 0.140625 0.15 0.142188 0.152778 0.14375 0.152778 0.145313 0.155556 0.153125 0.155556 0.154687 0.158333 0.15625 0.158333 0.157813 0.161111 0.157813 0.163889 0.159375 0.166667 0.159375 0.163889 0.1625 0.158333 0.16875 0.158333 0.170312 0.155556 0.185937 0.155556 0.1875 0.152778 0.192188 0.152778 0.195312 0.147222 0.195312 0.144444 0.19375 0.141667 0.19375 0.138889 0.195312 0.136111 0.196875 0.136111 0.198437 0.133333 0.203125 0.133333 0.204688 0.130556 0.210938 0.130556 0.2125 0.133333 0.214062 0.133333 0.217187 0.138889 0.217187 0.147222 0.21875 0.147222 0.220313 0.15 0.223438 0.15 0.225 0.152778 0.226562 0.152778 0.228125 0.155556 0.229687 0.155556 0.232812 0.161111 0.232812 0.169444 0.235938 0.175 0.2375 0.175 0.240625 0.180556 0.240625 0.183333 0.2375 0.188889 0.2375 0.191667 0.234375 0.197222 0.232812 0.197222 0.228125 0.205556 0.228125 0.213889 0.225 0.219444 0.223438 0.219444 0.21875 0.227778 0.21875 0.236111 0.217187 0.238889 0.215625 0.238889 0.214062 0.241667 0.209375 0.241667 0.207813 0.244444 0.2 0.244444 0.198437 0.247222 0.19375 0.247222 0.192188 0.244444 0.1875 0.244444 0.184375 0.25 0.189063 0.258333 0.189063 0.261111 0.1875 0.263889 0.185937 0.263889 0.184375 0.266667 0.173438 0.266667 0.171875 0.269444 0.16875 0.269444 0.167187 0.266667 0.157813 0.266667 0.154687 0.272222 0.151562 0.272222 0.15 0.275 0.14375 0.275 0.142188 0.277778 0.134375 0.277778 0.132812 0.275 0.117188 0.275 0.115625 0.277778 0.114063 0.277778 0.1125 0.280556 0.120312 0.294444 0.121875 0.294444 0.123438 0.297222 0.128125 0.297222 0.129688 0.3 0.13125 0.3 0.132812 0.302778 0.132812 0.313889 0.13125 0.316667 0.129688 0.316667 0.128125 0.319444 0.121875 0.319444 0.120312 0.322222 0.11875 0.322222 0.117188 0.325 0.115625 0.325 0.115625 0.327778 0.117188 0.330556 0.11875 0.330556 0.120312 0.333333 0.121875 0.333333 0.125 0.338889 0.128125 0.338889 0.129688 0.341667 0.13125 0.341667 0.132812 0.344444 0.134375 0.344444 0.1375 0.35 0.134375 0.355556 0.132812 0.355556 0.13125 0.358333 0.117188 0.358333 0.117188 0.361111 0.11875 0.363889 0.11875 0.366667 0.120312 0.369444 0.120312 0.377778 0.121875 0.380556 0.128125 0.380556 0.129688 0.377778 0.13125 0.377778 0.132812 0.375 0.153125 0.375 0.154687 0.377778 0.15625 0.377778 0.157813 0.380556 0.160938 0.380556 0.1625 0.377778 0.164062 0.377778 0.167187 0.383333 0.167187 0.386111 0.16875 0.388889 0.16875 0.397222 0.170312 0.4 0.170312 0.405556 0.171875 0.408333 0.171875 0.425 0.170312 0.427778 0.171875 0.430556 0.171875 0.472222 0.173438 0.475 0.173438 0.511111 0.175 0.513889 0.175 0.536111 0.176563 0.538889 0.176563 0.555556 0.178125 0.558333 0.178125 0.575 0.179688 0.577778 0.179688 0.597222 0.18125 0.6 0.18125 0.65 0.182812 0.652778 0.182812 0.7 0.184375 0.702778 0.184375 0.722222 0.185937 0.725 0.185937 0.775 0.1875 0.777778 0.1875 0.797222 0.189063 0.8 0.189063 0.813889 0.190625 0.816667 0.190625 0.827778 0.192188 0.830556 0.192188 0.841667 0.19375 0.844444 0.19375 0.852778 0.195312 0.855556 0.195312 0.861111 0.196875 0.863889 0.196875 0.866667 0.204688 0.880556 0.20625 0.880556 0.209375 0.886111 0.215625 0.886111 0.217187 0.888889 0.220313 0.888889 0.221875 0.891667 0.223438 0.891667 0.225 0.894444 0.226562 0.894444 0.228125 0.897222 0.232812 0.897222 0.239063 0.908333 0.239063 0.911111 0.240625 0.913889 0.240625 0.916667 0.242188 0.919444 0.242188 0.925 0.24375 0.927778 0.24375 0.938889 0.245312 0.941667 0.245312 0.947222 0.246875 0.95 0.246875 0.961111 0.248437 0.963889 0.25 0.963889 0.25625 0.975 0.25625 0.977778 0.257812 0.980556 0.264062 0.980556 0.265625 0.983333 0.265625 1 0.998438 1 0.998438 0 0.967188 0 0.967188 0.00277778 0.964063 0.00833333 0.959375 0.00833333 0.957812 0.0111111 0.95625 0.00833333 0.948438 0.00833333 0.945312 0.00277778 0.945312 0 0.657812 0 0.657812 0.00277778 0.65625 0.00555556 0.639063 0.00555556 0.6375 0.00277778 0.6375 0 0.028125 0 0.028125 0.0638889 0.0328125 0.194444 0.028125 0.194444 0.028125 0.186111 0.034375 0.186111 0.101562 0.191667 0.103125 0.188889 0.104687 0.191667 0.104687 0.211111 0.103125 0.213889 0.101562 0.213889 0.1 0.211111 0.189063 0.227778 0.189063 0.227778 0.18125 0.247222 0.176563 0.247222 0.176563 0.25 0.0734375 0.372222 0.071875 0.372222 0.0703125 0.369444 0.0625 0.369444 0.0609375 0.366667 0.059375 0.366667 0.0578125 0.363889 0.0578125 0.361111 0.05625 0.361111 0.0546875 0.358333 0.0515625 0.358333 0.05 0.355556 0.0484375 0.355556 0.0390625 0.338889 0.0375 0.338889 0.0359375 0.336111 0.028125 0.336111 0.028125 0.377778 0.0390625 0.377778 0.040625 0.375 0.0453125 0.375 0.046875 0.372222 0.0484375 0.375 0.0671875 0.375 0.06875 0.372222 0.0734375 0.372222
0 0.084375 0.138889 0.084375 0.147222 0.08125 0.152778 0.0796875 0.152778 0.078125 0.155556 0.0765625 0.155556 0.075 0.158333 0.071875 0.158333 0.0703125 0.161111 0.0671875 0.161111 0.065625 0.163889 0.0640625 0.163889 0.0625 0.166667 0.0609375 0.166667 0.059375 0.169444 0.0578125 0.169444 0.0546875 0.175 0.053125 0.175 0.0515625 0.177778 0.05 0.177778 0.0484375 0.180556 0.046875 0.180556 0.0390625 0.194444 0.0375 0.194444 0.0359375 0.197222 0.03125 0.197222 0.0296875 0.194444 0.0265625 0.194444 0.025 0.191667 0.0234375 0.191667 0.021875 0.188889 0.0203125 0.188889 0.01875 0.186111 0.0171875 0.186111 0.0140625 0.180556 0.0125 0.180556 0.0109375 0.177778 0.003125 0.177778 0.003125 0.347222 0.0125 0.347222 0.0140625 0.35 0.021875 0.35 0.0234375 0.347222 0.025 0.347222 0.0265625 0.344444 0.028125 0.344444 0.0296875 0.341667 0.034375 0.341667 0.0359375 0.344444 0.0390625 0.344444 0.040625 0.347222 0.0421875 0.347222 0.04375 0.35 0.0453125 0.35 0.046875 0.352778 0.0484375 0.352778 0.05 0.355556 0.053125 0.355556 0.0546875 0.358333 0.05625 0.358333 0.0578125 0.361111 0.0609375 0.361111 0.0625 0.363889 0.065625 0.363889 0.0671875 0.366667 0.071875 0.366667 0.0734375 0.369444 0.078125 0.369444 0.0796875 0.372222 0.0828125 0.372222 0.084375 0.375 0.0875 0.375 0.0890625 0.377778 0.090625 0.377778 0.09375 0.383333 0.09375 0.391667 0.110937 0.391667 0.110937 0.380556 0.1125 0.377778 0.1125 0.366667 0.109375 0.361111 0.109375 0.355556 0.107813 0.352778 0.107813 0.35 0.10625 0.347222 0.107813 0.344444 0.110937 0.344444 0.1125 0.347222 0.115625 0.347222 0.117188 0.35 0.134375 0.35 0.134375 0.347222 0.129688 0.347222 0.128125 0.344444 0.114063 0.344444 0.1125 0.341667 0.1125 0.338889 0.110937 0.336111 0.109375 0.336111 0.107813 0.333333 0.107813 0.330556 0.10625 0.327778 0.109375 0.322222 0.1125 0.322222 0.114063 0.319444 0.13125 0.319444 0.132812 0.316667 0.140625 0.316667 0.142188 0.313889 0.140625 0.311111 0.140625 0.308333 0.1375 0.302778 0.134375 0.302778 0.132812 0.3 0.129688 0.3 0.128125 0.297222 0.125 0.297222 0.123438 0.294444 0.121875 0.294444 0.120312 0.291667 0.11875 0.291667 0.114063 0.283333 0.114063 0.280556 0.115625 0.277778 0.117188 0.277778 0.11875 0.275 0.129688 0.275 0.13125 0.277778 0.142188 0.277778 0.14375 0.275 0.151562 0.275 0.151562 0.255556 0.14375 0.255556 0.140625 0.25 0.1375 0.25 0.135937 0.247222 0.134375 0.247222 0.132812 0.244444 0.126563 0.244444 0.125 0.241667 0.120312 0.241667 0.11875 0.238889 0.114063 0.238889 0.1125 0.236111 0.110937 0.236111 0.109375 0.233333 0.107813 0.233333 0.10625 0.230556 0.104687 0.230556 0.0953125 0.213889 0.0953125 0.211111 0.09375 0.208333 0.09375 0.194444 0.096875 0.188889 0.0984375 0.188889 0.1 0.186111 0.101562 0.186111 0.103125 0.183333 0.104687 0.183333 0.1125 0.169444 0.1125 0.166667 0.117188 0.158333 0.117188 0.152778 0.11875 0.15 0.11875 0.138889
0 0.13125 0.347222 0.132812 0.35 0.13125 0.347222 0.125 0.347222 0.13125 0.347222 0.134375 0.319444 0.135937 0.316667 0.140625 0.316667 0.142188 0.313889 0.140625 0.311111 0.140625 0.308333 0.1375 0.302778 0.135937 0.302778 0.134375 0.3 0.13125 0.3 0.128125 0.294444 0.125 0.294444 0.123438 0.291667 0.120312 0.291667 0.117188 0.286111 0.115625 0.286111 0.114063 0.283333 0.114063 0.280556 0.115625 0.277778 0.117188 0.277778 0.11875 0.275 0.129688 0.275 0.13125 0.277778 0.142188 0.277778 0.14375 0.275 0.151562 0.275 0.151562 0.258333 0.145313 0.258333 0.142188 0.252778 0.140625 0.252778 0.139062 0.25 0.1375 0.25 0.135937 0.247222 0.13125 0.247222 0.129688 0.244444 0.125 0.244444 0.123438 0.241667 0.11875 0.241667 0.117188 0.238889 0.114063 0.238889 0.1125 0.236111 0.110937 0.236111 0.109375 0.233333 0.107813 0.233333 0.10625 0.230556 0.104687 0.230556 0.0953125 0.213889 0.0953125 0.211111 0.09375 0.208333 0.09375 0.194444 0.096875 0.188889 0.0984375 0.188889 0.1 0.186111 0.101562 0.186111 0.104687 0.180556 0.10625 0.180556 0.110937 0.172222 0.110937 0.169444 0.115625 0.161111 0.115625 0.158333 0.117188 0.155556 0.117188 0.138889 0.0859375 0.138889 0.0859375 0.147222 0.0828125 0.152778 0.08125 0.152778 0.0796875 0.155556 0.0765625 0.155556 0.075 0.158333 0.0734375 0.158333 0.071875 0.161111 0.06875 0.161111 0.0671875 0.163889 0.0640625 0.163889 0.0625 0.166667 0.0609375 0.166667 0.0578125 0.172222 0.05625 0.172222 0.053125 0.177778 0.05 0.177778 0.046875 0.183333 0.0453125 0.183333 0.0421875 0.188889 0.0421875 0.191667 0.040625 0.194444 0.0390625 0.194444 0.0375 0.197222 0.03125 0.197222 0.0296875 0.194444 0.0265625 0.194444 0.025 0.191667 0.0234375 0.191667 0.021875 0.188889 0.0203125 0.188889 0.01875 0.186111 0.0171875 0.186111 0.015625 0.183333 0.0140625 0.183333 0.0109375 0.177778 0.003125 0.177778 0.003125 0.347222 0.0125 0.347222 0.0140625 0.35 0.021875 0.35 0.0234375 0.347222 0.0265625 0.347222 0.028125 0.344444 0.0375 0.344444 0.0390625 0.347222 0.040625 0.347222 0.0421875 0.35 0.04375 0.35 0.0453125 0.352778 0.0484375 0.352778 0.05 0.355556 0.053125 0.355556 0.0546875 0.358333 0.05625 0.358333 0.0578125 0.361111 0.0609375 0.361111 0.0625 0.363889 0.065625 0.363889 0.0671875 0.366667 0.071875 0.366667 0.0734375 0.369444 0.078125 0.369444 0.0796875 0.372222 0.0828125 0.372222 0.084375 0.375 0.0859375 0.375 0.0875 0.377778 0.090625 0.377778 0.0921875 0.380556 0.09375 0.380556 0.0953125 0.383333 0.0953125 0.391667 0.110937 0.391667 0.110937 0.377778 0.1125 0.375 0.1125 0.369444 0.110937 0.366667 0.110937 0.363889 0.109375 0.361111 0.109375 0.358333 0.104687 0.35 0.104687 0.347222 0.10625 0.344444 0.10625 0.341667 0.107813 0.338889 0.107813 0.327778 0.110937 0.322222 0.114063 0.322222 0.115625 0.319444 0.134375 0.319444
2 0.0890625 0.383333 0.090625 0.383333 0.0890625 0.383333 0.0734375 0.372222 0.176563 0.25 0.178125 0.252778 0.179688 0.25 0.18125 0.25 0.18125 0.247222 0.189063 0.227778 0.1 0.211111 0.0984375 0.211111 0.096875 0.208333 0.096875 0.205556 0.0953125 0.202778 0.0953125 0.197222 0.09375 0.194444 0.0953125 0.194444 0.096875 0.191667 0.101562 0.191667 0.034375 0.186111 0.034375 0.188889 0.0359375 0.191667 0.034375 0.191667 0.0328125 0.194444 0.028125 0.0638889 0.034375 0.0638889 0.0359375 0.0611111 0.0375 0.0611111 0.0375 0.0583333 0.0390625 0.0555556 0.040625 0.0555556 0.0453125 0.0638889 0.0484375 0.0638889 0.05 0.0611111 0.053125 0.0611111 0.0546875 0.0638889 0.05625 0.0638889 0.0578125 0.0666667 0.0671875 0.0666667 0.06875 0.0694444 0.0765625 0.0694444 0.078125 0.0722222 0.08125 0.0722222 0.0828125 0.075 0.0859375 0.075 0.0875 0.0777778 0.09375 0.0777778 0.0953125 0.0805556 0.0984375 0.0805556 0.1 0.0777778 0.103125 0.0777778 0.104687 0.0805556 0.110937 0.0805556 0.1125 0.0833333 0.117188 0.0833333 0.11875 0.0861111 0.121875 0.0861111 0.128125 0.0972222 0.128125 0.102778 0.129688 0.105556 0.129688 0.111111 0.13125 0.113889 0.13125 0.127778 0.132812 0.130556 0.132812 0.133333 0.134375 0.136111 0.134375 0.141667 0.135937 0.144444 0.135937 0.147222 0.1375 0.147222 0.139062 0.15 0.140625 0.15 0.142188 0.152778 0.14375 0.152778 0.145313 0.155556 0.153125 0.155556 0.154687 0.158333 0.15625 0.158333 0.157813 0.161111 0.157813 0.163889 0.159375 0.166667 0.159375 0.163889 0.1625 0.158333 0.16875 0.158333 0.170312 0.155556 0.185937 0.155556 0.1875 0.152778 0.192188 0.152778 0.195312 0.147222 0.195312 0.144444 0.19375 0.141667 0.19375 0.138889 0.195312 0.136111 0.196875 0.136111 0.198437 0.133333 0.203125 0.133333 0.204688 0.130556 0.210938 0.130556 0.2125 0.133333 0.214062 0.133333 0.217187 0.138889 0.217187 0.147222 0.21875 0.147222 0.220313 0.15 0.223438 0.15 0.225 0.152778 0.226562 0.152778 0.228125 0.155556 0.229687 0.155556 0.232812 0.161111 0.232812 0.169444 0.235938 0.175 0.2375 0.175 0.240625 0.180556 0.240625 0.183333 0.2375 0.188889 0.2375 0.191667 0.234375 0.197222 0.232812 0.197222 0.228125 0.205556 0.228125 0.213889 0.225 0.219444 0.223438 0.219444 0.21875 0.227778 0.21875 0.236111 0.217187 0.238889 0.215625 0.238889 0.214062 0.241667 0.209375 0.241667 0.207813 0.244444 0.2 0.244444 0.198437 0.247222 0.19375 0.247222 0.192188 0.244444 0.1875 0.244444 0.184375 0.25 0.189063 0.258333 0.189063 0.261111 0.1875 0.263889 0.185937 0.263889 0.184375 0.266667 0.173438 0.266667 0.171875 0.269444 0.16875 0.269444 0.167187 0.266667 0.157813 0.266667 0.154687 0.272222 0.151562 0.272222 0.15 0.275 0.14375 0.275 0.142188 0.277778 0.134375 0.277778 0.132812 0.275 0.117188 0.275 0.115625 0.277778 0.114063 0.277778 0.1125 0.280556 0.120312 0.294444 0.121875 0.294444 0.123438 0.297222 0.128125 0.297222 0.129688 0.3 0.13125 0.3 0.132812 0.302778 0.132812 0.313889 0.13125 0.316667 0.129688 0.316667 0.128125 0.319444 0.121875 0.319444 0.120312 0.322222 0.11875 0.322222 0.117188 0.325 0.115625 0.325 0.115625 0.327778 0.117188 0.330556 0.11875 0.330556 0.120312 0.333333 0.121875 0.333333 0.125 0.338889 0.128125 0.338889 0.129688 0.341667 0.13125 0.341667 0.132812 0.344444 0.134375 0.344444 0.1375 0.35 0.134375 0.355556 0.132812 0.355556 0.13125 0.358333 0.117188 0.358333 0.117188 0.361111 0.11875 0.363889 0.11875 0.366667 0.120312 0.369444 0.120312 0.377778 0.121875 0.380556 0.128125 0.380556 0.129688 0.377778 0.13125 0.377778 0.132812 0.375 0.153125 0.375 0.154687 0.377778 0.15625 0.377778 0.157813 0.380556 0.160938 0.380556 0.1625 0.377778 0.164062 0.377778 0.167187 0.383333 0.167187 0.386111 0.16875 0.388889 0.16875 0.397222 0.170312 0.4 0.170312 0.405556 0.171875 0.408333 0.171875 0.425 0.170312 0.427778 0.171875 0.430556 0.171875 0.472222 0.173438 0.475 0.173438 0.511111 0.175 0.513889 0.175 0.536111 0.176563 0.538889 0.176563 0.555556 0.178125 0.558333 0.178125 0.575 0.179688 0.577778 0.179688 0.597222 0.18125 0.6 0.18125 0.65 0.182812 0.652778 0.182812 0.7 0.184375 0.702778 0.184375 0.722222 0.185937 0.725 0.185937 0.775 0.1875 0.777778 0.1875 0.797222 0.189063 0.8 0.189063 0.813889 0.190625 0.816667 0.190625 0.827778 0.192188 0.830556 0.192188 0.841667 0.19375 0.844444 0.19375 0.852778 0.195312 0.855556 0.195312 0.861111 0.196875 0.863889 0.196875 0.866667 0.204688 0.880556 0.20625 0.880556 0.209375 0.886111 0.215625 0.886111 0.217187 0.888889 0.220313 0.888889 0.221875 0.891667 0.223438 0.891667 0.225 0.894444 0.226562 0.894444 0.228125 0.897222 0.232812 0.897222 0.239063 0.908333 0.239063 0.911111 0.240625 0.913889 0.240625 0.916667 0.242188 0.919444 0.242188 0.925 0.24375 0.927778 0.24375 0.938889 0.245312 0.941667 0.245312 0.947222 0.246875 0.95 0.246875 0.961111 0.248437 0.963889 0.25 0.963889 0.25625 0.975 0.25625 0.977778 0.257812 0.980556 0.264062 0.980556 0.265625 0.983333 0.265625 1 0.998438 1 0.998438 0 0.967188 0 0.967188 0.00277778 0.964063 0.00833333 0.959375 0.00833333 0.957812 0.0111111 0.95625 0.00833333 0.948438 0.00833333 0.945312 0.00277778 0.945312 0 0.657812 0 0.657812 0.00277778 0.65625 0.00555556 0.639063 0.00555556 0.6375 0.00277778 0.6375 0 0.028125 0 0.028125 0.0638889 0.0328125 0.194444 0.028125 0.194444 0.028125 0.186111 0.034375 0.186111 0.101562 0.191667 0.103125 0.188889 0.104687 0.191667 0.104687 0.211111 0.103125 0.213889 0.101562 0.213889 0.1 0.211111 0.189063 0.227778 0.189063 0.227778 0.18125 0.247222 0.176563 0.247222 0.176563 0.25 0.0734375 0.372222 0.071875 0.372222 0.0703125 0.369444 0.0625 0.369444 0.0609375 0.366667 0.059375 0.366667 0.0578125 0.363889 0.0578125 0.361111 0.05625 0.361111 0.0546875 0.358333 0.0515625 0.358333 0.05 0.355556 0.0484375 0.355556 0.0390625 0.338889 0.0375 0.338889 0.0359375 0.336111 0.028125 0.336111 0.028125 0.377778 0.0390625 0.377778 0.040625 0.375 0.0453125 0.375 0.046875 0.372222 0.0484375 0.375 0.0671875 0.375 0.06875 0.372222 0.0734375 0.372222
0 0.084375 0.138889 0.084375 0.147222 0.08125 0.152778 0.0796875 0.152778 0.078125 0.155556 0.0765625 0.155556 0.075 0.158333 0.071875 0.158333 0.0703125 0.161111 0.0671875 0.161111 0.065625 0.163889 0.0640625 0.163889 0.0625 0.166667 0.0609375 0.166667 0.059375 0.169444 0.0578125 0.169444 0.0546875 0.175 0.053125 0.175 0.0515625 0.177778 0.05 0.177778 0.0484375 0.180556 0.046875 0.180556 0.0390625 0.194444 0.0375 0.194444 0.0359375 0.197222 0.03125 0.197222 0.0296875 0.194444 0.0265625 0.194444 0.025 0.191667 0.0234375 0.191667 0.021875 0.188889 0.0203125 0.188889 0.01875 0.186111 0.0171875 0.186111 0.0140625 0.180556 0.0125 0.180556 0.0109375 0.177778 0.003125 0.177778 0.003125 0.347222 0.0125 0.347222 0.0140625 0.35 0.021875 0.35 0.0234375 0.347222 0.025 0.347222 0.0265625 0.344444 0.028125 0.344444 0.0296875 0.341667 0.034375 0.341667 0.0359375 0.344444 0.0390625 0.344444 0.040625 0.347222 0.0421875 0.347222 0.04375 0.35 0.0453125 0.35 0.046875 0.352778 0.0484375 0.352778 0.05 0.355556 0.053125 0.355556 0.0546875 0.358333 0.05625 0.358333 0.0578125 0.361111 0.0609375 0.361111 0.0625 0.363889 0.065625 0.363889 0.0671875 0.366667 0.071875 0.366667 0.0734375 0.369444 0.078125 0.369444 0.0796875 0.372222 0.0828125 0.372222 0.084375 0.375 0.0875 0.375 0.0890625 0.377778 0.090625 0.377778 0.09375 0.383333 0.09375 0.391667 0.110937 0.391667 0.110937 0.380556 0.1125 0.377778 0.1125 0.366667 0.109375 0.361111 0.109375 0.355556 0.107813 0.352778 0.107813 0.35 0.10625 0.347222 0.107813 0.344444 0.110937 0.344444 0.1125 0.347222 0.115625 0.347222 0.117188 0.35 0.134375 0.35 0.134375 0.347222 0.129688 0.347222 0.128125 0.344444 0.114063 0.344444 0.1125 0.341667 0.1125 0.338889 0.110937 0.336111 0.109375 0.336111 0.107813 0.333333 0.107813 0.330556 0.10625 0.327778 0.109375 0.322222 0.1125 0.322222 0.114063 0.319444 0.13125 0.319444 0.132812 0.316667 0.140625 0.316667 0.142188 0.313889 0.140625 0.311111 0.140625 0.308333 0.1375 0.302778 0.134375 0.302778 0.132812 0.3 0.129688 0.3 0.128125 0.297222 0.125 0.297222 0.123438 0.294444 0.121875 0.294444 0.120312 0.291667 0.11875 0.291667 0.114063 0.283333 0.114063 0.280556 0.115625 0.277778 0.117188 0.277778 0.11875 0.275 0.129688 0.275 0.13125 0.277778 0.142188 0.277778 0.14375 0.275 0.151562 0.275 0.151562 0.255556 0.14375 0.255556 0.140625 0.25 0.1375 0.25 0.135937 0.247222 0.134375 0.247222 0.132812 0.244444 0.126563 0.244444 0.125 0.241667 0.120312 0.241667 0.11875 0.238889 0.114063 0.238889 0.1125 0.236111 0.110937 0.236111 0.109375 0.233333 0.107813 0.233333 0.10625 0.230556 0.104687 0.230556 0.0953125 0.213889 0.0953125 0.211111 0.09375 0.208333 0.09375 0.194444 0.096875 0.188889 0.0984375 0.188889 0.1 0.186111 0.101562 0.186111 0.103125 0.183333 0.104687 0.183333 0.1125 0.169444 0.1125 0.166667 0.117188 0.158333 0.117188 0.152778 0.11875 0.15 0.11875 0.138889
0 0.13125 0.347222 0.132812 0.35 0.13125 0.347222 0.125 0.347222 0.13125 0.347222 0.134375 0.319444 0.135937 0.316667 0.140625 0.316667 0.142188 0.313889 0.140625 0.311111 0.140625 0.308333 0.1375 0.302778 0.135937 0.302778 0.134375 0.3 0.13125 0.3 0.128125 0.294444 0.125 0.294444 0.123438 0.291667 0.120312 0.291667 0.117188 0.286111 0.115625 0.286111 0.114063 0.283333 0.114063 0.280556 0.115625 0.277778 0.117188 0.277778 0.11875 0.275 0.129688 0.275 0.13125 0.277778 0.142188 0.277778 0.14375 0.275 0.151562 0.275 0.151562 0.258333 0.145313 0.258333 0.142188 0.252778 0.140625 0.252778 0.139062 0.25 0.1375 0.25 0.135937 0.247222 0.13125 0.247222 0.129688 0.244444 0.125 0.244444 0.123438 0.241667 0.11875 0.241667 0.117188 0.238889 0.114063 0.238889 0.1125 0.236111 0.110937 0.236111 0.109375 0.233333 0.107813 0.233333 0.10625 0.230556 0.104687 0.230556 0.0953125 0.213889 0.0953125 0.211111 0.09375 0.208333 0.09375 0.194444 0.096875 0.188889 0.0984375 0.188889 0.1 0.186111 0.101562 0.186111 0.104687 0.180556 0.10625 0.180556 0.110937 0.172222 0.110937 0.169444 0.115625 0.161111 0.115625 0.158333 0.117188 0.155556 0.117188 0.138889 0.0859375 0.138889 0.0859375 0.147222 0.0828125 0.152778 0.08125 0.152778 0.0796875 0.155556 0.0765625 0.155556 0.075 0.158333 0.0734375 0.158333 0.071875 0.161111 0.06875 0.161111 0.0671875 0.163889 0.0640625 0.163889 0.0625 0.166667 0.0609375 0.166667 0.0578125 0.172222 0.05625 0.172222 0.053125 0.177778 0.05 0.177778 0.046875 0.183333 0.0453125 0.183333 0.0421875 0.188889 0.0421875 0.191667 0.040625 0.194444 0.0390625 0.194444 0.0375 0.197222 0.03125 0.197222 0.0296875 0.194444 0.0265625 0.194444 0.025 0.191667 0.0234375 0.191667 0.021875 0.188889 0.0203125 0.188889 0.01875 0.186111 0.0171875 0.186111 0.015625 0.183333 0.0140625 0.183333 0.0109375 0.177778 0.003125 0.177778 0.003125 0.347222 0.0125 0.347222 0.0140625 0.35 0.021875 0.35 0.0234375 0.347222 0.0265625 0.347222 0.028125 0.344444 0.0375 0.344444 0.0390625 0.347222 0.040625 0.347222 0.0421875 0.35 0.04375 0.35 0.0453125 0.352778 0.0484375 0.352778 0.05 0.355556 0.053125 0.355556 0.0546875 0.358333 0.05625 0.358333 0.0578125 0.361111 0.0609375 0.361111 0.0625 0.363889 0.065625 0.363889 0.0671875 0.366667 0.071875 0.366667 0.0734375 0.369444 0.078125 0.369444 0.0796875 0.372222 0.0828125 0.372222 0.084375 0.375 0.0859375 0.375 0.0875 0.377778 0.090625 0.377778 0.0921875 0.380556 0.09375 0.380556 0.0953125 0.383333 0.0953125 0.391667 0.110937 0.391667 0.110937 0.377778 0.1125 0.375 0.1125 0.369444 0.110937 0.366667 0.110937 0.363889 0.109375 0.361111 0.109375 0.358333 0.104687 0.35 0.104687 0.347222 0.10625 0.344444 0.10625 0.341667 0.107813 0.338889 0.107813 0.327778 0.110937 0.322222 0.114063 0.322222 0.115625 0.319444 0.134375 0.319444
2 0.0890625 0.383333 0.090625 0.383333 0.0890625 0.383333 0.0734375 0.372222 0.176563 0.25 0.178125 0.252778 0.179688 0.25 0.18125 0.25 0.18125 0.247222 0.189063 0.227778 0.1 0.211111 0.0984375 0.211111 0.096875 0.208333 0.096875 0.205556 0.0953125 0.202778 0.0953125 0.197222 0.09375 0.194444 0.0953125 0.194444 0.096875 0.191667 0.101562 0.191667 0.034375 0.186111 0.034375 0.188889 0.0359375 0.191667 0.034375 0.191667 0.0328125 0.194444 0.028125 0.0638889 0.034375 0.0638889 0.0359375 0.0611111 0.0375 0.0611111 0.0375 0.0583333 0.0390625 0.0555556 0.040625 0.0555556 0.0453125 0.0638889 0.0484375 0.0638889 0.05 0.0611111 0.053125 0.0611111 0.0546875 0.0638889 0.05625 0.0638889 0.0578125 0.0666667 0.0671875 0.0666667 0.06875 0.0694444 0.0765625 0.0694444 0.078125 0.0722222 0.08125 0.0722222 0.0828125 0.075 0.0859375 0.075 0.0875 0.0777778 0.09375 0.0777778 0.0953125 0.0805556 0.0984375 0.0805556 0.1 0.0777778 0.103125 0.0777778 0.104687 0.0805556 0.110937 0.0805556 0.1125 0.0833333 0.117188 0.0833333 0.11875 0.0861111 0.121875 0.0861111 0.128125 0.0972222 0.128125 0.102778 0.129688 0.105556 0.129688 0.111111 0.13125 0.113889 0.13125 0.127778 0.132812 0.130556 0.132812 0.133333 0.134375 0.136111 0.134375 0.141667 0.135937 0.144444 0.135937 0.147222 0.1375 0.147222 0.139062 0.15 0.140625 0.15 0.142188 0.152778 0.14375 0.152778 0.145313 0.155556 0.153125 0.155556 0.154687 0.158333 0.15625 0.158333 0.157813 0.161111 0.157813 0.163889 0.159375 0.166667 0.159375 0.163889 0.1625 0.158333 0.16875 0.158333 0.170312 0.155556 0.185937 0.155556 0.1875 0.152778 0.192188 0.152778 0.195312 0.147222 0.195312 0.144444 0.19375 0.141667 0.19375 0.138889 0.195312 0.136111 0.196875 0.136111 0.198437 0.133333 0.203125 0.133333 0.204688 0.130556 0.210938 0.130556 0.2125 0.133333 0.214062 0.133333 0.217187 0.138889 0.217187 0.147222 0.21875 0.147222 0.220313 0.15 0.223438 0.15 0.225 0.152778 0.226562 0.152778 0.228125 0.155556 0.229687 0.155556 0.232812 0.161111 0.232812 0.169444 0.235938 0.175 0.2375 0.175 0.240625 0.180556 0.240625 0.183333 0.2375 0.188889 0.2375 0.191667 0.234375 0.197222 0.232812 0.197222 0.228125 0.205556 0.228125 0.213889 0.225 0.219444 0.223438 0.219444 0.21875 0.227778 0.21875 0.236111 0.217187 0.238889 0.215625 0.238889 0.214062 0.241667 0.209375 0.241667 0.207813 0.244444 0.2 0.244444 0.198437 0.247222 0.19375 0.247222 0.192188 0.244444 0.1875 0.244444 0.184375 0.25 0.189063 0.258333 0.189063 0.261111 0.1875 0.263889 0.185937 0.263889 0.184375 0.266667 0.173438 0.266667 0.171875 0.269444 0.16875 0.269444 0.167187 0.266667 0.157813 0.266667 0.154687 0.272222 0.151562 0.272222 0.15 0.275 0.14375 0.275 0.142188 0.277778 0.134375 0.277778 0.132812 0.275 0.117188 0.275 0.115625 0.277778 0.114063 0.277778 0.1125 0.280556 0.120312 0.294444 0.121875 0.294444 0.123438 0.297222 0.128125 0.297222 0.129688 0.3 0.13125 0.3 0.132812 0.302778 0.132812 0.313889 0.13125 0.316667 0.129688 0.316667 0.128125 0.319444 0.121875 0.319444 0.120312 0.322222 0.11875 0.322222 0.117188 0.325 0.115625 0.325 0.115625 0.327778 0.117188 0.330556 0.11875 0.330556 0.120312 0.333333 0.121875 0.333333 0.125 0.338889 0.128125 0.338889 0.129688 0.341667 0.13125 0.341667 0.132812 0.344444 0.134375 0.344444 0.1375 0.35 0.134375 0.355556 0.132812 0.355556 0.13125 0.358333 0.117188 0.358333 0.117188 0.361111 0.11875 0.363889 0.11875 0.366667 0.120312 0.369444 0.120312 0.377778 0.121875 0.380556 0.128125 0.380556 0.129688 0.377778 0.13125 0.377778 0.132812 0.375 0.153125 0.375 0.154687 0.377778 0.15625 0.377778 0.157813 0.380556 0.160938 0.380556 0.1625 0.377778 0.164062 0.377778 0.167187 0.383333 0.167187 0.386111 0.16875 0.388889 0.16875 0.397222 0.170312 0.4 0.170312 0.405556 0.171875 0.408333 0.171875 0.425 0.170312 0.427778 0.171875 0.430556 0.171875 0.472222 0.173438 0.475 0.173438 0.511111 0.175 0.513889 0.175 0.536111 0.176563 0.538889 0.176563 0.555556 0.178125 0.558333 0.178125 0.575 0.179688 0.577778 0.179688 0.597222 0.18125 0.6 0.18125 0.65 0.182812 0.652778 0.182812 0.7 0.184375 0.702778 0.184375 0.722222 0.185937 0.725 0.185937 0.775 0.1875 0.777778 0.1875 0.797222 0.189063 0.8 0.189063 0.813889 0.190625 0.816667 0.190625 0.827778 0.192188 0.830556 0.192188 0.841667 0.19375 0.844444 0.19375 0.852778 0.195312 0.855556 0.195312 0.861111 0.196875 0.863889 0.196875 0.866667 0.204688 0.880556 0.20625 0.880556 0.209375 0.886111 0.215625 0.886111 0.217187 0.888889 0.220313 0.888889 0.221875 0.891667 0.223438 0.891667 0.225 0.894444 0.226562 0.894444 0.228125 0.897222 0.232812 0.897222 0.239063 0.908333 0.239063 0.911111 0.240625 0.913889 0.240625 0.916667 0.242188 0.919444 0.242188 0.925 0.24375 0.927778 0.24375 0.938889 0.245312 0.941667 0.245312 0.947222 0.246875 0.95 0.246875 0.961111 0.248437 0.963889 0.25 0.963889 0.25625 0.975 0.25625 0.977778 0.257812 0.980556 0.264062 0.980556 0.265625 0.983333 0.265625 1 0.998438 1 0.998438 0 0.967188 0 0.967188 0.00277778 0.964063 0.00833333 0.959375 0.00833333 0.957812 0.0111111 0.95625 0.00833333 0.948438 0.00833333 0.945312 0.00277778 0.945312 0 0.657812 0 0.657812 0.00277778 0.65625 0.00555556 0.639063 0.00555556 0.6375 0.00277778 0.6375 0 0.028125 0 0.028125 0.0638889 0.0328125 0.194444 0.028125 0.194444 0.028125 0.186111 0.034375 0.186111 0.101562 0.191667 0.103125 0.188889 0.104687 0.191667 0.104687 0.211111 0.103125 0.213889 0.101562 0.213889 0.1 0.211111 0.189063 0.227778 0.189063 0.227778 0.18125 0.247222 0.176563 0.247222 0.176563 0.25 0.0734375 0.372222 0.071875 0.372222 0.0703125 0.369444 0.0625 0.369444 0.0609375 0.366667 0.059375 0.366667 0.0578125 0.363889 0.0578125 0.361111 0.05625 0.361111 0.0546875 0.358333 0.0515625 0.358333 0.05 0.355556 0.0484375 0.355556 0.0390625 0.338889 0.0375 0.338889 0.0359375 0.336111 0.028125 0.336111 0.028125 0.377778 0.0390625 0.377778 0.040625 0.375 0.0453125 0.375 0.046875 0.372222 0.0484375 0.375 0.0671875 0.375 0.06875 0.372222 0.0734375 0.372222
