0 0.76875 0.105556 0.76875 0.113889 0.75 0.147222 0.75 0.15 0.746875 0.155556 0.746875 0.158333 0.745313 0.161111 0.745313 0.166667 0.74375 0.169444 0.74375 0.188889 0.745313 0.191667 0.745313 0.2 0.746875 0.202778 0.746875 0.208333 0.748438 0.211111 0.748438 0.216667 0.75 0.219444 0.75 0.222222 0.753125 0.227778 0.753125 0.238889 0.754687 0.241667 0.754687 0.255556 0.75625 0.258333 0.75625 0.263889 0.760938 0.272222 0.760938 0.275 0.765625 0.283333 0.765625 0.286111 0.767187 0.288889 0.767187 0.291667 0.76875 0.294444 0.767187 0.297222 0.767187 0.305556 0.765625 0.308333 0.765625 0.316667 0.7625 0.322222 0.7625 0.325 0.759375 0.330556 0.757812 0.330556 0.75625 0.333333 0.754687 0.333333 0.753125 0.336111 0.75 0.336111 0.748438 0.338889 0.746875 0.338889 0.739062 0.352778 0.739062 0.355556 0.7375 0.358333 0.7375 0.361111 0.735937 0.363889 0.735937 0.369444 0.734375 0.372222 0.734375 0.383333 0.732813 0.386111 0.732813 0.391667 0.73125 0.394444 0.73125 0.402778 0.729688 0.405556 0.729688 0.413889 0.728125 0.416667 0.728125 0.419444 0.726562 0.422222 0.726562 0.425 0.725 0.427778 0.725 0.430556 0.723437 0.433333 0.723437 0.436111 0.721875 0.438889 0.721875 0.444444 0.720312 0.447222 0.720312 0.458333 0.71875 0.461111 0.71875 0.477778 0.717188 0.480556 0.717188 0.533333 0.715625 0.536111 0.715625 0.55 0.709375 0.561111 0.707812 0.561111 0.70625 0.563889 0.703125 0.563889 0.701563 0.566667 0.696875 0.566667 0.696875 0.611111 0.728125 0.611111 0.729688 0.613889 0.729688 0.616667 0.73125 0.619444 0.73125 0.622222 0.7375 0.633333 0.739062 0.633333 0.742188 0.638889 0.742188 0.641667 0.748438 0.652778 0.75 0.652778 0.751562 0.655556 0.753125 0.655556 0.754687 0.658333 0.75625 0.658333 0.757812 0.661111 0.760938 0.661111 0.7625 0.663889 0.775 0.663889 0.776563 0.661111 0.779688 0.661111 0.782812 0.655556 0.785937 0.661111 0.7875 0.661111 0.792188 0.669444 0.792188 0.672222 0.79375 0.672222 0.817187 0.713889 0.817187 0.716667 0.825 0.730556 0.825 0.733333 0.828125 0.738889 0.828125 0.744444 0.829687 0.747222 0.829687 0.752778 0.83125 0.755556 0.83125 0.761111 0.832812 0.763889 0.832812 0.772222 0.834375 0.775 0.834375 0.777778 0.835938 0.780556 0.835938 0.783333 0.8375 0.786111 0.8375 0.788889 0.839063 0.791667 0.839063 0.794444 0.846875 0.808333 0.846875 0.813889 0.848437 0.816667 0.848437 0.819444 0.85 0.822222 0.85 0.825 0.851562 0.827778 0.851562 0.838889 0.853125 0.841667 0.853125 0.888889 0.851562 0.891667 0.851562 0.925 0.85 0.927778 0.85 0.963889 0.848437 0.966667 0.848437 0.980556 0.85 0.983333 0.85 0.991667 0.85625 0.991667 0.85625 0.983333 0.859375 0.977778 0.859375 0.975 0.860937 0.972222 0.860937 0.963889 0.8625 0.961111 0.8625 0.952778 0.864062 0.95 0.864062 0.944444 0.865625 0.941667 0.865625 0.938889 0.867188 0.936111 0.867188 0.930556 0.86875 0.927778 0.86875 0.916667 0.870313 0.913889 0.870313 0.905556 0.871875 0.902778 0.871875 0.9 0.873438 0.897222 0.873438 0.891667 0.875 0.888889 0.875 0.880556 0.876562 0.877778 0.876562 0.872222 0.878125 0.869444 0.878125 0.866667 0.879687 0.863889 0.879687 0.858333 0.88125 0.855556 0.88125 0.85 0.882812 0.847222 0.882812 0.841667 0.884375 0.838889 0.884375 0.833333 0.885938 0.830556 0.885938 0.825 0.8875 0.822222 0.8875 0.813889 0.889063 0.811111 0.889063 0.802778 0.890625 0.8 0.890625 0.797222 0.892187 0.794444 0.892187 0.786111 0.89375 0.783333 0.89375 0.772222 0.895312 0.769444 0.895312 0.761111 0.896875 0.758333 0.896875 0.755556 0.898438 0.752778 0.898438 0.747222 0.9 0.744444 0.9 0.736111 0.901563 0.733333 0.901563 0.727778 0.903125 0.725 0.903125 0.716667 0.904688 0.713889 0.904688 0.7 0.90625 0.697222 0.90625 0.647222 0.907812 0.644444 0.907812 0.622222 0.909375 0.619444 0.909375 0.613889 0.910937 0.611111 0.910937 0.602778 0.9125 0.6 0.9125 0.586111 0.914062 0.583333 0.914062 0.569444 0.915625 0.566667 0.915625 0.502778 0.917188 0.5 0.917188 0.472222 0.91875 0.469444 0.91875 0.45 0.920313 0.447222 0.920313 0.427778 0.921875 0.425 0.921875 0.419444 0.923437 0.416667 0.923437 0.405556 0.925 0.402778 0.925 0.394444 0.926562 0.391667 0.926562 0.383333 0.928125 0.380556 0.928125 0.375 0.929688 0.372222 0.929688 0.35 0.928125 0.347222 0.928125 0.338889 0.926562 0.336111 0.926562 0.325 0.925 0.322222 0.925 0.316667 0.923437 0.313889 0.923437 0.305556 0.921875 0.302778 0.921875 0.294444 0.920313 0.291667 0.920313 0.288889 0.91875 0.286111 0.91875 0.283333 0.917188 0.280556 0.917188 0.277778 0.914062 0.272222 0.914062 0.269444 0.909375 0.261111 0.907812 0.261111 0.904688 0.255556 0.903125 0.255556 0.901563 0.252778 0.9 0.252778 0.898438 0.25 0.89375 0.25 0.892187 0.247222 0.8875 0.247222 0.885938 0.244444 0.882812 0.244444 0.88125 0.241667 0.873438 0.241667 0.871875 0.238889 0.865625 0.238889 0.864062 0.236111 0.860937 0.236111 0.859375 0.233333 0.857813 0.233333 0.84375 0.208333 0.84375 0.205556 0.842188 0.202778 0.842188 0.2 0.840625 0.197222 0.840625 0.194444 0.839063 0.191667 0.839063 0.180556 0.8375 0.177778 0.8375 0.163889 0.835938 0.161111 0.835938 0.155556 0.834375 0.152778 0.834375 0.15 0.832812 0.147222 0.832812 0.141667 0.83125 0.138889 0.83125 0.136111 0.825 0.125 0.825 0.122222 0.820312 0.113889 0.820312 0.105556
39 0.1875 0.861111 0.1875 0.869444 0.171875 0.897222 0.171875 0.9 0.16875 0.905556 0.16875 0.908333 0.164062 0.916667 0.159375 0.916667 0.159375 1 0.2 1 0.201562 1 0.203125 1 0.204688 1 0.2125 1 0.214062 1 0.217187 1 0.21875 1 0.221875 1 0.223438 1 0.229687 1 0.23125 1 0.235938 1 0.239063 0.994444 0.245312 0.994444 0.245312 0.977778 0.240625 0.977778 0.239063 0.975 0.239063 0.972222 0.232812 0.961111 0.232812 0.958333 0.23125 0.955556 0.23125 0.944444 0.229687 0.941667 0.229687 0.933333 0.228125 0.930556 0.228125 0.925 0.225 0.919444 0.225 0.916667 0.223438 0.913889 0.223438 0.911111 0.221875 0.908333 0.220313 0.908333 0.21875 0.905556 0.21875 0.9 0.217187 0.897222 0.217187 0.861111
0 0.76875 0.105556 0.76875 0.113889 0.75 0.147222 0.75 0.15 0.746875 0.155556 0.746875 0.158333 0.745313 0.161111 0.745313 0.166667 0.74375 0.169444 0.74375 0.188889 0.745313 0.191667 0.745313 0.2 0.746875 0.202778 0.746875 0.208333 0.748438 0.211111 0.748438 0.216667 0.75 0.219444 0.75 0.222222 0.753125 0.227778 0.753125 0.238889 0.754687 0.241667 0.754687 0.255556 0.75625 0.258333 0.75625 0.263889 0.760938 0.272222 0.760938 0.275 0.765625 0.283333 0.765625 0.286111 0.767187 0.288889 0.767187 0.291667 0.76875 0.294444 0.767187 0.297222 0.767187 0.305556 0.765625 0.308333 0.765625 0.316667 0.7625 0.322222 0.7625 0.325 0.759375 0.330556 0.757812 0.330556 0.75625 0.333333 0.754687 0.333333 0.753125 0.336111 0.75 0.336111 0.748438 0.338889 0.746875 0.338889 0.739062 0.352778 0.739062 0.355556 0.7375 0.358333 0.7375 0.361111 0.735937 0.363889 0.735937 0.369444 0.734375 0.372222 0.734375 0.383333 0.732813 0.386111 0.732813 0.391667 0.73125 0.394444 0.73125 0.402778 0.729688 0.405556 0.729688 0.413889 0.728125 0.416667 0.728125 0.419444 0.726562 0.422222 0.726562 0.425 0.725 0.427778 0.725 0.430556 0.723437 0.433333 0.723437 0.436111 0.721875 0.438889 0.721875 0.444444 0.720312 0.447222 0.720312 0.458333 0.71875 0.461111 0.71875 0.477778 0.717188 0.480556 0.717188 0.533333 0.715625 0.536111 0.715625 0.55 0.709375 0.561111 0.707812 0.561111 0.70625 0.563889 0.703125 0.563889 0.701563 0.566667 0.696875 0.566667 0.696875 0.611111 0.728125 0.611111 0.729688 0.613889 0.729688 0.616667 0.73125 0.619444 0.73125 0.622222 0.7375 0.633333 0.739062 0.633333 0.742188 0.638889 0.742188 0.641667 0.748438 0.652778 0.75 0.652778 0.751562 0.655556 0.753125 0.655556 0.754687 0.658333 0.75625 0.658333 0.757812 0.661111 0.760938 0.661111 0.7625 0.663889 0.775 0.663889 0.776563 0.661111 0.779688 0.661111 0.782812 0.655556 0.785937 0.661111 0.7875 0.661111 0.792188 0.669444 0.792188 0.672222 0.79375 0.672222 0.817187 0.713889 0.817187 0.716667 0.825 0.730556 0.825 0.733333 0.828125 0.738889 0.828125 0.744444 0.829687 0.747222 0.829687 0.752778 0.83125 0.755556 0.83125 0.761111 0.832812 0.763889 0.832812 0.772222 0.834375 0.775 0.834375 0.777778 0.835938 0.780556 0.835938 0.783333 0.8375 0.786111 0.8375 0.788889 0.839063 0.791667 0.839063 0.794444 0.846875 0.808333 0.846875 0.813889 0.848437 0.816667 0.848437 0.819444 0.85 0.822222 0.85 0.825 0.851562 0.827778 0.851562 0.838889 0.853125 0.841667 0.853125 0.888889 0.851562 0.891667 0.851562 0.925 0.85 0.927778 0.85 0.963889 0.848437 0.966667 0.848437 0.980556 0.85 0.983333 0.85 0.991667 0.85625 0.991667 0.85625 0.983333 0.859375 0.977778 0.859375 0.975 0.860937 0.972222 0.860937 0.963889 0.8625 0.961111 0.8625 0.952778 0.864062 0.95 0.864062 0.944444 0.865625 0.941667 0.865625 0.938889 0.867188 0.936111 0.867188 0.930556 0.86875 0.927778 0.86875 0.916667 0.870313 0.913889 0.870313 0.905556 0.871875 0.902778 0.871875 0.9 0.873438 0.897222 0.873438 0.891667 0.875 0.888889 0.875 0.880556 0.876562 0.877778 0.876562 0.872222 0.878125 0.869444 0.878125 0.866667 0.879687 0.863889 0.879687 0.858333 0.88125 0.855556 0.88125 0.85 0.882812 0.847222 0.882812 0.841667 0.884375 0.838889 0.884375 0.833333 0.885938 0.830556 0.885938 0.825 0.8875 0.822222 0.8875 0.813889 0.889063 0.811111 0.889063 0.802778 0.890625 0.8 0.890625 0.797222 0.892187 0.794444 0.892187 0.786111 0.89375 0.783333 0.89375 0.772222 0.895312 0.769444 0.895312 0.761111 0.896875 0.758333 0.896875 0.755556 0.898438 0.752778 0.898438 0.747222 0.9 0.744444 0.9 0.736111 0.901563 0.733333 0.901563 0.727778 0.903125 0.725 0.903125 0.716667 0.904688 0.713889 0.904688 0.7 0.90625 0.697222 0.90625 0.647222 0.907812 0.644444 0.907812 0.622222 0.909375 0.619444 0.909375 0.613889 0.910937 0.611111 0.910937 0.602778 0.9125 0.6 0.9125 0.586111 0.914062 0.583333 0.914062 0.569444 0.915625 0.566667 0.915625 0.502778 0.917188 0.5 0.917188 0.472222 0.91875 0.469444 0.91875 0.45 0.920313 0.447222 0.920313 0.427778 0.921875 0.425 0.921875 0.419444 0.923437 0.416667 0.923437 0.405556 0.925 0.402778 0.925 0.394444 0.926562 0.391667 0.926562 0.383333 0.928125 0.380556 0.928125 0.375 0.929688 0.372222 0.929688 0.35 0.928125 0.347222 0.928125 0.338889 0.926562 0.336111 0.926562 0.325 0.925 0.322222 0.925 0.316667 0.923437 0.313889 0.923437 0.305556 0.921875 0.302778 0.921875 0.294444 0.920313 0.291667 0.920313 0.288889 0.91875 0.286111 0.91875 0.283333 0.917188 0.280556 0.917188 0.277778 0.914062 0.272222 0.914062 0.269444 0.909375 0.261111 0.907812 0.261111 0.904688 0.255556 0.903125 0.255556 0.901563 0.252778 0.9 0.252778 0.898438 0.25 0.89375 0.25 0.892187 0.247222 0.8875 0.247222 0.885938 0.244444 0.882812 0.244444 0.88125 0.241667 0.873438 0.241667 0.871875 0.238889 0.865625 0.238889 0.864062 0.236111 0.860937 0.236111 0.859375 0.233333 0.857813 0.233333 0.84375 0.208333 0.84375 0.205556 0.842188 0.202778 0.842188 0.2 0.840625 0.197222 0.840625 0.194444 0.839063 0.191667 0.839063 0.180556 0.8375 0.177778 0.8375 0.163889 0.835938 0.161111 0.835938 0.155556 0.834375 0.152778 0.834375 0.15 0.832812 0.147222 0.832812 0.141667 0.83125 0.138889 0.83125 0.136111 0.825 0.125 0.825 0.122222 0.820312 0.113889 0.820312 0.105556
39 0.1875 0.861111 0.1875 0.869444 0.171875 0.897222 0.171875 0.9 0.16875 0.905556 0.16875 0.908333 0.164062 0.916667 0.159375 0.916667 0.159375 1 0.2 1 0.201562 1 0.203125 1 0.204688 1 0.2125 1 0.214062 1 0.217187 1 0.21875 1 0.221875 1 0.223438 1 0.229687 1 0.23125 1 0.235938 1 0.239063 0.994444 0.245312 0.994444 0.245312 0.977778 0.240625 0.977778 0.239063 0.975 0.239063 0.972222 0.232812 0.961111 0.232812 0.958333 0.23125 0.955556 0.23125 0.944444 0.229687 0.941667 0.229687 0.933333 0.228125 0.930556 0.228125 0.925 0.225 0.919444 0.225 0.916667 0.223438 0.913889 0.223438 0.911111 0.221875 0.908333 0.220313 0.908333 0.21875 0.905556 0.21875 0.9 0.217187 0.897222 0.217187 0.861111
0 0.76875 0.105556 0.76875 0.113889 0.75 0.147222 0.75 0.15 0.746875 0.155556 0.746875 0.158333 0.745313 0.161111 0.745313 0.166667 0.74375 0.169444 0.74375 0.188889 0.745313 0.191667 0.745313 0.2 0.746875 0.202778 0.746875 0.208333 0.748438 0.211111 0.748438 0.216667 0.75 0.219444 0.75 0.222222 0.753125 0.227778 0.753125 0.238889 0.754687 0.241667 0.754687 0.255556 0.75625 0.258333 0.75625 0.263889 0.760938 0.272222 0.760938 0.275 0.765625 0.283333 0.765625 0.286111 0.767187 0.288889 0.767187 0.291667 0.76875 0.294444 0.767187 0.297222 0.767187 0.305556 0.765625 0.308333 0.765625 0.316667 0.7625 0.322222 0.7625 0.325 0.759375 0.330556 0.757812 0.330556 0.75625 0.333333 0.754687 0.333333 0.753125 0.336111 0.75 0.336111 0.748438 0.338889 0.746875 0.338889 0.739062 0.352778 0.739062 0.355556 0.7375 0.358333 0.7375 0.361111 0.735937 0.363889 0.735937 0.369444 0.734375 0.372222 0.734375 0.383333 0.732813 0.386111 0.732813 0.391667 0.73125 0.394444 0.73125 0.402778 0.729688 0.405556 0.729688 0.413889 0.728125 0.416667 0.728125 0.419444 0.726562 0.422222 0.726562 0.425 0.725 0.427778 0.725 0.430556 0.723437 0.433333 0.723437 0.436111 0.721875 0.438889 0.721875 0.444444 0.720312 0.447222 0.720312 0.458333 0.71875 0.461111 0.71875 0.477778 0.717188 0.480556 0.717188 0.533333 0.715625 0.536111 0.715625 0.55 0.709375 0.561111 0.707812 0.561111 0.70625 0.563889 0.703125 0.563889 0.701563 0.566667 0.696875 0.566667 0.696875 0.611111 0.728125 0.611111 0.729688 0.613889 0.729688 0.616667 0.73125 0.619444 0.73125 0.622222 0.7375 0.633333 0.739062 0.633333 0.742188 0.638889 0.742188 0.641667 0.748438 0.652778 0.75 0.652778 0.751562 0.655556 0.753125 0.655556 0.754687 0.658333 0.75625 0.658333 0.757812 0.661111 0.760938 0.661111 0.7625 0.663889 0.775 0.663889 0.776563 0.661111 0.779688 0.661111 0.782812 0.655556 0.785937 0.661111 0.7875 0.661111 0.792188 0.669444 0.792188 0.672222 0.79375 0.672222 0.817187 0.713889 0.817187 0.716667 0.825 0.730556 0.825 0.733333 0.828125 0.738889 0.828125 0.744444 0.829687 0.747222 0.829687 0.752778 0.83125 0.755556 0.83125 0.761111 0.832812 0.763889 0.832812 0.772222 0.834375 0.775 0.834375 0.777778 0.835938 0.780556 0.835938 0.783333 0.8375 0.786111 0.8375 0.788889 0.839063 0.791667 0.839063 0.794444 0.846875 0.808333 0.846875 0.813889 0.848437 0.816667 0.848437 0.819444 0.85 0.822222 0.85 0.825 0.851562 0.827778 0.851562 0.838889 0.853125 0.841667 0.853125 0.888889 0.851562 0.891667 0.851562 0.925 0.85 0.927778 0.85 0.963889 0.848437 0.966667 0.848437 0.980556 0.85 0.983333 0.85 0.991667 0.85625 0.991667 0.85625 0.983333 0.859375 0.977778 0.859375 0.975 0.860937 0.972222 0.860937 0.963889 0.8625 0.961111 0.8625 0.952778 0.864062 0.95 0.864062 0.944444 0.865625 0.941667 0.865625 0.938889 0.867188 0.936111 0.867188 0.930556 0.86875 0.927778 0.86875 0.916667 0.870313 0.913889 0.870313 0.905556 0.871875 0.902778 0.871875 0.9 0.873438 0.897222 0.873438 0.891667 0.875 0.888889 0.875 0.880556 0.876562 0.877778 0.876562 0.872222 0.878125 0.869444 0.878125 0.866667 0.879687 0.863889 0.879687 0.858333 0.88125 0.855556 0.88125 0.85 0.882812 0.847222 0.882812 0.841667 0.884375 0.838889 0.884375 0.833333 0.885938 0.830556 0.885938 0.825 0.8875 0.822222 0.8875 0.813889 0.889063 0.811111 0.889063 0.802778 0.890625 0.8 0.890625 0.797222 0.892187 0.794444 0.892187 0.786111 0.89375 0.783333 0.89375 0.772222 0.895312 0.769444 0.895312 0.761111 0.896875 0.758333 0.896875 0.755556 0.898438 0.752778 0.898438 0.747222 0.9 0.744444 0.9 0.736111 0.901563 0.733333 0.901563 0.727778 0.903125 0.725 0.903125 0.716667 0.904688 0.713889 0.904688 0.7 0.90625 0.697222 0.90625 0.647222 0.907812 0.644444 0.907812 0.622222 0.909375 0.619444 0.909375 0.613889 0.910937 0.611111 0.910937 0.602778 0.9125 0.6 0.9125 0.586111 0.914062 0.583333 0.914062 0.569444 0.915625 0.566667 0.915625 0.502778 0.917188 0.5 0.917188 0.472222 0.91875 0.469444 0.91875 0.45 0.920313 0.447222 0.920313 0.427778 0.921875 0.425 0.921875 0.419444 0.923437 0.416667 0.923437 0.405556 0.925 0.402778 0.925 0.394444 0.926562 0.391667 0.926562 0.383333 0.928125 0.380556 0.928125 0.375 0.929688 0.372222 0.929688 0.35 0.928125 0.347222 0.928125 0.338889 0.926562 0.336111 0.926562 0.325 0.925 0.322222 0.925 0.316667 0.923437 0.313889 0.923437 0.305556 0.921875 0.302778 0.921875 0.294444 0.920313 0.291667 0.920313 0.288889 0.91875 0.286111 0.91875 0.283333 0.917188 0.280556 0.917188 0.277778 0.914062 0.272222 0.914062 0.269444 0.909375 0.261111 0.907812 0.261111 0.904688 0.255556 0.903125 0.255556 0.901563 0.252778 0.9 0.252778 0.898438 0.25 0.89375 0.25 0.892187 0.247222 0.8875 0.247222 0.885938 0.244444 0.882812 0.244444 0.88125 0.241667 0.873438 0.241667 0.871875 0.238889 0.865625 0.238889 0.864062 0.236111 0.860937 0.236111 0.859375 0.233333 0.857813 0.233333 0.84375 0.208333 0.84375 0.205556 0.842188 0.202778 0.842188 0.2 0.840625 0.197222 0.840625 0.194444 0.839063 0.191667 0.839063 0.180556 0.8375 0.177778 0.8375 0.163889 0.835938 0.161111 0.835938 0.155556 0.834375 0.152778 0.834375 0.15 0.832812 0.147222 0.832812 0.141667 0.83125 0.138889 0.83125 0.136111 0.825 0.125 0.825 0.122222 0.820312 0.113889 0.820312 0.105556
39 0.1875 0.861111 0.1875 0.869444 0.171875 0.897222 0.171875 0.9 0.16875 0.905556 0.16875 0.908333 0.164062 0.916667 0.159375 0.916667 0.159375 1 0.2 1 0.201562 1 0.203125 1 0.204688 1 0.2125 1 0.214062 1 0.217187 1 0.21875 1 0.221875 1 0.223438 1 0.229687 1 0.23125 1 0.235938 1 0.239063 0.994444 0.245312 0.994444 0.245312 0.977778 0.240625 0.977778 0.239063 0.975 0.239063 0.972222 0.232812 0.961111 0.232812 0.958333 0.23125 0.955556 0.23125 0.944444 0.229687 0.941667 0.229687 0.933333 0.228125 0.930556 0.228125 0.925 0.225 0.919444 0.225 0.916667 0.223438 0.913889 0.223438 0.911111 0.221875 0.908333 0.220313 0.908333 0.21875 0.905556 0.21875 0.9 0.217187 0.897222 0.217187 0.861111
0 0.76875 0.105556 0.76875 0.113889 0.75 0.147222 0.75 0.15 0.746875 0.155556 0.746875 0.158333 0.745313 0.161111 0.745313 0.166667 0.74375 0.169444 0.74375 0.188889 0.745313 0.191667 0.745313 0.2 0.746875 0.202778 0.746875 0.208333 0.748438 0.211111 0.748438 0.216667 0.75 0.219444 0.75 0.222222 0.753125 0.227778 0.753125 0.238889 0.754687 0.241667 0.754687 0.255556 0.75625 0.258333 0.75625 0.263889 0.760938 0.272222 0.760938 0.275 0.765625 0.283333 0.765625 0.286111 0.767187 0.288889 0.767187 0.291667 0.76875 0.294444 0.767187 0.297222 0.767187 0.305556 0.765625 0.308333 0.765625 0.316667 0.7625 0.322222 0.7625 0.325 0.759375 0.330556 0.757812 0.330556 0.75625 0.333333 0.754687 0.333333 0.753125 0.336111 0.75 0.336111 0.748438 0.338889 0.746875 0.338889 0.739062 0.352778 0.739062 0.355556 0.7375 0.358333 0.7375 0.361111 0.735937 0.363889 0.735937 0.369444 0.734375 0.372222 0.734375 0.383333 0.732813 0.386111 0.732813 0.391667 0.73125 0.394444 0.73125 0.402778 0.729688 0.405556 0.729688 0.413889 0.728125 0.416667 0.728125 0.419444 0.726562 0.422222 0.726562 0.425 0.725 0.427778 0.725 0.430556 0.723437 0.433333 0.723437 0.436111 0.721875 0.438889 0.721875 0.444444 0.720312 0.447222 0.720312 0.458333 0.71875 0.461111 0.71875 0.477778 0.717188 0.480556 0.717188 0.533333 0.715625 0.536111 0.715625 0.55 0.709375 0.561111 0.707812 0.561111 0.70625 0.563889 0.703125 0.563889 0.701563 0.566667 0.696875 0.566667 0.696875 0.611111 0.728125 0.611111 0.729688 0.613889 0.729688 0.616667 0.73125 0.619444 0.73125 0.622222 0.7375 0.633333 0.739062 0.633333 0.742188 0.638889 0.742188 0.641667 0.748438 0.652778 0.75 0.652778 0.751562 0.655556 0.753125 0.655556 0.754687 0.658333 0.75625 0.658333 0.757812 0.661111 0.760938 0.661111 0.7625 0.663889 0.775 0.663889 0.776563 0.661111 0.779688 0.661111 0.782812 0.655556 0.785937 0.661111 0.7875 0.661111 0.792188 0.669444 0.792188 0.672222 0.79375 0.672222 0.817187 0.713889 0.817187 0.716667 0.825 0.730556 0.825 0.733333 0.828125 0.738889 0.828125 0.744444 0.829687 0.747222 0.829687 0.752778 0.83125 0.755556 0.83125 0.761111 0.832812 0.763889 0.832812 0.772222 0.834375 0.775 0.834375 0.777778 0.835938 0.780556 0.835938 0.783333 0.8375 0.786111 0.8375 0.788889 0.839063 0.791667 0.839063 0.794444 0.846875 0.808333 0.846875 0.813889 0.848437 0.816667 0.848437 0.819444 0.85 0.822222 0.85 0.825 0.851562 0.827778 0.851562 0.838889 0.853125 0.841667 0.853125 0.888889 0.851562 0.891667 0.851562 0.925 0.85 0.927778 0.85 0.963889 0.848437 0.966667 0.848437 0.980556 0.85 0.983333 0.85 0.991667 0.85625 0.991667 0.85625 0.983333 0.859375 0.977778 0.859375 0.975 0.860937 0.972222 0.860937 0.963889 0.8625 0.961111 0.8625 0.952778 0.864062 0.95 0.864062 0.944444 0.865625 0.941667 0.865625 0.938889 0.867188 0.936111 0.867188 0.930556 0.86875 0.927778 0.86875 0.916667 0.870313 0.913889 0.870313 0.905556 0.871875 0.902778 0.871875 0.9 0.873438 0.897222 0.873438 0.891667 0.875 0.888889 0.875 0.880556 0.876562 0.877778 0.876562 0.872222 0.878125 0.869444 0.878125 0.866667 0.879687 0.863889 0.879687 0.858333 0.88125 0.855556 0.88125 0.85 0.882812 0.847222 0.882812 0.841667 0.884375 0.838889 0.884375 0.833333 0.885938 0.830556 0.885938 0.825 0.8875 0.822222 0.8875 0.813889 0.889063 0.811111 0.889063 0.802778 0.890625 0.8 0.890625 0.797222 0.892187 0.794444 0.892187 0.786111 0.89375 0.783333 0.89375 0.772222 0.895312 0.769444 0.895312 0.761111 0.896875 0.758333 0.896875 0.755556 0.898438 0.752778 0.898438 0.747222 0.9 0.744444 0.9 0.736111 0.901563 0.733333 0.901563 0.727778 0.903125 0.725 0.903125 0.716667 0.904688 0.713889 0.904688 0.7 0.90625 0.697222 0.90625 0.647222 0.907812 0.644444 0.907812 0.622222 0.909375 0.619444 0.909375 0.613889 0.910937 0.611111 0.910937 0.602778 0.9125 0.6 0.9125 0.586111 0.914062 0.583333 0.914062 0.569444 0.915625 0.566667 0.915625 0.502778 0.917188 0.5 0.917188 0.472222 0.91875 0.469444 0.91875 0.45 0.920313 0.447222 0.920313 0.427778 0.921875 0.425 0.921875 0.419444 0.923437 0.416667 0.923437 0.405556 0.925 0.402778 0.925 0.394444 0.926562 0.391667 0.926562 0.383333 0.928125 0.380556 0.928125 0.375 0.929688 0.372222 0.929688 0.35 0.928125 0.347222 0.928125 0.338889 0.926562 0.336111 0.926562 0.325 0.925 0.322222 0.925 0.316667 0.923437 0.313889 0.923437 0.305556 0.921875 0.302778 0.921875 0.294444 0.920313 0.291667 0.920313 0.288889 0.91875 0.286111 0.91875 0.283333 0.917188 0.280556 0.917188 0.277778 0.914062 0.272222 0.914062 0.269444 0.909375 0.261111 0.907812 0.261111 0.904688 0.255556 0.903125 0.255556 0.901563 0.252778 0.9 0.252778 0.898438 0.25 0.89375 0.25 0.892187 0.247222 0.8875 0.247222 0.885938 0.244444 0.882812 0.244444 0.88125 0.241667 0.873438 0.241667 0.871875 0.238889 0.865625 0.238889 0.864062 0.236111 0.860937 0.236111 0.859375 0.233333 0.857813 0.233333 0.84375 0.208333 0.84375 0.205556 0.842188 0.202778 0.842188 0.2 0.840625 0.197222 0.840625 0.194444 0.839063 0.191667 0.839063 0.180556 0.8375 0.177778 0.8375 0.163889 0.835938 0.161111 0.835938 0.155556 0.834375 0.152778 0.834375 0.15 0.832812 0.147222 0.832812 0.141667 0.83125 0.138889 0.83125 0.136111 0.825 0.125 0.825 0.122222 0.820312 0.113889 0.820312 0.105556
39 0.1875 0.861111 0.1875 0.869444 0.171875 0.897222 0.171875 0.9 0.16875 0.905556 0.16875 0.908333 0.164062 0.916667 0.159375 0.916667 0.159375 1 0.2 1 0.201562 1 0.203125 1 0.204688 1 0.2125 1 0.214062 1 0.217187 1 0.21875 1 0.221875 1 0.223438 1 0.229687 1 0.23125 1 0.235938 1 0.239063 0.994444 0.245312 0.994444 0.245312 0.977778 0.240625 0.977778 0.239063 0.975 0.239063 0.972222 0.232812 0.961111 0.232812 0.958333 0.23125 0.955556 0.23125 0.944444 0.229687 0.941667 0.229687 0.933333 0.228125 0.930556 0.228125 0.925 0.225 0.919444 0.225 0.916667 0.223438 0.913889 0.223438 0.911111 0.221875 0.908333 0.220313 0.908333 0.21875 0.905556 0.21875 0.9 0.217187 0.897222 0.217187 0.861111
0 0.76875 0.105556 0.76875 0.113889 0.75 0.147222 0.75 0.15 0.746875 0.155556 0.746875 0.158333 0.745313 0.161111 0.745313 0.166667 0.74375 0.169444 0.74375 0.188889 0.745313 0.191667 0.745313 0.2 0.746875 0.202778 0.746875 0.208333 0.748438 0.211111 0.748438 0.216667 0.75 0.219444 0.75 0.222222 0.753125 0.227778 0.753125 0.238889 0.754687 0.241667 0.754687 0.255556 0.75625 0.258333 0.75625 0.263889 0.760938 0.272222 0.760938 0.275 0.765625 0.283333 0.765625 0.286111 0.767187 0.288889 0.767187 0.291667 0.76875 0.294444 0.767187 0.297222 0.767187 0.305556 0.765625 0.308333 0.765625 0.316667 0.7625 0.322222 0.7625 0.325 0.759375 0.330556 0.757812 0.330556 0.75625 0.333333 0.754687 0.333333 0.753125 0.336111 0.75 0.336111 0.748438 0.338889 0.746875 0.338889 0.739062 0.352778 0.739062 0.355556 0.7375 0.358333 0.7375 0.361111 0.735937 0.363889 0.735937 0.369444 0.734375 0.372222 0.734375 0.383333 0.732813 0.386111 0.732813 0.391667 0.73125 0.394444 0.73125 0.402778 0.729688 0.405556 0.729688 0.413889 0.728125 0.416667 0.728125 0.419444 0.726562 0.422222 0.726562 0.425 0.725 0.427778 0.725 0.430556 0.723437 0.433333 0.723437 0.436111 0.721875 0.438889 0.721875 0.444444 0.720312 0.447222 0.720312 0.458333 0.71875 0.461111 0.71875 0.477778 0.717188 0.480556 0.717188 0.533333 0.715625 0.536111 0.715625 0.55 0.709375 0.561111 0.707812 0.561111 0.70625 0.563889 0.703125 0.563889 0.701563 0.566667 0.696875 0.566667 0.696875 0.611111 0.728125 0.611111 0.729688 0.613889 0.729688 0.616667 0.73125 0.619444 0.73125 0.622222 0.7375 0.633333 0.739062 0.633333 0.742188 0.638889 0.742188 0.641667 0.748438 0.652778 0.75 0.652778 0.751562 0.655556 0.753125 0.655556 0.754687 0.658333 0.75625 0.658333 0.757812 0.661111 0.760938 0.661111 0.7625 0.663889 0.775 0.663889 0.776563 0.661111 0.779688 0.661111 0.782812 0.655556 0.785937 0.661111 0.7875 0.661111 0.792188 0.669444 0.792188 0.672222 0.79375 0.672222 0.817187 0.713889 0.817187 0.716667 0.825 0.730556 0.825 0.733333 0.828125 0.738889 0.828125 0.744444 0.829687 0.747222 0.829687 0.752778 0.83125 0.755556 0.83125 0.761111 0.832812 0.763889 0.832812 0.772222 0.834375 0.775 0.834375 0.777778 0.835938 0.780556 0.835938 0.783333 0.8375 0.786111 0.8375 0.788889 0.839063 0.791667 0.839063 0.794444 0.846875 0.808333 0.846875 0.813889 0.848437 0.816667 0.848437 0.819444 0.85 0.822222 0.85 0.825 0.851562 0.827778 0.851562 0.838889 0.853125 0.841667 0.853125 0.888889 0.851562 0.891667 0.851562 0.925 0.85 0.927778 0.85 0.963889 0.848437 0.966667 0.848437 0.980556 0.85 0.983333 0.85 0.991667 0.85625 0.991667 0.85625 0.983333 0.859375 0.977778 0.859375 0.975 0.860937 0.972222 0.860937 0.963889 0.8625 0.961111 0.8625 0.952778 0.864062 0.95 0.864062 0.944444 0.865625 0.941667 0.865625 0.938889 0.867188 0.936111 0.867188 0.930556 0.86875 0.927778 0.86875 0.916667 0.870313 0.913889 0.870313 0.905556 0.871875 0.902778 0.871875 0.9 0.873438 0.897222 0.873438 0.891667 0.875 0.888889 0.875 0.880556 0.876562 0.877778 0.876562 0.872222 0.878125 0.869444 0.878125 0.866667 0.879687 0.863889 0.879687 0.858333 0.88125 0.855556 0.88125 0.85 0.882812 0.847222 0.882812 0.841667 0.884375 0.838889 0.884375 0.833333 0.885938 0.830556 0.885938 0.825 0.8875 0.822222 0.8875 0.813889 0.889063 0.811111 0.889063 0.802778 0.890625 0.8 0.890625 0.797222 0.892187 0.794444 0.892187 0.786111 0.89375 0.783333 0.89375 0.772222 0.895312 0.769444 0.895312 0.761111 0.896875 0.758333 0.896875 0.755556 0.898438 0.752778 0.898438 0.747222 0.9 0.744444 0.9 0.736111 0.901563 0.733333 0.901563 0.727778 0.903125 0.725 0.903125 0.716667 0.904688 0.713889 0.904688 0.7 0.90625 0.697222 0.90625 0.647222 0.907812 0.644444 0.907812 0.622222 0.909375 0.619444 0.909375 0.613889 0.910937 0.611111 0.910937 0.602778 0.9125 0.6 0.9125 0.586111 0.914062 0.583333 0.914062 0.569444 0.915625 0.566667 0.915625 0.502778 0.917188 0.5 0.917188 0.472222 0.91875 0.469444 0.91875 0.45 0.920313 0.447222 0.920313 0.427778 0.921875 0.425 0.921875 0.419444 0.923437 0.416667 0.923437 0.405556 0.925 0.402778 0.925 0.394444 0.926562 0.391667 0.926562 0.383333 0.928125 0.380556 0.928125 0.375 0.929688 0.372222 0.929688 0.35 0.928125 0.347222 0.928125 0.338889 0.926562 0.336111 0.926562 0.325 0.925 0.322222 0.925 0.316667 0.923437 0.313889 0.923437 0.305556 0.921875 0.302778 0.921875 0.294444 0.920313 0.291667 0.920313 0.288889 0.91875 0.286111 0.91875 0.283333 0.917188 0.280556 0.917188 0.277778 0.914062 0.272222 0.914062 0.269444 0.909375 0.261111 0.907812 0.261111 0.904688 0.255556 0.903125 0.255556 0.901563 0.252778 0.9 0.252778 0.898438 0.25 0.89375 0.25 0.892187 0.247222 0.8875 0.247222 0.885938 0.244444 0.882812 0.244444 0.88125 0.241667 0.873438 0.241667 0.871875 0.238889 0.865625 0.238889 0.864062 0.236111 0.860937 0.236111 0.859375 0.233333 0.857813 0.233333 0.84375 0.208333 0.84375 0.205556 0.842188 0.202778 0.842188 0.2 0.840625 0.197222 0.840625 0.194444 0.839063 0.191667 0.839063 0.180556 0.8375 0.177778 0.8375 0.163889 0.835938 0.161111 0.835938 0.155556 0.834375 0.152778 0.834375 0.15 0.832812 0.147222 0.832812 0.141667 0.83125 0.138889 0.83125 0.136111 0.825 0.125 0.825 0.122222 0.820312 0.113889 0.820312 0.105556
39 0.1875 0.861111 0.1875 0.869444 0.171875 0.897222 0.171875 0.9 0.16875 0.905556 0.16875 0.908333 0.164062 0.916667 0.159375 0.916667 0.159375 1 0.2 1 0.201562 1 0.203125 1 0.204688 1 0.2125 1 0.214062 1 0.217187 1 0.21875 1 0.221875 1 0.223438 1 0.229687 1 0.23125 1 0.235938 1 0.239063 0.994444 0.245312 0.994444 0.245312 0.977778 0.240625 0.977778 0.239063 0.975 0.239063 0.972222 0.232812 0.961111 0.232812 0.958333 0.23125 0.955556 0.23125 0.944444 0.229687 0.941667 0.229687 0.933333 0.228125 0.930556 0.228125 0.925 0.225 0.919444 0.225 0.916667 0.223438 0.913889 0.223438 0.911111 0.221875 0.908333 0.220313 0.908333 0.21875 0.905556 0.21875 0.9 0.217187 0.897222 0.217187 0.861111
0 0.76875 0.105556 0.76875 0.113889 0.75 0.147222 0.75 0.15 0.746875 0.155556 0.746875 0.158333 0.745313 0.161111 0.745313 0.166667 0.74375 0.169444 0.74375 0.188889 0.745313 0.191667 0.745313 0.2 0.746875 0.202778 0.746875 0.208333 0.748438 0.211111 0.748438 0.216667 0.75 0.219444 0.75 0.222222 0.753125 0.227778 0.753125 0.238889 0.754687 0.241667 0.754687 0.255556 0.75625 0.258333 0.75625 0.263889 0.760938 0.272222 0.760938 0.275 0.765625 0.283333 0.765625 0.286111 0.767187 0.288889 0.767187 0.291667 0.76875 0.294444 0.767187 0.297222 0.767187 0.305556 0.765625 0.308333 0.765625 0.316667 0.7625 0.322222 0.7625 0.325 0.759375 0.330556 0.757812 0.330556 0.75625 0.333333 0.754687 0.333333 0.753125 0.336111 0.75 0.336111 0.748438 0.338889 0.746875 0.338889 0.739062 0.352778 0.739062 0.355556 0.7375 0.358333 0.7375 0.361111 0.735937 0.363889 0.735937 0.369444 0.734375 0.372222 0.734375 0.383333 0.732813 0.386111 0.732813 0.391667 0.73125 0.394444 0.73125 0.402778 0.729688 0.405556 0.729688 0.413889 0.728125 0.416667 0.728125 0.419444 0.726562 0.422222 0.726562 0.425 0.725 0.427778 0.725 0.430556 0.723437 0.433333 0.723437 0.436111 0.721875 0.438889 0.721875 0.444444 0.720312 0.447222 0.720312 0.458333 0.71875 0.461111 0.71875 0.477778 0.717188 0.480556 0.717188 0.533333 0.715625 0.536111 0.715625 0.55 0.709375 0.561111 0.707812 0.561111 0.70625 0.563889 0.703125 0.563889 0.701563 0.566667 0.696875 0.566667 0.696875 0.611111 0.728125 0.611111 0.729688 0.613889 0.729688 0.616667 0.73125 0.619444 0.73125 0.622222 0.7375 0.633333 0.739062 0.633333 0.742188 0.638889 0.742188 0.641667 0.748438 0.652778 0.75 0.652778 0.751562 0.655556 0.753125 0.655556 0.754687 0.658333 0.75625 0.658333 0.757812 0.661111 0.760938 0.661111 0.7625 0.663889 0.775 0.663889 0.776563 0.661111 0.779688 0.661111 0.782812 0.655556 0.785937 0.661111 0.7875 0.661111 0.792188 0.669444 0.792188 0.672222 0.79375 0.672222 0.817187 0.713889 0.817187 0.716667 0.825 0.730556 0.825 0.733333 0.828125 0.738889 0.828125 0.744444 0.829687 0.747222 0.829687 0.752778 0.83125 0.755556 0.83125 0.761111 0.832812 0.763889 0.832812 0.772222 0.834375 0.775 0.834375 0.777778 0.835938 0.780556 0.835938 0.783333 0.8375 0.786111 0.8375 0.788889 0.839063 0.791667 0.839063 0.794444 0.846875 0.808333 0.846875 0.813889 0.848437 0.816667 0.848437 0.819444 0.85 0.822222 0.85 0.825 0.851562 0.827778 0.851562 0.838889 0.853125 0.841667 0.853125 0.888889 0.851562 0.891667 0.851562 0.925 0.85 0.927778 0.85 0.963889 0.848437 0.966667 0.848437 0.980556 0.85 0.983333 0.85 0.991667 0.85625 0.991667 0.85625 0.983333 0.859375 0.977778 0.859375 0.975 0.860937 0.972222 0.860937 0.963889 0.8625 0.961111 0.8625 0.952778 0.864062 0.95 0.864062 0.944444 0.865625 0.941667 0.865625 0.938889 0.867188 0.936111 0.867188 0.930556 0.86875 0.927778 0.86875 0.916667 0.870313 0.913889 0.870313 0.905556 0.871875 0.902778 0.871875 0.9 0.873438 0.897222 0.873438 0.891667 0.875 0.888889 0.875 0.880556 0.876562 0.877778 0.876562 0.872222 0.878125 0.869444 0.878125 0.866667 0.879687 0.863889 0.879687 0.858333 0.88125 0.855556 0.88125 0.85 0.882812 0.847222 0.882812 0.841667 0.884375 0.838889 0.884375 0.833333 0.885938 0.830556 0.885938 0.825 0.8875 0.822222 0.8875 0.813889 0.889063 0.811111 0.889063 0.802778 0.890625 0.8 0.890625 0.797222 0.892187 0.794444 0.892187 0.786111 0.89375 0.783333 0.89375 0.772222 0.895312 0.769444 0.895312 0.761111 0.896875 0.758333 0.896875 0.755556 0.898438 0.752778 0.898438 0.747222 0.9 0.744444 0.9 0.736111 0.901563 0.733333 0.901563 0.727778 0.903125 0.725 0.903125 0.716667 0.904688 0.713889 0.904688 0.7 0.90625 0.697222 0.90625 0.647222 0.907812 0.644444 0.907812 0.622222 0.909375 0.619444 0.909375 0.613889 0.910937 0.611111 0.910937 0.602778 0.9125 0.6 0.9125 0.586111 0.914062 0.583333 0.914062 0.569444 0.915625 0.566667 0.915625 0.502778 0.917188 0.5 0.917188 0.472222 0.91875 0.469444 0.91875 0.45 0.920313 0.447222 0.920313 0.427778 0.921875 0.425 0.921875 0.419444 0.923437 0.416667 0.923437 0.405556 0.925 0.402778 0.925 0.394444 0.926562 0.391667 0.926562 0.383333 0.928125 0.380556 0.928125 0.375 0.929688 0.372222 0.929688 0.35 0.928125 0.347222 0.928125 0.338889 0.926562 0.336111 0.926562 0.325 0.925 0.322222 0.925 0.316667 0.923437 0.313889 0.923437 0.305556 0.921875 0.302778 0.921875 0.294444 0.920313 0.291667 0.920313 0.288889 0.91875 0.286111 0.91875 0.283333 0.917188 0.280556 0.917188 0.277778 0.914062 0.272222 0.914062 0.269444 0.909375 0.261111 0.907812 0.261111 0.904688 0.255556 0.903125 0.255556 0.901563 0.252778 0.9 0.252778 0.898438 0.25 0.89375 0.25 0.892187 0.247222 0.8875 0.247222 0.885938 0.244444 0.882812 0.244444 0.88125 0.241667 0.873438 0.241667 0.871875 0.238889 0.865625 0.238889 0.864062 0.236111 0.860937 0.236111 0.859375 0.233333 0.857813 0.233333 0.84375 0.208333 0.84375 0.205556 0.842188 0.202778 0.842188 0.2 0.840625 0.197222 0.840625 0.194444 0.839063 0.191667 0.839063 0.180556 0.8375 0.177778 0.8375 0.163889 0.835938 0.161111 0.835938 0.155556 0.834375 0.152778 0.834375 0.15 0.832812 0.147222 0.832812 0.141667 0.83125 0.138889 0.83125 0.136111 0.825 0.125 0.825 0.122222 0.820312 0.113889 0.820312 0.105556
39 0.1875 0.861111 0.1875 0.869444 0.171875 0.897222 0.171875 0.9 0.16875 0.905556 0.16875 0.908333 0.164062 0.916667 0.159375 0.916667 0.159375 1 0.2 1 0.201562 1 0.203125 1 0.204688 1 0.2125 1 0.214062 1 0.217187 1 0.21875 1 0.221875 1 0.223438 1 0.229687 1 0.23125 1 0.235938 1 0.239063 0.994444 0.245312 0.994444 0.245312 0.977778 0.240625 0.977778 0.239063 0.975 0.239063 0.972222 0.232812 0.961111 0.232812 0.958333 0.23125 0.955556 0.23125 0.944444 0.229687 0.941667 0.229687 0.933333 0.228125 0.930556 0.228125 0.925 0.225 0.919444 0.225 0.916667 0.223438 0.913889 0.223438 0.911111 0.221875 0.908333 0.220313 0.908333 0.21875 0.905556 0.21875 0.9 0.217187 0.897222 0.217187 0.861111
0 0.76875 0.105556 0.76875 0.113889 0.75 0.147222 0.75 0.15 0.746875 0.155556 0.746875 0.158333 0.745313 0.161111 0.745313 0.166667 0.74375 0.169444 0.74375 0.188889 0.745313 0.191667 0.745313 0.2 0.746875 0.202778 0.746875 0.208333 0.748438 0.211111 0.748438 0.216667 0.75 0.219444 0.75 0.222222 0.753125 0.227778 0.753125 0.238889 0.754687 0.241667 0.754687 0.255556 0.75625 0.258333 0.75625 0.263889 0.760938 0.272222 0.760938 0.275 0.765625 0.283333 0.765625 0.286111 0.767187 0.288889 0.767187 0.291667 0.76875 0.294444 0.767187 0.297222 0.767187 0.305556 0.765625 0.308333 0.765625 0.316667 0.7625 0.322222 0.7625 0.325 0.759375 0.330556 0.757812 0.330556 0.75625 0.333333 0.754687 0.333333 0.753125 0.336111 0.75 0.336111 0.748438 0.338889 0.746875 0.338889 0.739062 0.352778 0.739062 0.355556 0.7375 0.358333 0.7375 0.361111 0.735937 0.363889 0.735937 0.369444 0.734375 0.372222 0.734375 0.383333 0.732813 0.386111 0.732813 0.391667 0.73125 0.394444 0.73125 0.402778 0.729688 0.405556 0.729688 0.413889 0.728125 0.416667 0.728125 0.419444 0.726562 0.422222 0.726562 0.425 0.725 0.427778 0.725 0.430556 0.723437 0.433333 0.723437 0.436111 0.721875 0.438889 0.721875 0.444444 0.720312 0.447222 0.720312 0.458333 0.71875 0.461111 0.71875 0.477778 0.717188 0.480556 0.717188 0.533333 0.715625 0.536111 0.715625 0.55 0.709375 0.561111 0.707812 0.561111 0.70625 0.563889 0.703125 0.563889 0.701563 0.566667 0.696875 0.566667 0.696875 0.611111 0.728125 0.611111 0.729688 0.613889 0.729688 0.616667 0.73125 0.619444 0.73125 0.622222 0.7375 0.633333 0.739062 0.633333 0.742188 0.638889 0.742188 0.641667 0.748438 0.652778 0.75 0.652778 0.751562 0.655556 0.753125 0.655556 0.754687 0.658333 0.75625 0.658333 0.757812 0.661111 0.760938 0.661111 0.7625 0.663889 0.775 0.663889 0.776563 0.661111 0.779688 0.661111 0.782812 0.655556 0.785937 0.661111 0.7875 0.661111 0.792188 0.669444 0.792188 0.672222 0.79375 0.672222 0.817187 0.713889 0.817187 0.716667 0.825 0.730556 0.825 0.733333 0.828125 0.738889 0.828125 0.744444 0.829687 0.747222 0.829687 0.752778 0.83125 0.755556 0.83125 0.761111 0.832812 0.763889 0.832812 0.772222 0.834375 0.775 0.834375 0.777778 0.835938 0.780556 0.835938 0.783333 0.8375 0.786111 0.8375 0.788889 0.839063 0.791667 0.839063 0.794444 0.846875 0.808333 0.846875 0.813889 0.848437 0.816667 0.848437 0.819444 0.85 0.822222 0.85 0.825 0.851562 0.827778 0.851562 0.838889 0.853125 0.841667 0.853125 0.888889 0.851562 0.891667 0.851562 0.925 0.85 0.927778 0.85 0.963889 0.848437 0.966667 0.848437 0.980556 0.85 0.983333 0.85 0.991667 0.85625 0.991667 0.85625 0.983333 0.859375 0.977778 0.859375 0.975 0.860937 0.972222 0.860937 0.963889 0.8625 0.961111 0.8625 0.952778 0.864062 0.95 0.864062 0.944444 0.865625 0.941667 0.865625 0.938889 0.867188 0.936111 0.867188 0.930556 0.86875 0.927778 0.86875 0.916667 0.870313 0.913889 0.870313 0.905556 0.871875 0.902778 0.871875 0.9 0.873438 0.897222 0.873438 0.891667 0.875 0.888889 0.875 0.880556 0.876562 0.877778 0.876562 0.872222 0.878125 0.869444 0.878125 0.866667 0.879687 0.863889 0.879687 0.858333 0.88125 0.855556 0.88125 0.85 0.882812 0.847222 0.882812 0.841667 0.884375 0.838889 0.884375 0.833333 0.885938 0.830556 0.885938 0.825 0.8875 0.822222 0.8875 0.813889 0.889063 0.811111 0.889063 0.802778 0.890625 0.8 0.890625 0.797222 0.892187 0.794444 0.892187 0.786111 0.89375 0.783333 0.89375 0.772222 0.895312 0.769444 0.895312 0.761111 0.896875 0.758333 0.896875 0.755556 0.898438 0.752778 0.898438 0.747222 0.9 0.744444 0.9 0.736111 0.901563 0.733333 0.901563 0.727778 0.903125 0.725 0.903125 0.716667 0.904688 0.713889 0.904688 0.7 0.90625 0.697222 0.90625 0.647222 0.907812 0.644444 0.907812 0.622222 0.909375 0.619444 0.909375 0.613889 0.910937 0.611111 0.910937 0.602778 0.9125 0.6 0.9125 0.586111 0.914062 0.583333 0.914062 0.569444 0.915625 0.566667 0.915625 0.502778 0.917188 0.5 0.917188 0.472222 0.91875 0.469444 0.91875 0.45 0.920313 0.447222 0.920313 0.427778 0.921875 0.425 0.921875 0.419444 0.923437 0.416667 0.923437 0.405556 0.925 0.402778 0.925 0.394444 0.926562 0.391667 0.926562 0.383333 0.928125 0.380556 0.928125 0.375 0.929688 0.372222 0.929688 0.35 0.928125 0.347222 0.928125 0.338889 0.926562 0.336111 0.926562 0.325 0.925 0.322222 0.925 0.316667 0.923437 0.313889 0.923437 0.305556 0.921875 0.302778 0.921875 0.294444 0.920313 0.291667 0.920313 0.288889 0.91875 0.286111 0.91875 0.283333 0.917188 0.280556 0.917188 0.277778 0.914062 0.272222 0.914062 0.269444 0.909375 0.261111 0.907812 0.261111 0.904688 0.255556 0.903125 0.255556 0.901563 0.252778 0.9 0.252778 0.898438 0.25 0.89375 0.25 0.892187 0.247222 0.8875 0.247222 0.885938 0.244444 0.882812 0.244444 0.88125 0.241667 0.873438 0.241667 0.871875 0.238889 0.865625 0.238889 0.864062 0.236111 0.860937 0.236111 0.859375 0.233333 0.857813 0.233333 0.84375 0.208333 0.84375 0.205556 0.842188 0.202778 0.842188 0.2 0.840625 0.197222 0.840625 0.194444 0.839063 0.191667 0.839063 0.180556 0.8375 0.177778 0.8375 0.163889 0.835938 0.161111 0.835938 0.155556 0.834375 0.152778 0.834375 0.15 0.832812 0.147222 0.832812 0.141667 0.83125 0.138889 0.83125 0.136111 0.825 0.125 0.825 0.122222 0.820312 0.113889 0.820312 0.105556
39 0.1875 0.861111 0.1875 0.869444 0.171875 0.897222 0.171875 0.9 0.16875 0.905556 0.16875 0.908333 0.164062 0.916667 0.159375 0.916667 0.159375 1 0.2 1 0.201562 1 0.203125 1 0.204688 1 0.2125 1 0.214062 1 0.217187 1 0.21875 1 0.221875 1 0.223438 1 0.229687 1 0.23125 1 0.235938 1 0.239063 0.994444 0.245312 0.994444 0.245312 0.977778 0.240625 0.977778 0.239063 0.975 0.239063 0.972222 0.232812 0.961111 0.232812 0.958333 0.23125 0.955556 0.23125 0.944444 0.229687 0.941667 0.229687 0.933333 0.228125 0.930556 0.228125 0.925 0.225 0.919444 0.225 0.916667 0.223438 0.913889 0.223438 0.911111 0.221875 0.908333 0.220313 0.908333 0.21875 0.905556 0.21875 0.9 0.217187 0.897222 0.217187 0.861111
0 0.76875 0.105556 0.76875 0.113889 0.75 0.147222 0.75 0.15 0.746875 0.155556 0.746875 0.158333 0.745313 0.161111 0.745313 0.166667 0.74375 0.169444 0.74375 0.188889 0.745313 0.191667 0.745313 0.2 0.746875 0.202778 0.746875 0.208333 0.748438 0.211111 0.748438 0.216667 0.75 0.219444 0.75 0.222222 0.753125 0.227778 0.753125 0.238889 0.754687 0.241667 0.754687 0.255556 0.75625 0.258333 0.75625 0.263889 0.760938 0.272222 0.760938 0.275 0.765625 0.283333 0.765625 0.286111 0.767187 0.288889 0.767187 0.291667 0.76875 0.294444 0.767187 0.297222 0.767187 0.305556 0.765625 0.308333 0.765625 0.316667 0.7625 0.322222 0.7625 0.325 0.759375 0.330556 0.757812 0.330556 0.75625 0.333333 0.754687 0.333333 0.753125 0.336111 0.75 0.336111 0.748438 0.338889 0.746875 0.338889 0.739062 0.352778 0.739062 0.355556 0.7375 0.358333 0.7375 0.361111 0.735937 0.363889 0.735937 0.369444 0.734375 0.372222 0.734375 0.383333 0.732813 0.386111 0.732813 0.391667 0.73125 0.394444 0.73125 0.402778 0.729688 0.405556 0.729688 0.413889 0.728125 0.416667 0.728125 0.419444 0.726562 0.422222 0.726562 0.425 0.725 0.427778 0.725 0.430556 0.723437 0.433333 0.723437 0.436111 0.721875 0.438889 0.721875 0.444444 0.720312 0.447222 0.720312 0.458333 0.71875 0.461111 0.71875 0.477778 0.717188 0.480556 0.717188 0.533333 0.715625 0.536111 0.715625 0.55 0.709375 0.561111 0.707812 0.561111 0.70625 0.563889 0.703125 0.563889 0.701563 0.566667 0.696875 0.566667 0.696875 0.611111 0.728125 0.611111 0.729688 0.613889 0.729688 0.616667 0.73125 0.619444 0.73125 0.622222 0.7375 0.633333 0.739062 0.633333 0.742188 0.638889 0.742188 0.641667 0.748438 0.652778 0.75 0.652778 0.751562 0.655556 0.753125 0.655556 0.754687 0.658333 0.75625 0.658333 0.757812 0.661111 0.760938 0.661111 0.7625 0.663889 0.775 0.663889 0.776563 0.661111 0.779688 0.661111 0.782812 0.655556 0.785937 0.661111 0.7875 0.661111 0.792188 0.669444 0.792188 0.672222 0.79375 0.672222 0.817187 0.713889 0.817187 0.716667 0.825 0.730556 0.825 0.733333 0.828125 0.738889 0.828125 0.744444 0.829687 0.747222 0.829687 0.752778 0.83125 0.755556 0.83125 0.761111 0.832812 0.763889 0.832812 0.772222 0.834375 0.775 0.834375 0.777778 0.835938 0.780556 0.835938 0.783333 0.8375 0.786111 0.8375 0.788889 0.839063 0.791667 0.839063 0.794444 0.846875 0.808333 0.846875 0.813889 0.848437 0.816667 0.848437 0.819444 0.85 0.822222 0.85 0.825 0.851562 0.827778 0.851562 0.838889 0.853125 0.841667 0.853125 0.888889 0.851562 0.891667 0.851562 0.925 0.85 0.927778 0.85 0.963889 0.848437 0.966667 0.848437 0.980556 0.85 0.983333 0.85 0.991667 0.85625 0.991667 0.85625 0.983333 0.859375 0.977778 0.859375 0.975 0.860937 0.972222 0.860937 0.963889 0.8625 0.961111 0.8625 0.952778 0.864062 0.95 0.864062 0.944444 0.865625 0.941667 0.865625 0.938889 0.867188 0.936111 0.867188 0.930556 0.86875 0.927778 0.86875 0.916667 0.870313 0.913889 0.870313 0.905556 0.871875 0.902778 0.871875 0.9 0.873438 0.897222 0.873438 0.891667 0.875 0.888889 0.875 0.880556 0.876562 0.877778 0.876562 0.872222 0.878125 0.869444 0.878125 0.866667 0.879687 0.863889 0.879687 0.858333 0.88125 0.855556 0.88125 0.85 0.882812 0.847222 0.882812 0.841667 0.884375 0.838889 0.884375 0.833333 0.885938 0.830556 0.885938 0.825 0.8875 0.822222 0.8875 0.813889 0.889063 0.811111 0.889063 0.802778 0.890625 0.8 0.890625 0.797222 0.892187 0.794444 0.892187 0.786111 0.89375 0.783333 0.89375 0.772222 0.895312 0.769444 0.895312 0.761111 0.896875 0.758333 0.896875 0.755556 0.898438 0.752778 0.898438 0.747222 0.9 0.744444 0.9 0.736111 0.901563 0.733333 0.901563 0.727778 0.903125 0.725 0.903125 0.716667 0.904688 0.713889 0.904688 0.7 0.90625 0.697222 0.90625 0.647222 0.907812 0.644444 0.907812 0.622222 0.909375 0.619444 0.909375 0.613889 0.910937 0.611111 0.910937 0.602778 0.9125 0.6 0.9125 0.586111 0.914062 0.583333 0.914062 0.569444 0.915625 0.566667 0.915625 0.502778 0.917188 0.5 0.917188 0.472222 0.91875 0.469444 0.91875 0.45 0.920313 0.447222 0.920313 0.427778 0.921875 0.425 0.921875 0.419444 0.923437 0.416667 0.923437 0.405556 0.925 0.402778 0.925 0.394444 0.926562 0.391667 0.926562 0.383333 0.928125 0.380556 0.928125 0.375 0.929688 0.372222 0.929688 0.35 0.928125 0.347222 0.928125 0.338889 0.926562 0.336111 0.926562 0.325 0.925 0.322222 0.925 0.316667 0.923437 0.313889 0.923437 0.305556 0.921875 0.302778 0.921875 0.294444 0.920313 0.291667 0.920313 0.288889 0.91875 0.286111 0.91875 0.283333 0.917188 0.280556 0.917188 0.277778 0.914062 0.272222 0.914062 0.269444 0.909375 0.261111 0.907812 0.261111 0.904688 0.255556 0.903125 0.255556 0.901563 0.252778 0.9 0.252778 0.898438 0.25 0.89375 0.25 0.892187 0.247222 0.8875 0.247222 0.885938 0.244444 0.882812 0.244444 0.88125 0.241667 0.873438 0.241667 0.871875 0.238889 0.865625 0.238889 0.864062 0.236111 0.860937 0.236111 0.859375 0.233333 0.857813 0.233333 0.84375 0.208333 0.84375 0.205556 0.842188 0.202778 0.842188 0.2 0.840625 0.197222 0.840625 0.194444 0.839063 0.191667 0.839063 0.180556 0.8375 0.177778 0.8375 0.163889 0.835938 0.161111 0.835938 0.155556 0.834375 0.152778 0.834375 0.15 0.832812 0.147222 0.832812 0.141667 0.83125 0.138889 0.83125 0.136111 0.825 0.125 0.825 0.122222 0.820312 0.113889 0.820312 0.105556
39 0.1875 0.861111 0.1875 0.869444 0.171875 0.897222 0.171875 0.9 0.16875 0.905556 0.16875 0.908333 0.164062 0.916667 0.159375 0.916667 0.159375 1 0.2 1 0.201562 1 0.203125 1 0.204688 1 0.2125 1 0.214062 1 0.217187 1 0.21875 1 0.221875 1 0.223438 1 0.229687 1 0.23125 1 0.235938 1 0.239063 0.994444 0.245312 0.994444 0.245312 0.977778 0.240625 0.977778 0.239063 0.975 0.239063 0.972222 0.232812 0.961111 0.232812 0.958333 0.23125 0.955556 0.23125 0.944444 0.229687 0.941667 0.229687 0.933333 0.228125 0.930556 0.228125 0.925 0.225 0.919444 0.225 0.916667 0.223438 0.913889 0.223438 0.911111 0.221875 0.908333 0.220313 0.908333 0.21875 0.905556 0.21875 0.9 0.217187 0.897222 0.217187 0.861111
