67 0.146875 0.00555556 0.146875 0.0138889 0.145313 0.0166667 0.135937 0.0166667 0.134375 0.0194444 0.109375 0.0194444 0.109375 0.902778 0.114063 0.902778 0.117188 0.908333 0.117188 0.911111 0.11875 0.913889 0.11875 0.916667 0.121875 0.922222 0.123438 0.922222 0.128125 0.930556 0.129688 0.930556 0.13125 0.933333 0.132812 0.933333 0.134375 0.936111 0.135937 0.936111 0.14375 0.95 0.14375 0.958333 0.175 0.958333 0.175 0.947222 0.176563 0.944444 0.176563 0.941667 0.178125 0.938889 0.178125 0.936111 0.18125 0.930556 0.18125 0.927778 0.182812 0.925 0.182812 0.919444 0.184375 0.916667 0.184375 0.911111 0.185937 0.908333 0.185937 0.9 0.1875 0.897222 0.1875 0.891667 0.189063 0.888889 0.189063 0.883333 0.190625 0.880556 0.190625 0.869444 0.192188 0.866667 0.192188 0.858333 0.19375 0.855556 0.19375 0.847222 0.195312 0.844444 0.195312 0.838889 0.196875 0.836111 0.196875 0.827778 0.198437 0.825 0.198437 0.822222 0.201562 0.816667 0.201562 0.813889 0.204688 0.808333 0.204688 0.805556 0.209375 0.797222 0.210938 0.797222 0.2125 0.794444 0.214062 0.794444 0.217187 0.788889 0.228125 0.788889 0.229687 0.791667 0.23125 0.791667 0.239063 0.805556 0.239063 0.808333 0.240625 0.811111 0.240625 0.813889 0.242188 0.816667 0.242188 0.822222 0.24375 0.825 0.24375 0.841667 0.245312 0.844444 0.245312 0.863889 0.246875 0.866667 0.246875 0.877778 0.248437 0.880556 0.248437 0.891667 0.25 0.894444 0.25 0.958333 0.5 0.958333 0.5 0.95 0.501562 0.947222 0.528125 0.947222 0.529688 0.944444 0.532812 0.944444 0.534375 0.941667 0.542188 0.941667 0.54375 0.938889 0.548437 0.938889 0.55 0.941667 0.554688 0.941667 0.55625 0.938889 0.559375 0.938889 0.560938 0.936111 0.570312 0.936111 0.571875 0.933333 0.573438 0.936111 0.595312 0.936111 0.596875 0.933333 0.598437 0.936111 0.603125 0.936111 0.604688 0.933333 0.617188 0.933333 0.61875 0.930556 0.63125 0.930556 0.632812 0.927778 0.64375 0.927778 0.645312 0.930556 0.678125 0.930556 0.679688 0.927778 0.692187 0.927778 0.69375 0.925 0.717188 0.925 0.71875 0.922222 0.732813 0.922222 0.734375 0.919444 0.7375 0.919444 0.739062 0.922222 0.740625 0.919444 0.75 0.919444 0.751562 0.922222 0.753125 0.919444 0.776563 0.919444 0.778125 0.916667 0.809375 0.916667 0.810938 0.913889 0.817187 0.913889 0.81875 0.911111 0.840625 0.911111 0.842188 0.908333 0.851562 0.908333 0.853125 0.905556 0.857813 0.905556 0.859375 0.902778 0.865625 0.902778 0.867188 0.9 0.86875 0.9 0.870313 0.897222 0.873438 0.897222 0.875 0.894444 0.876562 0.894444 0.878125 0.891667 0.879687 0.891667 0.882812 0.886111 0.884375 0.886111 0.885938 0.883333 0.8875 0.883333 0.892187 0.875 0.89375 0.875 0.896875 0.869444 0.898438 0.869444 0.909375 0.85 0.909375 0.847222 0.9125 0.841667 0.9125 0.838889 0.914062 0.836111 0.914062 0.827778 0.915625 0.825 0.915625 0.772222 0.914062 0.769444 0.914062 0.711111 0.915625 0.708333 0.915625 0.672222 0.917188 0.669444 0.917188 0.580556 0.91875 0.577778 0.91875 0.497222 0.920313 0.494444 0.920313 0.488889 0.91875 0.486111 0.91875 0.388889 0.920313 0.386111 0.920313 0.241667 0.921875 0.238889 0.921875 0.183333 0.923437 0.180556 0.923437 0.161111 0.925 0.158333 0.925 0.111111 0.923437 0.108333 0.923437 0.0666667 0.925 0.0638889 0.925 0.0222222 0.926562 0.0194444 0.926562 0.00555556
0 0.20625 0.794444 0.20625 0.805556 0.203125 0.811111 0.203125 0.813889 0.201562 0.816667 0.201562 0.819444 0.2 0.822222 0.2 0.825 0.198437 0.827778 0.198437 0.836111 0.196875 0.838889 0.196875 0.847222 0.195312 0.85 0.195312 0.855556 0.19375 0.858333 0.19375 0.866667 0.192188 0.869444 0.192188 0.877778 0.190625 0.880556 0.190625 0.891667 0.189063 0.894444 0.189063 0.9 0.1875 0.902778 0.1875 0.911111 0.185937 0.913889 0.185937 0.919444 0.184375 0.922222 0.184375 0.927778 0.18125 0.933333 0.18125 0.936111 0.179688 0.938889 0.179688 0.944444 0.176563 0.95 0.171875 0.95 0.171875 1 0.240625 1 0.240625 0.991667 0.242188 0.988889 0.242188 0.980556 0.24375 0.977778 0.24375 0.961111 0.245312 0.958333 0.245312 0.95 0.246875 0.947222 0.251563 0.947222 0.251563 0.875 0.246875 0.875 0.245312 0.872222 0.245312 0.869444 0.24375 0.866667 0.24375 0.844444 0.242188 0.841667 0.242188 0.827778 0.240625 0.825 0.240625 0.816667 0.239063 0.813889 0.239063 0.808333 0.2375 0.805556 0.2375 0.794444
67 0.146875 0.00555556 0.146875 0.0138889 0.145313 0.0166667 0.135937 0.0166667 0.134375 0.0194444 0.109375 0.0194444 0.109375 0.902778 0.114063 0.902778 0.117188 0.908333 0.117188 0.911111 0.11875 0.913889 0.11875 0.916667 0.121875 0.922222 0.123438 0.922222 0.128125 0.930556 0.129688 0.930556 0.13125 0.933333 0.132812 0.933333 0.134375 0.936111 0.135937 0.936111 0.14375 0.95 0.14375 0.958333 0.175 0.958333 0.175 0.947222 0.176563 0.944444 0.176563 0.941667 0.178125 0.938889 0.178125 0.936111 0.18125 0.930556 0.18125 0.927778 0.182812 0.925 0.182812 0.919444 0.184375 0.916667 0.184375 0.911111 0.185937 0.908333 0.185937 0.9 0.1875 0.897222 0.1875 0.891667 0.189063 0.888889 0.189063 0.883333 0.190625 0.880556 0.190625 0.869444 0.192188 0.866667 0.192188 0.858333 0.19375 0.855556 0.19375 0.847222 0.195312 0.844444 0.195312 0.838889 0.196875 0.836111 0.196875 0.827778 0.198437 0.825 0.198437 0.822222 0.201562 0.816667 0.201562 0.813889 0.204688 0.808333 0.204688 0.805556 0.209375 0.797222 0.210938 0.797222 0.2125 0.794444 0.214062 0.794444 0.217187 0.788889 0.228125 0.788889 0.229687 0.791667 0.23125 0.791667 0.239063 0.805556 0.239063 0.808333 0.240625 0.811111 0.240625 0.813889 0.242188 0.816667 0.242188 0.822222 0.24375 0.825 0.24375 0.841667 0.245312 0.844444 0.245312 0.863889 0.246875 0.866667 0.246875 0.877778 0.248437 0.880556 0.248437 0.891667 0.25 0.894444 0.25 0.958333 0.5 0.958333 0.5 0.95 0.501562 0.947222 0.528125 0.947222 0.529688 0.944444 0.532812 0.944444 0.534375 0.941667 0.542188 0.941667 0.54375 0.938889 0.548437 0.938889 0.55 0.941667 0.554688 0.941667 0.55625 0.938889 0.559375 0.938889 0.560938 0.936111 0.570312 0.936111 0.571875 0.933333 0.573438 0.936111 0.595312 0.936111 0.596875 0.933333 0.598437 0.936111 0.603125 0.936111 0.604688 0.933333 0.617188 0.933333 0.61875 0.930556 0.63125 0.930556 0.632812 0.927778 0.64375 0.927778 0.645312 0.930556 0.678125 0.930556 0.679688 0.927778 0.692187 0.927778 0.69375 0.925 0.717188 0.925 0.71875 0.922222 0.732813 0.922222 0.734375 0.919444 0.7375 0.919444 0.739062 0.922222 0.740625 0.919444 0.75 0.919444 0.751562 0.922222 0.753125 0.919444 0.776563 0.919444 0.778125 0.916667 0.809375 0.916667 0.810938 0.913889 0.817187 0.913889 0.81875 0.911111 0.840625 0.911111 0.842188 0.908333 0.851562 0.908333 0.853125 0.905556 0.857813 0.905556 0.859375 0.902778 0.865625 0.902778 0.867188 0.9 0.86875 0.9 0.870313 0.897222 0.873438 0.897222 0.875 0.894444 0.876562 0.894444 0.878125 0.891667 0.879687 0.891667 0.882812 0.886111 0.884375 0.886111 0.885938 0.883333 0.8875 0.883333 0.892187 0.875 0.89375 0.875 0.896875 0.869444 0.898438 0.869444 0.909375 0.85 0.909375 0.847222 0.9125 0.841667 0.9125 0.838889 0.914062 0.836111 0.914062 0.827778 0.915625 0.825 0.915625 0.772222 0.914062 0.769444 0.914062 0.711111 0.915625 0.708333 0.915625 0.672222 0.917188 0.669444 0.917188 0.580556 0.91875 0.577778 0.91875 0.497222 0.920313 0.494444 0.920313 0.488889 0.91875 0.486111 0.91875 0.388889 0.920313 0.386111 0.920313 0.241667 0.921875 0.238889 0.921875 0.183333 0.923437 0.180556 0.923437 0.161111 0.925 0.158333 0.925 0.111111 0.923437 0.108333 0.923437 0.0666667 0.925 0.0638889 0.925 0.0222222 0.926562 0.0194444 0.926562 0.00555556
0 0.20625 0.794444 0.20625 0.805556 0.203125 0.811111 0.203125 0.813889 0.201562 0.816667 0.201562 0.819444 0.2 0.822222 0.2 0.825 0.198437 0.827778 0.198437 0.836111 0.196875 0.838889 0.196875 0.847222 0.195312 0.85 0.195312 0.855556 0.19375 0.858333 0.19375 0.866667 0.192188 0.869444 0.192188 0.877778 0.190625 0.880556 0.190625 0.891667 0.189063 0.894444 0.189063 0.9 0.1875 0.902778 0.1875 0.911111 0.185937 0.913889 0.185937 0.919444 0.184375 0.922222 0.184375 0.927778 0.18125 0.933333 0.18125 0.936111 0.179688 0.938889 0.179688 0.944444 0.176563 0.95 0.171875 0.95 0.171875 1 0.240625 1 0.240625 0.991667 0.242188 0.988889 0.242188 0.980556 0.24375 0.977778 0.24375 0.961111 0.245312 0.958333 0.245312 0.95 0.246875 0.947222 0.251563 0.947222 0.251563 0.875 0.246875 0.875 0.245312 0.872222 0.245312 0.869444 0.24375 0.866667 0.24375 0.844444 0.242188 0.841667 0.242188 0.827778 0.240625 0.825 0.240625 0.816667 0.239063 0.813889 0.239063 0.808333 0.2375 0.805556 0.2375 0.794444
67 0.146875 0.00555556 0.146875 0.0138889 0.145313 0.0166667 0.135937 0.0166667 0.134375 0.0194444 0.109375 0.0194444 0.109375 0.902778 0.114063 0.902778 0.117188 0.908333 0.117188 0.911111 0.11875 0.913889 0.11875 0.916667 0.121875 0.922222 0.123438 0.922222 0.128125 0.930556 0.129688 0.930556 0.13125 0.933333 0.132812 0.933333 0.134375 0.936111 0.135937 0.936111 0.14375 0.95 0.14375 0.958333 0.175 0.958333 0.175 0.947222 0.176563 0.944444 0.176563 0.941667 0.178125 0.938889 0.178125 0.936111 0.18125 0.930556 0.18125 0.927778 0.182812 0.925 0.182812 0.919444 0.184375 0.916667 0.184375 0.911111 0.185937 0.908333 0.185937 0.9 0.1875 0.897222 0.1875 0.891667 0.189063 0.888889 0.189063 0.883333 0.190625 0.880556 0.190625 0.869444 0.192188 0.866667 0.192188 0.858333 0.19375 0.855556 0.19375 0.847222 0.195312 0.844444 0.195312 0.838889 0.196875 0.836111 0.196875 0.827778 0.198437 0.825 0.198437 0.822222 0.201562 0.816667 0.201562 0.813889 0.204688 0.808333 0.204688 0.805556 0.209375 0.797222 0.210938 0.797222 0.2125 0.794444 0.214062 0.794444 0.217187 0.788889 0.228125 0.788889 0.229687 0.791667 0.23125 0.791667 0.239063 0.805556 0.239063 0.808333 0.240625 0.811111 0.240625 0.813889 0.242188 0.816667 0.242188 0.822222 0.24375 0.825 0.24375 0.841667 0.245312 0.844444 0.245312 0.863889 0.246875 0.866667 0.246875 0.877778 0.248437 0.880556 0.248437 0.891667 0.25 0.894444 0.25 0.958333 0.5 0.958333 0.5 0.95 0.501562 0.947222 0.528125 0.947222 0.529688 0.944444 0.532812 0.944444 0.534375 0.941667 0.542188 0.941667 0.54375 0.938889 0.548437 0.938889 0.55 0.941667 0.554688 0.941667 0.55625 0.938889 0.559375 0.938889 0.560938 0.936111 0.570312 0.936111 0.571875 0.933333 0.573438 0.936111 0.595312 0.936111 0.596875 0.933333 0.598437 0.936111 0.603125 0.936111 0.604688 0.933333 0.617188 0.933333 0.61875 0.930556 0.63125 0.930556 0.632812 0.927778 0.64375 0.927778 0.645312 0.930556 0.678125 0.930556 0.679688 0.927778 0.692187 0.927778 0.69375 0.925 0.717188 0.925 0.71875 0.922222 0.732813 0.922222 0.734375 0.919444 0.7375 0.919444 0.739062 0.922222 0.740625 0.919444 0.75 0.919444 0.751562 0.922222 0.753125 0.919444 0.776563 0.919444 0.778125 0.916667 0.809375 0.916667 0.810938 0.913889 0.817187 0.913889 0.81875 0.911111 0.840625 0.911111 0.842188 0.908333 0.851562 0.908333 0.853125 0.905556 0.857813 0.905556 0.859375 0.902778 0.865625 0.902778 0.867188 0.9 0.86875 0.9 0.870313 0.897222 0.873438 0.897222 0.875 0.894444 0.876562 0.894444 0.878125 0.891667 0.879687 0.891667 0.882812 0.886111 0.884375 0.886111 0.885938 0.883333 0.8875 0.883333 0.892187 0.875 0.89375 0.875 0.896875 0.869444 0.898438 0.869444 0.909375 0.85 0.909375 0.847222 0.9125 0.841667 0.9125 0.838889 0.914062 0.836111 0.914062 0.827778 0.915625 0.825 0.915625 0.772222 0.914062 0.769444 0.914062 0.711111 0.915625 0.708333 0.915625 0.672222 0.917188 0.669444 0.917188 0.580556 0.91875 0.577778 0.91875 0.497222 0.920313 0.494444 0.920313 0.488889 0.91875 0.486111 0.91875 0.388889 0.920313 0.386111 0.920313 0.241667 0.921875 0.238889 0.921875 0.183333 0.923437 0.180556 0.923437 0.161111 0.925 0.158333 0.925 0.111111 0.923437 0.108333 0.923437 0.0666667 0.925 0.0638889 0.925 0.0222222 0.926562 0.0194444 0.926562 0.00555556
0 0.20625 0.794444 0.20625 0.805556 0.203125 0.811111 0.203125 0.813889 0.201562 0.816667 0.201562 0.819444 0.2 0.822222 0.2 0.825 0.198437 0.827778 0.198437 0.836111 0.196875 0.838889 0.196875 0.847222 0.195312 0.85 0.195312 0.855556 0.19375 0.858333 0.19375 0.866667 0.192188 0.869444 0.192188 0.877778 0.190625 0.880556 0.190625 0.891667 0.189063 0.894444 0.189063 0.9 0.1875 0.902778 0.1875 0.911111 0.185937 0.913889 0.185937 0.919444 0.184375 0.922222 0.184375 0.927778 0.18125 0.933333 0.18125 0.936111 0.179688 0.938889 0.179688 0.944444 0.176563 0.95 0.171875 0.95 0.171875 1 0.240625 1 0.240625 0.991667 0.242188 0.988889 0.242188 0.980556 0.24375 0.977778 0.24375 0.961111 0.245312 0.958333 0.245312 0.95 0.246875 0.947222 0.251563 0.947222 0.251563 0.875 0.246875 0.875 0.245312 0.872222 0.245312 0.869444 0.24375 0.866667 0.24375 0.844444 0.242188 0.841667 0.242188 0.827778 0.240625 0.825 0.240625 0.816667 0.239063 0.813889 0.239063 0.808333 0.2375 0.805556 0.2375 0.794444
67 0.146875 0.00555556 0.146875 0.0138889 0.145313 0.0166667 0.135937 0.0166667 0.134375 0.0194444 0.109375 0.0194444 0.109375 0.902778 0.114063 0.902778 0.117188 0.908333 0.117188 0.911111 0.11875 0.913889 0.11875 0.916667 0.121875 0.922222 0.123438 0.922222 0.128125 0.930556 0.129688 0.930556 0.13125 0.933333 0.132812 0.933333 0.134375 0.936111 0.135937 0.936111 0.14375 0.95 0.14375 0.958333 0.175 0.958333 0.175 0.947222 0.176563 0.944444 0.176563 0.941667 0.178125 0.938889 0.178125 0.936111 0.18125 0.930556 0.18125 0.927778 0.182812 0.925 0.182812 0.919444 0.184375 0.916667 0.184375 0.911111 0.185937 0.908333 0.185937 0.9 0.1875 0.897222 0.1875 0.891667 0.189063 0.888889 0.189063 0.883333 0.190625 0.880556 0.190625 0.869444 0.192188 0.866667 0.192188 0.858333 0.19375 0.855556 0.19375 0.847222 0.195312 0.844444 0.195312 0.838889 0.196875 0.836111 0.196875 0.827778 0.198437 0.825 0.198437 0.822222 0.201562 0.816667 0.201562 0.813889 0.204688 0.808333 0.204688 0.805556 0.209375 0.797222 0.210938 0.797222 0.2125 0.794444 0.214062 0.794444 0.217187 0.788889 0.228125 0.788889 0.229687 0.791667 0.23125 0.791667 0.239063 0.805556 0.239063 0.808333 0.240625 0.811111 0.240625 0.813889 0.242188 0.816667 0.242188 0.822222 0.24375 0.825 0.24375 0.841667 0.245312 0.844444 0.245312 0.863889 0.246875 0.866667 0.246875 0.877778 0.248437 0.880556 0.248437 0.891667 0.25 0.894444 0.25 0.958333 0.5 0.958333 0.5 0.95 0.501562 0.947222 0.528125 0.947222 0.529688 0.944444 0.532812 0.944444 0.534375 0.941667 0.542188 0.941667 0.54375 0.938889 0.548437 0.938889 0.55 0.941667 0.554688 0.941667 0.55625 0.938889 0.559375 0.938889 0.560938 0.936111 0.570312 0.936111 0.571875 0.933333 0.573438 0.936111 0.595312 0.936111 0.596875 0.933333 0.598437 0.936111 0.603125 0.936111 0.604688 0.933333 0.617188 0.933333 0.61875 0.930556 0.63125 0.930556 0.632812 0.927778 0.64375 0.927778 0.645312 0.930556 0.678125 0.930556 0.679688 0.927778 0.692187 0.927778 0.69375 0.925 0.717188 0.925 0.71875 0.922222 0.732813 0.922222 0.734375 0.919444 0.7375 0.919444 0.739062 0.922222 0.740625 0.919444 0.75 0.919444 0.751562 0.922222 0.753125 0.919444 0.776563 0.919444 0.778125 0.916667 0.809375 0.916667 0.810938 0.913889 0.817187 0.913889 0.81875 0.911111 0.840625 0.911111 0.842188 0.908333 0.851562 0.908333 0.853125 0.905556 0.857813 0.905556 0.859375 0.902778 0.865625 0.902778 0.867188 0.9 0.86875 0.9 0.870313 0.897222 0.873438 0.897222 0.875 0.894444 0.876562 0.894444 0.878125 0.891667 0.879687 0.891667 0.882812 0.886111 0.884375 0.886111 0.885938 0.883333 0.8875 0.883333 0.892187 0.875 0.89375 0.875 0.896875 0.869444 0.898438 0.869444 0.909375 0.85 0.909375 0.847222 0.9125 0.841667 0.9125 0.838889 0.914062 0.836111 0.914062 0.827778 0.915625 0.825 0.915625 0.772222 0.914062 0.769444 0.914062 0.711111 0.915625 0.708333 0.915625 0.672222 0.917188 0.669444 0.917188 0.580556 0.91875 0.577778 0.91875 0.497222 0.920313 0.494444 0.920313 0.488889 0.91875 0.486111 0.91875 0.388889 0.920313 0.386111 0.920313 0.241667 0.921875 0.238889 0.921875 0.183333 0.923437 0.180556 0.923437 0.161111 0.925 0.158333 0.925 0.111111 0.923437 0.108333 0.923437 0.0666667 0.925 0.0638889 0.925 0.0222222 0.926562 0.0194444 0.926562 0.00555556
0 0.20625 0.794444 0.20625 0.805556 0.203125 0.811111 0.203125 0.813889 0.201562 0.816667 0.201562 0.819444 0.2 0.822222 0.2 0.825 0.198437 0.827778 0.198437 0.836111 0.196875 0.838889 0.196875 0.847222 0.195312 0.85 0.195312 0.855556 0.19375 0.858333 0.19375 0.866667 0.192188 0.869444 0.192188 0.877778 0.190625 0.880556 0.190625 0.891667 0.189063 0.894444 0.189063 0.9 0.1875 0.902778 0.1875 0.911111 0.185937 0.913889 0.185937 0.919444 0.184375 0.922222 0.184375 0.927778 0.18125 0.933333 0.18125 0.936111 0.179688 0.938889 0.179688 0.944444 0.176563 0.95 0.171875 0.95 0.171875 1 0.240625 1 0.240625 0.991667 0.242188 0.988889 0.242188 0.980556 0.24375 0.977778 0.24375 0.961111 0.245312 0.958333 0.245312 0.95 0.246875 0.947222 0.251563 0.947222 0.251563 0.875 0.246875 0.875 0.245312 0.872222 0.245312 0.869444 0.24375 0.866667 0.24375 0.844444 0.242188 0.841667 0.242188 0.827778 0.240625 0.825 0.240625 0.816667 0.239063 0.813889 0.239063 0.808333 0.2375 0.805556 0.2375 0.794444
67 0.146875 0.00555556 0.146875 0.0138889 0.145313 0.0166667 0.135937 0.0166667 0.134375 0.0194444 0.109375 0.0194444 0.109375 0.902778 0.114063 0.902778 0.117188 0.908333 0.117188 0.911111 0.11875 0.913889 0.11875 0.916667 0.121875 0.922222 0.123438 0.922222 0.128125 0.930556 0.129688 0.930556 0.13125 0.933333 0.132812 0.933333 0.134375 0.936111 0.135937 0.936111 0.14375 0.95 0.14375 0.958333 0.175 0.958333 0.175 0.947222 0.176563 0.944444 0.176563 0.941667 0.178125 0.938889 0.178125 0.936111 0.18125 0.930556 0.18125 0.927778 0.182812 0.925 0.182812 0.919444 0.184375 0.916667 0.184375 0.911111 0.185937 0.908333 0.185937 0.9 0.1875 0.897222 0.1875 0.891667 0.189063 0.888889 0.189063 0.883333 0.190625 0.880556 0.190625 0.869444 0.192188 0.866667 0.192188 0.858333 0.19375 0.855556 0.19375 0.847222 0.195312 0.844444 0.195312 0.838889 0.196875 0.836111 0.196875 0.827778 0.198437 0.825 0.198437 0.822222 0.201562 0.816667 0.201562 0.813889 0.204688 0.808333 0.204688 0.805556 0.209375 0.797222 0.210938 0.797222 0.2125 0.794444 0.214062 0.794444 0.217187 0.788889 0.228125 0.788889 0.229687 0.791667 0.23125 0.791667 0.239063 0.805556 0.239063 0.808333 0.240625 0.811111 0.240625 0.813889 0.242188 0.816667 0.242188 0.822222 0.24375 0.825 0.24375 0.841667 0.245312 0.844444 0.245312 0.863889 0.246875 0.866667 0.246875 0.877778 0.248437 0.880556 0.248437 0.891667 0.25 0.894444 0.25 0.958333 0.5 0.958333 0.5 0.95 0.501562 0.947222 0.528125 0.947222 0.529688 0.944444 0.532812 0.944444 0.534375 0.941667 0.542188 0.941667 0.54375 0.938889 0.548437 0.938889 0.55 0.941667 0.554688 0.941667 0.55625 0.938889 0.559375 0.938889 0.560938 0.936111 0.570312 0.936111 0.571875 0.933333 0.573438 0.936111 0.595312 0.936111 0.596875 0.933333 0.598437 0.936111 0.603125 0.936111 0.604688 0.933333 0.617188 0.933333 0.61875 0.930556 0.63125 0.930556 0.632812 0.927778 0.64375 0.927778 0.645312 0.930556 0.678125 0.930556 0.679688 0.927778 0.692187 0.927778 0.69375 0.925 0.717188 0.925 0.71875 0.922222 0.732813 0.922222 0.734375 0.919444 0.7375 0.919444 0.739062 0.922222 0.740625 0.919444 0.75 0.919444 0.751562 0.922222 0.753125 0.919444 0.776563 0.919444 0.778125 0.916667 0.809375 0.916667 0.810938 0.913889 0.817187 0.913889 0.81875 0.911111 0.840625 0.911111 0.842188 0.908333 0.851562 0.908333 0.853125 0.905556 0.857813 0.905556 0.859375 0.902778 0.865625 0.902778 0.867188 0.9 0.86875 0.9 0.870313 0.897222 0.873438 0.897222 0.875 0.894444 0.876562 0.894444 0.878125 0.891667 0.879687 0.891667 0.882812 0.886111 0.884375 0.886111 0.885938 0.883333 0.8875 0.883333 0.892187 0.875 0.89375 0.875 0.896875 0.869444 0.898438 0.869444 0.909375 0.85 0.909375 0.847222 0.9125 0.841667 0.9125 0.838889 0.914062 0.836111 0.914062 0.827778 0.915625 0.825 0.915625 0.772222 0.914062 0.769444 0.914062 0.711111 0.915625 0.708333 0.915625 0.672222 0.917188 0.669444 0.917188 0.580556 0.91875 0.577778 0.91875 0.497222 0.920313 0.494444 0.920313 0.488889 0.91875 0.486111 0.91875 0.388889 0.920313 0.386111 0.920313 0.241667 0.921875 0.238889 0.921875 0.183333 0.923437 0.180556 0.923437 0.161111 0.925 0.158333 0.925 0.111111 0.923437 0.108333 0.923437 0.0666667 0.925 0.0638889 0.925 0.0222222 0.926562 0.0194444 0.926562 0.00555556
0 0.20625 0.794444 0.20625 0.805556 0.203125 0.811111 0.203125 0.813889 0.201562 0.816667 0.201562 0.819444 0.2 0.822222 0.2 0.825 0.198437 0.827778 0.198437 0.836111 0.196875 0.838889 0.196875 0.847222 0.195312 0.85 0.195312 0.855556 0.19375 0.858333 0.19375 0.866667 0.192188 0.869444 0.192188 0.877778 0.190625 0.880556 0.190625 0.891667 0.189063 0.894444 0.189063 0.9 0.1875 0.902778 0.1875 0.911111 0.185937 0.913889 0.185937 0.919444 0.184375 0.922222 0.184375 0.927778 0.18125 0.933333 0.18125 0.936111 0.179688 0.938889 0.179688 0.944444 0.176563 0.95 0.171875 0.95 0.171875 1 0.240625 1 0.240625 0.991667 0.242188 0.988889 0.242188 0.980556 0.24375 0.977778 0.24375 0.961111 0.245312 0.958333 0.245312 0.95 0.246875 0.947222 0.251563 0.947222 0.251563 0.875 0.246875 0.875 0.245312 0.872222 0.245312 0.869444 0.24375 0.866667 0.24375 0.844444 0.242188 0.841667 0.242188 0.827778 0.240625 0.825 0.240625 0.816667 0.239063 0.813889 0.239063 0.808333 0.2375 0.805556 0.2375 0.794444
67 0.146875 0.00555556 0.146875 0.0138889 0.145313 0.0166667 0.135937 0.0166667 0.134375 0.0194444 0.109375 0.0194444 0.109375 0.902778 0.114063 0.902778 0.117188 0.908333 0.117188 0.911111 0.11875 0.913889 0.11875 0.916667 0.121875 0.922222 0.123438 0.922222 0.128125 0.930556 0.129688 0.930556 0.13125 0.933333 0.132812 0.933333 0.134375 0.936111 0.135937 0.936111 0.14375 0.95 0.14375 0.958333 0.175 0.958333 0.175 0.947222 0.176563 0.944444 0.176563 0.941667 0.178125 0.938889 0.178125 0.936111 0.18125 0.930556 0.18125 0.927778 0.182812 0.925 0.182812 0.919444 0.184375 0.916667 0.184375 0.911111 0.185937 0.908333 0.185937 0.9 0.1875 0.897222 0.1875 0.891667 0.189063 0.888889 0.189063 0.883333 0.190625 0.880556 0.190625 0.869444 0.192188 0.866667 0.192188 0.858333 0.19375 0.855556 0.19375 0.847222 0.195312 0.844444 0.195312 0.838889 0.196875 0.836111 0.196875 0.827778 0.198437 0.825 0.198437 0.822222 0.201562 0.816667 0.201562 0.813889 0.204688 0.808333 0.204688 0.805556 0.209375 0.797222 0.210938 0.797222 0.2125 0.794444 0.214062 0.794444 0.217187 0.788889 0.228125 0.788889 0.229687 0.791667 0.23125 0.791667 0.239063 0.805556 0.239063 0.808333 0.240625 0.811111 0.240625 0.813889 0.242188 0.816667 0.242188 0.822222 0.24375 0.825 0.24375 0.841667 0.245312 0.844444 0.245312 0.863889 0.246875 0.866667 0.246875 0.877778 0.248437 0.880556 0.248437 0.891667 0.25 0.894444 0.25 0.958333 0.5 0.958333 0.5 0.95 0.501562 0.947222 0.528125 0.947222 0.529688 0.944444 0.532812 0.944444 0.534375 0.941667 0.542188 0.941667 0.54375 0.938889 0.548437 0.938889 0.55 0.941667 0.554688 0.941667 0.55625 0.938889 0.559375 0.938889 0.560938 0.936111 0.570312 0.936111 0.571875 0.933333 0.573438 0.936111 0.595312 0.936111 0.596875 0.933333 0.598437 0.936111 0.603125 0.936111 0.604688 0.933333 0.617188 0.933333 0.61875 0.930556 0.63125 0.930556 0.632812 0.927778 0.64375 0.927778 0.645312 0.930556 0.678125 0.930556 0.679688 0.927778 0.692187 0.927778 0.69375 0.925 0.717188 0.925 0.71875 0.922222 0.732813 0.922222 0.734375 0.919444 0.7375 0.919444 0.739062 0.922222 0.740625 0.919444 0.75 0.919444 0.751562 0.922222 0.753125 0.919444 0.776563 0.919444 0.778125 0.916667 0.809375 0.916667 0.810938 0.913889 0.817187 0.913889 0.81875 0.911111 0.840625 0.911111 0.842188 0.908333 0.851562 0.908333 0.853125 0.905556 0.857813 0.905556 0.859375 0.902778 0.865625 0.902778 0.867188 0.9 0.86875 0.9 0.870313 0.897222 0.873438 0.897222 0.875 0.894444 0.876562 0.894444 0.878125 0.891667 0.879687 0.891667 0.882812 0.886111 0.884375 0.886111 0.885938 0.883333 0.8875 0.883333 0.892187 0.875 0.89375 0.875 0.896875 0.869444 0.898438 0.869444 0.909375 0.85 0.909375 0.847222 0.9125 0.841667 0.9125 0.838889 0.914062 0.836111 0.914062 0.827778 0.915625 0.825 0.915625 0.772222 0.914062 0.769444 0.914062 0.711111 0.915625 0.708333 0.915625 0.672222 0.917188 0.669444 0.917188 0.580556 0.91875 0.577778 0.91875 0.497222 0.920313 0.494444 0.920313 0.488889 0.91875 0.486111 0.91875 0.388889 0.920313 0.386111 0.920313 0.241667 0.921875 0.238889 0.921875 0.183333 0.923437 0.180556 0.923437 0.161111 0.925 0.158333 0.925 0.111111 0.923437 0.108333 0.923437 0.0666667 0.925 0.0638889 0.925 0.0222222 0.926562 0.0194444 0.926562 0.00555556
0 0.20625 0.794444 0.20625 0.805556 0.203125 0.811111 0.203125 0.813889 0.201562 0.816667 0.201562 0.819444 0.2 0.822222 0.2 0.825 0.198437 0.827778 0.198437 0.836111 0.196875 0.838889 0.196875 0.847222 0.195312 0.85 0.195312 0.855556 0.19375 0.858333 0.19375 0.866667 0.192188 0.869444 0.192188 0.877778 0.190625 0.880556 0.190625 0.891667 0.189063 0.894444 0.189063 0.9 0.1875 0.902778 0.1875 0.911111 0.185937 0.913889 0.185937 0.919444 0.184375 0.922222 0.184375 0.927778 0.18125 0.933333 0.18125 0.936111 0.179688 0.938889 0.179688 0.944444 0.176563 0.95 0.171875 0.95 0.171875 1 0.240625 1 0.240625 0.991667 0.242188 0.988889 0.242188 0.980556 0.24375 0.977778 0.24375 0.961111 0.245312 0.958333 0.245312 0.95 0.246875 0.947222 0.251563 0.947222 0.251563 0.875 0.246875 0.875 0.245312 0.872222 0.245312 0.869444 0.24375 0.866667 0.24375 0.844444 0.242188 0.841667 0.242188 0.827778 0.240625 0.825 0.240625 0.816667 0.239063 0.813889 0.239063 0.808333 0.2375 0.805556 0.2375 0.794444
67 0.146875 0.00555556 0.146875 0.0138889 0.145313 0.0166667 0.135937 0.0166667 0.134375 0.0194444 0.109375 0.0194444 0.109375 0.902778 0.114063 0.902778 0.117188 0.908333 0.117188 0.911111 0.11875 0.913889 0.11875 0.916667 0.121875 0.922222 0.123438 0.922222 0.128125 0.930556 0.129688 0.930556 0.13125 0.933333 0.132812 0.933333 0.134375 0.936111 0.135937 0.936111 0.14375 0.95 0.14375 0.958333 0.175 0.958333 0.175 0.947222 0.176563 0.944444 0.176563 0.941667 0.178125 0.938889 0.178125 0.936111 0.18125 0.930556 0.18125 0.927778 0.182812 0.925 0.182812 0.919444 0.184375 0.916667 0.184375 0.911111 0.185937 0.908333 0.185937 0.9 0.1875 0.897222 0.1875 0.891667 0.189063 0.888889 0.189063 0.883333 0.190625 0.880556 0.190625 0.869444 0.192188 0.866667 0.192188 0.858333 0.19375 0.855556 0.19375 0.847222 0.195312 0.844444 0.195312 0.838889 0.196875 0.836111 0.196875 0.827778 0.198437 0.825 0.198437 0.822222 0.201562 0.816667 0.201562 0.813889 0.204688 0.808333 0.204688 0.805556 0.209375 0.797222 0.210938 0.797222 0.2125 0.794444 0.214062 0.794444 0.217187 0.788889 0.228125 0.788889 0.229687 0.791667 0.23125 0.791667 0.239063 0.805556 0.239063 0.808333 0.240625 0.811111 0.240625 0.813889 0.242188 0.816667 0.242188 0.822222 0.24375 0.825 0.24375 0.841667 0.245312 0.844444 0.245312 0.863889 0.246875 0.866667 0.246875 0.877778 0.248437 0.880556 0.248437 0.891667 0.25 0.894444 0.25 0.958333 0.5 0.958333 0.5 0.95 0.501562 0.947222 0.528125 0.947222 0.529688 0.944444 0.532812 0.944444 0.534375 0.941667 0.542188 0.941667 0.54375 0.938889 0.548437 0.938889 0.55 0.941667 0.554688 0.941667 0.55625 0.938889 0.559375 0.938889 0.560938 0.936111 0.570312 0.936111 0.571875 0.933333 0.573438 0.936111 0.595312 0.936111 0.596875 0.933333 0.598437 0.936111 0.603125 0.936111 0.604688 0.933333 0.617188 0.933333 0.61875 0.930556 0.63125 0.930556 0.632812 0.927778 0.64375 0.927778 0.645312 0.930556 0.678125 0.930556 0.679688 0.927778 0.692187 0.927778 0.69375 0.925 0.717188 0.925 0.71875 0.922222 0.732813 0.922222 0.734375 0.919444 0.7375 0.919444 0.739062 0.922222 0.740625 0.919444 0.75 0.919444 0.751562 0.922222 0.753125 0.919444 0.776563 0.919444 0.778125 0.916667 0.809375 0.916667 0.810938 0.913889 0.817187 0.913889 0.81875 0.911111 0.840625 0.911111 0.842188 0.908333 0.851562 0.908333 0.853125 0.905556 0.857813 0.905556 0.859375 0.902778 0.865625 0.902778 0.867188 0.9 0.86875 0.9 0.870313 0.897222 0.873438 0.897222 0.875 0.894444 0.876562 0.894444 0.878125 0.891667 0.879687 0.891667 0.882812 0.886111 0.884375 0.886111 0.885938 0.883333 0.8875 0.883333 0.892187 0.875 0.89375 0.875 0.896875 0.869444 0.898438 0.869444 0.909375 0.85 0.909375 0.847222 0.9125 0.841667 0.9125 0.838889 0.914062 0.836111 0.914062 0.827778 0.915625 0.825 0.915625 0.772222 0.914062 0.769444 0.914062 0.711111 0.915625 0.708333 0.915625 0.672222 0.917188 0.669444 0.917188 0.580556 0.91875 0.577778 0.91875 0.497222 0.920313 0.494444 0.920313 0.488889 0.91875 0.486111 0.91875 0.388889 0.920313 0.386111 0.920313 0.241667 0.921875 0.238889 0.921875 0.183333 0.923437 0.180556 0.923437 0.161111 0.925 0.158333 0.925 0.111111 0.923437 0.108333 0.923437 0.0666667 0.925 0.0638889 0.925 0.0222222 0.926562 0.0194444 0.926562 0.00555556
0 0.20625 0.794444 0.20625 0.805556 0.203125 0.811111 0.203125 0.813889 0.201562 0.816667 0.201562 0.819444 0.2 0.822222 0.2 0.825 0.198437 0.827778 0.198437 0.836111 0.196875 0.838889 0.196875 0.847222 0.195312 0.85 0.195312 0.855556 0.19375 0.858333 0.19375 0.866667 0.192188 0.869444 0.192188 0.877778 0.190625 0.880556 0.190625 0.891667 0.189063 0.894444 0.189063 0.9 0.1875 0.902778 0.1875 0.911111 0.185937 0.913889 0.185937 0.919444 0.184375 0.922222 0.184375 0.927778 0.18125 0.933333 0.18125 0.936111 0.179688 0.938889 0.179688 0.944444 0.176563 0.95 0.171875 0.95 0.171875 1 0.240625 1 0.240625 0.991667 0.242188 0.988889 0.242188 0.980556 0.24375 0.977778 0.24375 0.961111 0.245312 0.958333 0.245312 0.95 0.246875 0.947222 0.251563 0.947222 0.251563 0.875 0.246875 0.875 0.245312 0.872222 0.245312 0.869444 0.24375 0.866667 0.24375 0.844444 0.242188 0.841667 0.242188 0.827778 0.240625 0.825 0.240625 0.816667 0.239063 0.813889 0.239063 0.808333 0.2375 0.805556 0.2375 0.794444
67 0.146875 0.00555556 0.146875 0.0138889 0.145313 0.0166667 0.135937 0.0166667 0.134375 0.0194444 0.109375 0.0194444 0.109375 0.902778 0.114063 0.902778 0.117188 0.908333 0.117188 0.911111 0.11875 0.913889 0.11875 0.916667 0.121875 0.922222 0.123438 0.922222 0.128125 0.930556 0.129688 0.930556 0.13125 0.933333 0.132812 0.933333 0.134375 0.936111 0.135937 0.936111 0.14375 0.95 0.14375 0.958333 0.175 0.958333 0.175 0.947222 0.176563 0.944444 0.176563 0.941667 0.178125 0.938889 0.178125 0.936111 0.18125 0.930556 0.18125 0.927778 0.182812 0.925 0.182812 0.919444 0.184375 0.916667 0.184375 0.911111 0.185937 0.908333 0.185937 0.9 0.1875 0.897222 0.1875 0.891667 0.189063 0.888889 0.189063 0.883333 0.190625 0.880556 0.190625 0.869444 0.192188 0.866667 0.192188 0.858333 0.19375 0.855556 0.19375 0.847222 0.195312 0.844444 0.195312 0.838889 0.196875 0.836111 0.196875 0.827778 0.198437 0.825 0.198437 0.822222 0.201562 0.816667 0.201562 0.813889 0.204688 0.808333 0.204688 0.805556 0.209375 0.797222 0.210938 0.797222 0.2125 0.794444 0.214062 0.794444 0.217187 0.788889 0.228125 0.788889 0.229687 0.791667 0.23125 0.791667 0.239063 0.805556 0.239063 0.808333 0.240625 0.811111 0.240625 0.813889 0.242188 0.816667 0.242188 0.822222 0.24375 0.825 0.24375 0.841667 0.245312 0.844444 0.245312 0.863889 0.246875 0.866667 0.246875 0.877778 0.248437 0.880556 0.248437 0.891667 0.25 0.894444 0.25 0.958333 0.5 0.958333 0.5 0.95 0.501562 0.947222 0.528125 0.947222 0.529688 0.944444 0.532812 0.944444 0.534375 0.941667 0.542188 0.941667 0.54375 0.938889 0.548437 0.938889 0.55 0.941667 0.554688 0.941667 0.55625 0.938889 0.559375 0.938889 0.560938 0.936111 0.570312 0.936111 0.571875 0.933333 0.573438 0.936111 0.595312 0.936111 0.596875 0.933333 0.598437 0.936111 0.603125 0.936111 0.604688 0.933333 0.617188 0.933333 0.61875 0.930556 0.63125 0.930556 0.632812 0.927778 0.64375 0.927778 0.645312 0.930556 0.678125 0.930556 0.679688 0.927778 0.692187 0.927778 0.69375 0.925 0.717188 0.925 0.71875 0.922222 0.732813 0.922222 0.734375 0.919444 0.7375 0.919444 0.739062 0.922222 0.740625 0.919444 0.75 0.919444 0.751562 0.922222 0.753125 0.919444 0.776563 0.919444 0.778125 0.916667 0.809375 0.916667 0.810938 0.913889 0.817187 0.913889 0.81875 0.911111 0.840625 0.911111 0.842188 0.908333 0.851562 0.908333 0.853125 0.905556 0.857813 0.905556 0.859375 0.902778 0.865625 0.902778 0.867188 0.9 0.86875 0.9 0.870313 0.897222 0.873438 0.897222 0.875 0.894444 0.876562 0.894444 0.878125 0.891667 0.879687 0.891667 0.882812 0.886111 0.884375 0.886111 0.885938 0.883333 0.8875 0.883333 0.892187 0.875 0.89375 0.875 0.896875 0.869444 0.898438 0.869444 0.909375 0.85 0.909375 0.847222 0.9125 0.841667 0.9125 0.838889 0.914062 0.836111 0.914062 0.827778 0.915625 0.825 0.915625 0.772222 0.914062 0.769444 0.914062 0.711111 0.915625 0.708333 0.915625 0.672222 0.917188 0.669444 0.917188 0.580556 0.91875 0.577778 0.91875 0.497222 0.920313 0.494444 0.920313 0.488889 0.91875 0.486111 0.91875 0.388889 0.920313 0.386111 0.920313 0.241667 0.921875 0.238889 0.921875 0.183333 0.923437 0.180556 0.923437 0.161111 0.925 0.158333 0.925 0.111111 0.923437 0.108333 0.923437 0.0666667 0.925 0.0638889 0.925 0.0222222 0.926562 0.0194444 0.926562 0.00555556
0 0.20625 0.794444 0.20625 0.805556 0.203125 0.811111 0.203125 0.813889 0.201562 0.816667 0.201562 0.819444 0.2 0.822222 0.2 0.825 0.198437 0.827778 0.198437 0.836111 0.196875 0.838889 0.196875 0.847222 0.195312 0.85 0.195312 0.855556 0.19375 0.858333 0.19375 0.866667 0.192188 0.869444 0.192188 0.877778 0.190625 0.880556 0.190625 0.891667 0.189063 0.894444 0.189063 0.9 0.1875 0.902778 0.1875 0.911111 0.185937 0.913889 0.185937 0.919444 0.184375 0.922222 0.184375 0.927778 0.18125 0.933333 0.18125 0.936111 0.179688 0.938889 0.179688 0.944444 0.176563 0.95 0.171875 0.95 0.171875 1 0.240625 1 0.240625 0.991667 0.242188 0.988889 0.242188 0.980556 0.24375 0.977778 0.24375 0.961111 0.245312 0.958333 0.245312 0.95 0.246875 0.947222 0.251563 0.947222 0.251563 0.875 0.246875 0.875 0.245312 0.872222 0.245312 0.869444 0.24375 0.866667 0.24375 0.844444 0.242188 0.841667 0.242188 0.827778 0.240625 0.825 0.240625 0.816667 0.239063 0.813889 0.239063 0.808333 0.2375 0.805556 0.2375 0.794444
