0 0.817187 0.0722222 0.817187 0.0805556 0.8125 0.0888889 0.810938 0.0888889 0.8 0.108333 0.8 0.111111 0.798437 0.113889 0.798437 0.116667 0.796875 0.119444 0.796875 0.122222 0.795313 0.125 0.795313 0.130556 0.79375 0.133333 0.79375 0.152778 0.792188 0.155556 0.792188 0.163889 0.79375 0.166667 0.79375 0.2 0.795313 0.202778 0.795313 0.219444 0.796875 0.222222 0.796875 0.25 0.789062 0.263889 0.7875 0.263889 0.785937 0.266667 0.784375 0.266667 0.782812 0.269444 0.78125 0.269444 0.779688 0.272222 0.778125 0.272222 0.776563 0.275 0.775 0.275 0.773438 0.277778 0.771875 0.277778 0.76875 0.283333 0.76875 0.286111 0.751562 0.316667 0.751562 0.319444 0.745313 0.330556 0.745313 0.333333 0.726562 0.366667 0.721875 0.366667 0.720312 0.369444 0.715625 0.369444 0.707812 0.383333 0.707812 0.386111 0.701563 0.397222 0.696875 0.397222 0.696875 0.441667 0.703125 0.441667 0.7125 0.458333 0.714063 0.458333 0.715625 0.461111 0.726562 0.461111 0.728125 0.458333 0.729688 0.458333 0.73125 0.455556 0.732813 0.455556 0.734375 0.452778 0.735937 0.452778 0.739062 0.447222 0.740625 0.447222 0.742188 0.444444 0.74375 0.444444 0.745313 0.441667 0.746875 0.441667 0.75 0.447222 0.75 0.466667 0.748438 0.469444 0.748438 0.483333 0.746875 0.486111 0.746875 0.5 0.745313 0.502778 0.745313 0.513889 0.74375 0.516667 0.74375 0.552778 0.745313 0.555556 0.745313 0.558333 0.746875 0.561111 0.748438 0.561111 0.751562 0.566667 0.753125 0.566667 0.754687 0.569444 0.75625 0.569444 0.760938 0.577778 0.7625 0.577778 0.765625 0.583333 0.765625 0.586111 0.773438 0.6 0.773438 0.602778 0.775 0.605556 0.775 0.608333 0.778125 0.613889 0.778125 0.616667 0.78125 0.622222 0.78125 0.625 0.784375 0.630556 0.784375 0.633333 0.785937 0.636111 0.785937 0.638889 0.7875 0.641667 0.7875 0.644444 0.789062 0.647222 0.789062 0.65 0.790625 0.652778 0.790625 0.655556 0.792188 0.658333 0.792188 0.661111 0.79375 0.663889 0.79375 0.666667 0.804688 0.686111 0.804688 0.688889 0.80625 0.691667 0.807813 0.691667 0.815625 0.705556 0.815625 0.708333 0.817187 0.711111 0.817187 0.713889 0.821875 0.722222 0.821875 0.725 0.828125 0.736111 0.828125 0.738889 0.829687 0.741667 0.829687 0.744444 0.83125 0.747222 0.83125 0.75 0.834375 0.755556 0.834375 0.761111 0.835938 0.763889 0.835938 0.769444 0.8375 0.772222 0.8375 0.775 0.839063 0.777778 0.839063 0.780556 0.840625 0.783333 0.840625 0.786111 0.846875 0.797222 0.846875 0.8 0.848437 0.802778 0.848437 0.805556 0.85 0.808333 0.85 0.811111 0.851562 0.813889 0.851562 0.816667 0.853125 0.819444 0.853125 0.827778 0.854688 0.830556 0.854688 0.838889 0.85625 0.841667 0.85625 0.891667 0.854688 0.894444 0.854688 0.916667 0.853125 0.919444 0.853125 0.95 0.851562 0.952778 0.851562 0.991667 0.88125 0.991667 0.88125 0.95 0.879687 0.947222 0.879687 0.930556 0.878125 0.927778 0.878125 0.916667 0.876562 0.913889 0.876562 0.875 0.878125 0.872222 0.878125 0.861111 0.879687 0.858333 0.879687 0.85 0.88125 0.847222 0.88125 0.836111 0.882812 0.833333 0.882812 0.825 0.884375 0.822222 0.884375 0.811111 0.885938 0.808333 0.885938 0.794444 0.8875 0.791667 0.8875 0.761111 0.889063 0.758333 0.889063 0.747222 0.890625 0.744444 0.890625 0.736111 0.892187 0.733333 0.892187 0.716667 0.89375 0.713889 0.89375 0.638889 0.892187 0.636111 0.892187 0.619444 0.890625 0.616667 0.890625 0.602778 0.892187 0.6 0.892187 0.594444 0.9 0.580556 0.901563 0.580556 0.903125 0.577778 0.904688 0.577778 0.90625 0.575 0.9125 0.575 0.914062 0.572222 0.923437 0.572222 0.925 0.569444 0.932813 0.569444 0.934375 0.566667 0.935938 0.566667 0.9375 0.563889 0.939062 0.563889 0.940625 0.561111 0.942187 0.561111 0.945312 0.555556 0.945312 0.552778 0.948438 0.547222 0.948438 0.544444 0.95 0.541667 0.95 0.533333 0.951563 0.530556 0.951563 0.522222 0.953125 0.519444 0.953125 0.513889 0.954687 0.511111 0.954687 0.502778 0.95625 0.5 0.95625 0.444444 0.954687 0.441667 0.954687 0.425 0.953125 0.422222 0.953125 0.411111 0.951563 0.408333 0.951563 0.391667 0.95 0.388889 0.95 0.375 0.948438 0.372222 0.948438 0.361111 0.946875 0.358333 0.946875 0.341667 0.945312 0.338889 0.945312 0.330556 0.94375 0.327778 0.94375 0.322222 0.942187 0.319444 0.942187 0.316667 0.940625 0.313889 0.940625 0.311111 0.939062 0.308333 0.939062 0.305556 0.934375 0.297222 0.932813 0.297222 0.926562 0.286111 0.925 0.286111 0.91875 0.275 0.917188 0.275 0.910937 0.263889 0.909375 0.263889 0.904688 0.255556 0.903125 0.255556 0.898438 0.247222 0.896875 0.247222 0.895312 0.244444 0.89375 0.244444 0.892187 0.241667 0.890625 0.241667 0.8875 0.236111 0.8875 0.233333 0.885938 0.230556 0.885938 0.225 0.884375 0.222222 0.884375 0.216667 0.879687 0.208333 0.879687 0.205556 0.878125 0.202778 0.878125 0.191667 0.879687 0.188889 0.879687 0.169444 0.88125 0.166667 0.88125 0.138889 0.879687 0.136111 0.879687 0.122222 0.878125 0.119444 0.878125 0.113889 0.876562 0.111111 0.876562 0.105556 0.875 0.102778 0.875 0.1 0.870313 0.0916667 0.870313 0.0888889 0.86875 0.0861111 0.867188 0.0861111 0.864062 0.0805556 0.864062 0.0722222
39 0.160938 0.872222 0.160938 0.880556 0.153125 0.894444 0.153125 0.897222 0.148438 0.905556 0.148438 0.908333 0.145313 0.913889 0.145313 0.916667 0.139062 0.927778 0.134375 0.927778 0.134375 1 0.220313 1 0.220313 0.969444 0.214062 0.969444 0.2125 0.966667 0.2125 0.963889 0.210938 0.961111 0.210938 0.952778 0.209375 0.95 0.209375 0.941667 0.207813 0.938889 0.207813 0.930556 0.20625 0.927778 0.20625 0.925 0.204688 0.922222 0.204688 0.919444 0.2 0.911111 0.2 0.908333 0.196875 0.902778 0.196875 0.894444 0.195312 0.891667 0.196875 0.888889 0.196875 0.872222
0 0.817187 0.0722222 0.817187 0.0805556 0.8125 0.0888889 0.810938 0.0888889 0.8 0.108333 0.8 0.111111 0.798437 0.113889 0.798437 0.116667 0.796875 0.119444 0.796875 0.122222 0.795313 0.125 0.795313 0.130556 0.79375 0.133333 0.79375 0.152778 0.792188 0.155556 0.792188 0.163889 0.79375 0.166667 0.79375 0.2 0.795313 0.202778 0.795313 0.219444 0.796875 0.222222 0.796875 0.25 0.789062 0.263889 0.7875 0.263889 0.785937 0.266667 0.784375 0.266667 0.782812 0.269444 0.78125 0.269444 0.779688 0.272222 0.778125 0.272222 0.776563 0.275 0.775 0.275 0.773438 0.277778 0.771875 0.277778 0.76875 0.283333 0.76875 0.286111 0.751562 0.316667 0.751562 0.319444 0.745313 0.330556 0.745313 0.333333 0.726562 0.366667 0.721875 0.366667 0.720312 0.369444 0.715625 0.369444 0.707812 0.383333 0.707812 0.386111 0.701563 0.397222 0.696875 0.397222 0.696875 0.441667 0.703125 0.441667 0.7125 0.458333 0.714063 0.458333 0.715625 0.461111 0.726562 0.461111 0.728125 0.458333 0.729688 0.458333 0.73125 0.455556 0.732813 0.455556 0.734375 0.452778 0.735937 0.452778 0.739062 0.447222 0.740625 0.447222 0.742188 0.444444 0.74375 0.444444 0.745313 0.441667 0.746875 0.441667 0.75 0.447222 0.75 0.466667 0.748438 0.469444 0.748438 0.483333 0.746875 0.486111 0.746875 0.5 0.745313 0.502778 0.745313 0.513889 0.74375 0.516667 0.74375 0.552778 0.745313 0.555556 0.745313 0.558333 0.746875 0.561111 0.748438 0.561111 0.751562 0.566667 0.753125 0.566667 0.754687 0.569444 0.75625 0.569444 0.760938 0.577778 0.7625 0.577778 0.765625 0.583333 0.765625 0.586111 0.773438 0.6 0.773438 0.602778 0.775 0.605556 0.775 0.608333 0.778125 0.613889 0.778125 0.616667 0.78125 0.622222 0.78125 0.625 0.784375 0.630556 0.784375 0.633333 0.785937 0.636111 0.785937 0.638889 0.7875 0.641667 0.7875 0.644444 0.789062 0.647222 0.789062 0.65 0.790625 0.652778 0.790625 0.655556 0.792188 0.658333 0.792188 0.661111 0.79375 0.663889 0.79375 0.666667 0.804688 0.686111 0.804688 0.688889 0.80625 0.691667 0.807813 0.691667 0.815625 0.705556 0.815625 0.708333 0.817187 0.711111 0.817187 0.713889 0.821875 0.722222 0.821875 0.725 0.828125 0.736111 0.828125 0.738889 0.829687 0.741667 0.829687 0.744444 0.83125 0.747222 0.83125 0.75 0.834375 0.755556 0.834375 0.761111 0.835938 0.763889 0.835938 0.769444 0.8375 0.772222 0.8375 0.775 0.839063 0.777778 0.839063 0.780556 0.840625 0.783333 0.840625 0.786111 0.846875 0.797222 0.846875 0.8 0.848437 0.802778 0.848437 0.805556 0.85 0.808333 0.85 0.811111 0.851562 0.813889 0.851562 0.816667 0.853125 0.819444 0.853125 0.827778 0.854688 0.830556 0.854688 0.838889 0.85625 0.841667 0.85625 0.891667 0.854688 0.894444 0.854688 0.916667 0.853125 0.919444 0.853125 0.95 0.851562 0.952778 0.851562 0.991667 0.88125 0.991667 0.88125 0.95 0.879687 0.947222 0.879687 0.930556 0.878125 0.927778 0.878125 0.916667 0.876562 0.913889 0.876562 0.875 0.878125 0.872222 0.878125 0.861111 0.879687 0.858333 0.879687 0.85 0.88125 0.847222 0.88125 0.836111 0.882812 0.833333 0.882812 0.825 0.884375 0.822222 0.884375 0.811111 0.885938 0.808333 0.885938 0.794444 0.8875 0.791667 0.8875 0.761111 0.889063 0.758333 0.889063 0.747222 0.890625 0.744444 0.890625 0.736111 0.892187 0.733333 0.892187 0.716667 0.89375 0.713889 0.89375 0.638889 0.892187 0.636111 0.892187 0.619444 0.890625 0.616667 0.890625 0.602778 0.892187 0.6 0.892187 0.594444 0.9 0.580556 0.901563 0.580556 0.903125 0.577778 0.904688 0.577778 0.90625 0.575 0.9125 0.575 0.914062 0.572222 0.923437 0.572222 0.925 0.569444 0.932813 0.569444 0.934375 0.566667 0.935938 0.566667 0.9375 0.563889 0.939062 0.563889 0.940625 0.561111 0.942187 0.561111 0.945312 0.555556 0.945312 0.552778 0.948438 0.547222 0.948438 0.544444 0.95 0.541667 0.95 0.533333 0.951563 0.530556 0.951563 0.522222 0.953125 0.519444 0.953125 0.513889 0.954687 0.511111 0.954687 0.502778 0.95625 0.5 0.95625 0.444444 0.954687 0.441667 0.954687 0.425 0.953125 0.422222 0.953125 0.411111 0.951563 0.408333 0.951563 0.391667 0.95 0.388889 0.95 0.375 0.948438 0.372222 0.948438 0.361111 0.946875 0.358333 0.946875 0.341667 0.945312 0.338889 0.945312 0.330556 0.94375 0.327778 0.94375 0.322222 0.942187 0.319444 0.942187 0.316667 0.940625 0.313889 0.940625 0.311111 0.939062 0.308333 0.939062 0.305556 0.934375 0.297222 0.932813 0.297222 0.926562 0.286111 0.925 0.286111 0.91875 0.275 0.917188 0.275 0.910937 0.263889 0.909375 0.263889 0.904688 0.255556 0.903125 0.255556 0.898438 0.247222 0.896875 0.247222 0.895312 0.244444 0.89375 0.244444 0.892187 0.241667 0.890625 0.241667 0.8875 0.236111 0.8875 0.233333 0.885938 0.230556 0.885938 0.225 0.884375 0.222222 0.884375 0.216667 0.879687 0.208333 0.879687 0.205556 0.878125 0.202778 0.878125 0.191667 0.879687 0.188889 0.879687 0.169444 0.88125 0.166667 0.88125 0.138889 0.879687 0.136111 0.879687 0.122222 0.878125 0.119444 0.878125 0.113889 0.876562 0.111111 0.876562 0.105556 0.875 0.102778 0.875 0.1 0.870313 0.0916667 0.870313 0.0888889 0.86875 0.0861111 0.867188 0.0861111 0.864062 0.0805556 0.864062 0.0722222
39 0.160938 0.872222 0.160938 0.880556 0.153125 0.894444 0.153125 0.897222 0.148438 0.905556 0.148438 0.908333 0.145313 0.913889 0.145313 0.916667 0.139062 0.927778 0.134375 0.927778 0.134375 1 0.220313 1 0.220313 0.969444 0.214062 0.969444 0.2125 0.966667 0.2125 0.963889 0.210938 0.961111 0.210938 0.952778 0.209375 0.95 0.209375 0.941667 0.207813 0.938889 0.207813 0.930556 0.20625 0.927778 0.20625 0.925 0.204688 0.922222 0.204688 0.919444 0.2 0.911111 0.2 0.908333 0.196875 0.902778 0.196875 0.894444 0.195312 0.891667 0.196875 0.888889 0.196875 0.872222
0 0.817187 0.0722222 0.817187 0.0805556 0.8125 0.0888889 0.810938 0.0888889 0.8 0.108333 0.8 0.111111 0.798437 0.113889 0.798437 0.116667 0.796875 0.119444 0.796875 0.122222 0.795313 0.125 0.795313 0.130556 0.79375 0.133333 0.79375 0.152778 0.792188 0.155556 0.792188 0.163889 0.79375 0.166667 0.79375 0.2 0.795313 0.202778 0.795313 0.219444 0.796875 0.222222 0.796875 0.25 0.789062 0.263889 0.7875 0.263889 0.785937 0.266667 0.784375 0.266667 0.782812 0.269444 0.78125 0.269444 0.779688 0.272222 0.778125 0.272222 0.776563 0.275 0.775 0.275 0.773438 0.277778 0.771875 0.277778 0.76875 0.283333 0.76875 0.286111 0.751562 0.316667 0.751562 0.319444 0.745313 0.330556 0.745313 0.333333 0.726562 0.366667 0.721875 0.366667 0.720312 0.369444 0.715625 0.369444 0.707812 0.383333 0.707812 0.386111 0.701563 0.397222 0.696875 0.397222 0.696875 0.441667 0.703125 0.441667 0.7125 0.458333 0.714063 0.458333 0.715625 0.461111 0.726562 0.461111 0.728125 0.458333 0.729688 0.458333 0.73125 0.455556 0.732813 0.455556 0.734375 0.452778 0.735937 0.452778 0.739062 0.447222 0.740625 0.447222 0.742188 0.444444 0.74375 0.444444 0.745313 0.441667 0.746875 0.441667 0.75 0.447222 0.75 0.466667 0.748438 0.469444 0.748438 0.483333 0.746875 0.486111 0.746875 0.5 0.745313 0.502778 0.745313 0.513889 0.74375 0.516667 0.74375 0.552778 0.745313 0.555556 0.745313 0.558333 0.746875 0.561111 0.748438 0.561111 0.751562 0.566667 0.753125 0.566667 0.754687 0.569444 0.75625 0.569444 0.760938 0.577778 0.7625 0.577778 0.765625 0.583333 0.765625 0.586111 0.773438 0.6 0.773438 0.602778 0.775 0.605556 0.775 0.608333 0.778125 0.613889 0.778125 0.616667 0.78125 0.622222 0.78125 0.625 0.784375 0.630556 0.784375 0.633333 0.785937 0.636111 0.785937 0.638889 0.7875 0.641667 0.7875 0.644444 0.789062 0.647222 0.789062 0.65 0.790625 0.652778 0.790625 0.655556 0.792188 0.658333 0.792188 0.661111 0.79375 0.663889 0.79375 0.666667 0.804688 0.686111 0.804688 0.688889 0.80625 0.691667 0.807813 0.691667 0.815625 0.705556 0.815625 0.708333 0.817187 0.711111 0.817187 0.713889 0.821875 0.722222 0.821875 0.725 0.828125 0.736111 0.828125 0.738889 0.829687 0.741667 0.829687 0.744444 0.83125 0.747222 0.83125 0.75 0.834375 0.755556 0.834375 0.761111 0.835938 0.763889 0.835938 0.769444 0.8375 0.772222 0.8375 0.775 0.839063 0.777778 0.839063 0.780556 0.840625 0.783333 0.840625 0.786111 0.846875 0.797222 0.846875 0.8 0.848437 0.802778 0.848437 0.805556 0.85 0.808333 0.85 0.811111 0.851562 0.813889 0.851562 0.816667 0.853125 0.819444 0.853125 0.827778 0.854688 0.830556 0.854688 0.838889 0.85625 0.841667 0.85625 0.891667 0.854688 0.894444 0.854688 0.916667 0.853125 0.919444 0.853125 0.95 0.851562 0.952778 0.851562 0.991667 0.88125 0.991667 0.88125 0.95 0.879687 0.947222 0.879687 0.930556 0.878125 0.927778 0.878125 0.916667 0.876562 0.913889 0.876562 0.875 0.878125 0.872222 0.878125 0.861111 0.879687 0.858333 0.879687 0.85 0.88125 0.847222 0.88125 0.836111 0.882812 0.833333 0.882812 0.825 0.884375 0.822222 0.884375 0.811111 0.885938 0.808333 0.885938 0.794444 0.8875 0.791667 0.8875 0.761111 0.889063 0.758333 0.889063 0.747222 0.890625 0.744444 0.890625 0.736111 0.892187 0.733333 0.892187 0.716667 0.89375 0.713889 0.89375 0.638889 0.892187 0.636111 0.892187 0.619444 0.890625 0.616667 0.890625 0.602778 0.892187 0.6 0.892187 0.594444 0.9 0.580556 0.901563 0.580556 0.903125 0.577778 0.904688 0.577778 0.90625 0.575 0.9125 0.575 0.914062 0.572222 0.923437 0.572222 0.925 0.569444 0.932813 0.569444 0.934375 0.566667 0.935938 0.566667 0.9375 0.563889 0.939062 0.563889 0.940625 0.561111 0.942187 0.561111 0.945312 0.555556 0.945312 0.552778 0.948438 0.547222 0.948438 0.544444 0.95 0.541667 0.95 0.533333 0.951563 0.530556 0.951563 0.522222 0.953125 0.519444 0.953125 0.513889 0.954687 0.511111 0.954687 0.502778 0.95625 0.5 0.95625 0.444444 0.954687 0.441667 0.954687 0.425 0.953125 0.422222 0.953125 0.411111 0.951563 0.408333 0.951563 0.391667 0.95 0.388889 0.95 0.375 0.948438 0.372222 0.948438 0.361111 0.946875 0.358333 0.946875 0.341667 0.945312 0.338889 0.945312 0.330556 0.94375 0.327778 0.94375 0.322222 0.942187 0.319444 0.942187 0.316667 0.940625 0.313889 0.940625 0.311111 0.939062 0.308333 0.939062 0.305556 0.934375 0.297222 0.932813 0.297222 0.926562 0.286111 0.925 0.286111 0.91875 0.275 0.917188 0.275 0.910937 0.263889 0.909375 0.263889 0.904688 0.255556 0.903125 0.255556 0.898438 0.247222 0.896875 0.247222 0.895312 0.244444 0.89375 0.244444 0.892187 0.241667 0.890625 0.241667 0.8875 0.236111 0.8875 0.233333 0.885938 0.230556 0.885938 0.225 0.884375 0.222222 0.884375 0.216667 0.879687 0.208333 0.879687 0.205556 0.878125 0.202778 0.878125 0.191667 0.879687 0.188889 0.879687 0.169444 0.88125 0.166667 0.88125 0.138889 0.879687 0.136111 0.879687 0.122222 0.878125 0.119444 0.878125 0.113889 0.876562 0.111111 0.876562 0.105556 0.875 0.102778 0.875 0.1 0.870313 0.0916667 0.870313 0.0888889 0.86875 0.0861111 0.867188 0.0861111 0.864062 0.0805556 0.864062 0.0722222
39 0.160938 0.872222 0.160938 0.880556 0.153125 0.894444 0.153125 0.897222 0.148438 0.905556 0.148438 0.908333 0.145313 0.913889 0.145313 0.916667 0.139062 0.927778 0.134375 0.927778 0.134375 1 0.220313 1 0.220313 0.969444 0.214062 0.969444 0.2125 0.966667 0.2125 0.963889 0.210938 0.961111 0.210938 0.952778 0.209375 0.95 0.209375 0.941667 0.207813 0.938889 0.207813 0.930556 0.20625 0.927778 0.20625 0.925 0.204688 0.922222 0.204688 0.919444 0.2 0.911111 0.2 0.908333 0.196875 0.902778 0.196875 0.894444 0.195312 0.891667 0.196875 0.888889 0.196875 0.872222
0 0.817187 0.0722222 0.817187 0.0805556 0.8125 0.0888889 0.810938 0.0888889 0.8 0.108333 0.8 0.111111 0.798437 0.113889 0.798437 0.116667 0.796875 0.119444 0.796875 0.122222 0.795313 0.125 0.795313 0.130556 0.79375 0.133333 0.79375 0.152778 0.792188 0.155556 0.792188 0.163889 0.79375 0.166667 0.79375 0.2 0.795313 0.202778 0.795313 0.219444 0.796875 0.222222 0.796875 0.25 0.789062 0.263889 0.7875 0.263889 0.785937 0.266667 0.784375 0.266667 0.782812 0.269444 0.78125 0.269444 0.779688 0.272222 0.778125 0.272222 0.776563 0.275 0.775 0.275 0.773438 0.277778 0.771875 0.277778 0.76875 0.283333 0.76875 0.286111 0.751562 0.316667 0.751562 0.319444 0.745313 0.330556 0.745313 0.333333 0.726562 0.366667 0.721875 0.366667 0.720312 0.369444 0.715625 0.369444 0.707812 0.383333 0.707812 0.386111 0.701563 0.397222 0.696875 0.397222 0.696875 0.441667 0.703125 0.441667 0.7125 0.458333 0.714063 0.458333 0.715625 0.461111 0.726562 0.461111 0.728125 0.458333 0.729688 0.458333 0.73125 0.455556 0.732813 0.455556 0.734375 0.452778 0.735937 0.452778 0.739062 0.447222 0.740625 0.447222 0.742188 0.444444 0.74375 0.444444 0.745313 0.441667 0.746875 0.441667 0.75 0.447222 0.75 0.466667 0.748438 0.469444 0.748438 0.483333 0.746875 0.486111 0.746875 0.5 0.745313 0.502778 0.745313 0.513889 0.74375 0.516667 0.74375 0.552778 0.745313 0.555556 0.745313 0.558333 0.746875 0.561111 0.748438 0.561111 0.751562 0.566667 0.753125 0.566667 0.754687 0.569444 0.75625 0.569444 0.760938 0.577778 0.7625 0.577778 0.765625 0.583333 0.765625 0.586111 0.773438 0.6 0.773438 0.602778 0.775 0.605556 0.775 0.608333 0.778125 0.613889 0.778125 0.616667 0.78125 0.622222 0.78125 0.625 0.784375 0.630556 0.784375 0.633333 0.785937 0.636111 0.785937 0.638889 0.7875 0.641667 0.7875 0.644444 0.789062 0.647222 0.789062 0.65 0.790625 0.652778 0.790625 0.655556 0.792188 0.658333 0.792188 0.661111 0.79375 0.663889 0.79375 0.666667 0.804688 0.686111 0.804688 0.688889 0.80625 0.691667 0.807813 0.691667 0.815625 0.705556 0.815625 0.708333 0.817187 0.711111 0.817187 0.713889 0.821875 0.722222 0.821875 0.725 0.828125 0.736111 0.828125 0.738889 0.829687 0.741667 0.829687 0.744444 0.83125 0.747222 0.83125 0.75 0.834375 0.755556 0.834375 0.761111 0.835938 0.763889 0.835938 0.769444 0.8375 0.772222 0.8375 0.775 0.839063 0.777778 0.839063 0.780556 0.840625 0.783333 0.840625 0.786111 0.846875 0.797222 0.846875 0.8 0.848437 0.802778 0.848437 0.805556 0.85 0.808333 0.85 0.811111 0.851562 0.813889 0.851562 0.816667 0.853125 0.819444 0.853125 0.827778 0.854688 0.830556 0.854688 0.838889 0.85625 0.841667 0.85625 0.891667 0.854688 0.894444 0.854688 0.916667 0.853125 0.919444 0.853125 0.95 0.851562 0.952778 0.851562 0.991667 0.88125 0.991667 0.88125 0.95 0.879687 0.947222 0.879687 0.930556 0.878125 0.927778 0.878125 0.916667 0.876562 0.913889 0.876562 0.875 0.878125 0.872222 0.878125 0.861111 0.879687 0.858333 0.879687 0.85 0.88125 0.847222 0.88125 0.836111 0.882812 0.833333 0.882812 0.825 0.884375 0.822222 0.884375 0.811111 0.885938 0.808333 0.885938 0.794444 0.8875 0.791667 0.8875 0.761111 0.889063 0.758333 0.889063 0.747222 0.890625 0.744444 0.890625 0.736111 0.892187 0.733333 0.892187 0.716667 0.89375 0.713889 0.89375 0.638889 0.892187 0.636111 0.892187 0.619444 0.890625 0.616667 0.890625 0.602778 0.892187 0.6 0.892187 0.594444 0.9 0.580556 0.901563 0.580556 0.903125 0.577778 0.904688 0.577778 0.90625 0.575 0.9125 0.575 0.914062 0.572222 0.923437 0.572222 0.925 0.569444 0.932813 0.569444 0.934375 0.566667 0.935938 0.566667 0.9375 0.563889 0.939062 0.563889 0.940625 0.561111 0.942187 0.561111 0.945312 0.555556 0.945312 0.552778 0.948438 0.547222 0.948438 0.544444 0.95 0.541667 0.95 0.533333 0.951563 0.530556 0.951563 0.522222 0.953125 0.519444 0.953125 0.513889 0.954687 0.511111 0.954687 0.502778 0.95625 0.5 0.95625 0.444444 0.954687 0.441667 0.954687 0.425 0.953125 0.422222 0.953125 0.411111 0.951563 0.408333 0.951563 0.391667 0.95 0.388889 0.95 0.375 0.948438 0.372222 0.948438 0.361111 0.946875 0.358333 0.946875 0.341667 0.945312 0.338889 0.945312 0.330556 0.94375 0.327778 0.94375 0.322222 0.942187 0.319444 0.942187 0.316667 0.940625 0.313889 0.940625 0.311111 0.939062 0.308333 0.939062 0.305556 0.934375 0.297222 0.932813 0.297222 0.926562 0.286111 0.925 0.286111 0.91875 0.275 0.917188 0.275 0.910937 0.263889 0.909375 0.263889 0.904688 0.255556 0.903125 0.255556 0.898438 0.247222 0.896875 0.247222 0.895312 0.244444 0.89375 0.244444 0.892187 0.241667 0.890625 0.241667 0.8875 0.236111 0.8875 0.233333 0.885938 0.230556 0.885938 0.225 0.884375 0.222222 0.884375 0.216667 0.879687 0.208333 0.879687 0.205556 0.878125 0.202778 0.878125 0.191667 0.879687 0.188889 0.879687 0.169444 0.88125 0.166667 0.88125 0.138889 0.879687 0.136111 0.879687 0.122222 0.878125 0.119444 0.878125 0.113889 0.876562 0.111111 0.876562 0.105556 0.875 0.102778 0.875 0.1 0.870313 0.0916667 0.870313 0.0888889 0.86875 0.0861111 0.867188 0.0861111 0.864062 0.0805556 0.864062 0.0722222
39 0.160938 0.872222 0.160938 0.880556 0.153125 0.894444 0.153125 0.897222 0.148438 0.905556 0.148438 0.908333 0.145313 0.913889 0.145313 0.916667 0.139062 0.927778 0.134375 0.927778 0.134375 1 0.220313 1 0.220313 0.969444 0.214062 0.969444 0.2125 0.966667 0.2125 0.963889 0.210938 0.961111 0.210938 0.952778 0.209375 0.95 0.209375 0.941667 0.207813 0.938889 0.207813 0.930556 0.20625 0.927778 0.20625 0.925 0.204688 0.922222 0.204688 0.919444 0.2 0.911111 0.2 0.908333 0.196875 0.902778 0.196875 0.894444 0.195312 0.891667 0.196875 0.888889 0.196875 0.872222
0 0.817187 0.0722222 0.817187 0.0805556 0.8125 0.0888889 0.810938 0.0888889 0.8 0.108333 0.8 0.111111 0.798437 0.113889 0.798437 0.116667 0.796875 0.119444 0.796875 0.122222 0.795313 0.125 0.795313 0.130556 0.79375 0.133333 0.79375 0.152778 0.792188 0.155556 0.792188 0.163889 0.79375 0.166667 0.79375 0.2 0.795313 0.202778 0.795313 0.219444 0.796875 0.222222 0.796875 0.25 0.789062 0.263889 0.7875 0.263889 0.785937 0.266667 0.784375 0.266667 0.782812 0.269444 0.78125 0.269444 0.779688 0.272222 0.778125 0.272222 0.776563 0.275 0.775 0.275 0.773438 0.277778 0.771875 0.277778 0.76875 0.283333 0.76875 0.286111 0.751562 0.316667 0.751562 0.319444 0.745313 0.330556 0.745313 0.333333 0.726562 0.366667 0.721875 0.366667 0.720312 0.369444 0.715625 0.369444 0.707812 0.383333 0.707812 0.386111 0.701563 0.397222 0.696875 0.397222 0.696875 0.441667 0.703125 0.441667 0.7125 0.458333 0.714063 0.458333 0.715625 0.461111 0.726562 0.461111 0.728125 0.458333 0.729688 0.458333 0.73125 0.455556 0.732813 0.455556 0.734375 0.452778 0.735937 0.452778 0.739062 0.447222 0.740625 0.447222 0.742188 0.444444 0.74375 0.444444 0.745313 0.441667 0.746875 0.441667 0.75 0.447222 0.75 0.466667 0.748438 0.469444 0.748438 0.483333 0.746875 0.486111 0.746875 0.5 0.745313 0.502778 0.745313 0.513889 0.74375 0.516667 0.74375 0.552778 0.745313 0.555556 0.745313 0.558333 0.746875 0.561111 0.748438 0.561111 0.751562 0.566667 0.753125 0.566667 0.754687 0.569444 0.75625 0.569444 0.760938 0.577778 0.7625 0.577778 0.765625 0.583333 0.765625 0.586111 0.773438 0.6 0.773438 0.602778 0.775 0.605556 0.775 0.608333 0.778125 0.613889 0.778125 0.616667 0.78125 0.622222 0.78125 0.625 0.784375 0.630556 0.784375 0.633333 0.785937 0.636111 0.785937 0.638889 0.7875 0.641667 0.7875 0.644444 0.789062 0.647222 0.789062 0.65 0.790625 0.652778 0.790625 0.655556 0.792188 0.658333 0.792188 0.661111 0.79375 0.663889 0.79375 0.666667 0.804688 0.686111 0.804688 0.688889 0.80625 0.691667 0.807813 0.691667 0.815625 0.705556 0.815625 0.708333 0.817187 0.711111 0.817187 0.713889 0.821875 0.722222 0.821875 0.725 0.828125 0.736111 0.828125 0.738889 0.829687 0.741667 0.829687 0.744444 0.83125 0.747222 0.83125 0.75 0.834375 0.755556 0.834375 0.761111 0.835938 0.763889 0.835938 0.769444 0.8375 0.772222 0.8375 0.775 0.839063 0.777778 0.839063 0.780556 0.840625 0.783333 0.840625 0.786111 0.846875 0.797222 0.846875 0.8 0.848437 0.802778 0.848437 0.805556 0.85 0.808333 0.85 0.811111 0.851562 0.813889 0.851562 0.816667 0.853125 0.819444 0.853125 0.827778 0.854688 0.830556 0.854688 0.838889 0.85625 0.841667 0.85625 0.891667 0.854688 0.894444 0.854688 0.916667 0.853125 0.919444 0.853125 0.95 0.851562 0.952778 0.851562 0.991667 0.88125 0.991667 0.88125 0.95 0.879687 0.947222 0.879687 0.930556 0.878125 0.927778 0.878125 0.916667 0.876562 0.913889 0.876562 0.875 0.878125 0.872222 0.878125 0.861111 0.879687 0.858333 0.879687 0.85 0.88125 0.847222 0.88125 0.836111 0.882812 0.833333 0.882812 0.825 0.884375 0.822222 0.884375 0.811111 0.885938 0.808333 0.885938 0.794444 0.8875 0.791667 0.8875 0.761111 0.889063 0.758333 0.889063 0.747222 0.890625 0.744444 0.890625 0.736111 0.892187 0.733333 0.892187 0.716667 0.89375 0.713889 0.89375 0.638889 0.892187 0.636111 0.892187 0.619444 0.890625 0.616667 0.890625 0.602778 0.892187 0.6 0.892187 0.594444 0.9 0.580556 0.901563 0.580556 0.903125 0.577778 0.904688 0.577778 0.90625 0.575 0.9125 0.575 0.914062 0.572222 0.923437 0.572222 0.925 0.569444 0.932813 0.569444 0.934375 0.566667 0.935938 0.566667 0.9375 0.563889 0.939062 0.563889 0.940625 0.561111 0.942187 0.561111 0.945312 0.555556 0.945312 0.552778 0.948438 0.547222 0.948438 0.544444 0.95 0.541667 0.95 0.533333 0.951563 0.530556 0.951563 0.522222 0.953125 0.519444 0.953125 0.513889 0.954687 0.511111 0.954687 0.502778 0.95625 0.5 0.95625 0.444444 0.954687 0.441667 0.954687 0.425 0.953125 0.422222 0.953125 0.411111 0.951563 0.408333 0.951563 0.391667 0.95 0.388889 0.95 0.375 0.948438 0.372222 0.948438 0.361111 0.946875 0.358333 0.946875 0.341667 0.945312 0.338889 0.945312 0.330556 0.94375 0.327778 0.94375 0.322222 0.942187 0.319444 0.942187 0.316667 0.940625 0.313889 0.940625 0.311111 0.939062 0.308333 0.939062 0.305556 0.934375 0.297222 0.932813 0.297222 0.926562 0.286111 0.925 0.286111 0.91875 0.275 0.917188 0.275 0.910937 0.263889 0.909375 0.263889 0.904688 0.255556 0.903125 0.255556 0.898438 0.247222 0.896875 0.247222 0.895312 0.244444 0.89375 0.244444 0.892187 0.241667 0.890625 0.241667 0.8875 0.236111 0.8875 0.233333 0.885938 0.230556 0.885938 0.225 0.884375 0.222222 0.884375 0.216667 0.879687 0.208333 0.879687 0.205556 0.878125 0.202778 0.878125 0.191667 0.879687 0.188889 0.879687 0.169444 0.88125 0.166667 0.88125 0.138889 0.879687 0.136111 0.879687 0.122222 0.878125 0.119444 0.878125 0.113889 0.876562 0.111111 0.876562 0.105556 0.875 0.102778 0.875 0.1 0.870313 0.0916667 0.870313 0.0888889 0.86875 0.0861111 0.867188 0.0861111 0.864062 0.0805556 0.864062 0.0722222
39 0.160938 0.872222 0.160938 0.880556 0.153125 0.894444 0.153125 0.897222 0.148438 0.905556 0.148438 0.908333 0.145313 0.913889 0.145313 0.916667 0.139062 0.927778 0.134375 0.927778 0.134375 1 0.220313 1 0.220313 0.969444 0.214062 0.969444 0.2125 0.966667 0.2125 0.963889 0.210938 0.961111 0.210938 0.952778 0.209375 0.95 0.209375 0.941667 0.207813 0.938889 0.207813 0.930556 0.20625 0.927778 0.20625 0.925 0.204688 0.922222 0.204688 0.919444 0.2 0.911111 0.2 0.908333 0.196875 0.902778 0.196875 0.894444 0.195312 0.891667 0.196875 0.888889 0.196875 0.872222
0 0.817187 0.0722222 0.817187 0.0805556 0.8125 0.0888889 0.810938 0.0888889 0.8 0.108333 0.8 0.111111 0.798437 0.113889 0.798437 0.116667 0.796875 0.119444 0.796875 0.122222 0.795313 0.125 0.795313 0.130556 0.79375 0.133333 0.79375 0.152778 0.792188 0.155556 0.792188 0.163889 0.79375 0.166667 0.79375 0.2 0.795313 0.202778 0.795313 0.219444 0.796875 0.222222 0.796875 0.25 0.789062 0.263889 0.7875 0.263889 0.785937 0.266667 0.784375 0.266667 0.782812 0.269444 0.78125 0.269444 0.779688 0.272222 0.778125 0.272222 0.776563 0.275 0.775 0.275 0.773438 0.277778 0.771875 0.277778 0.76875 0.283333 0.76875 0.286111 0.751562 0.316667 0.751562 0.319444 0.745313 0.330556 0.745313 0.333333 0.726562 0.366667 0.721875 0.366667 0.720312 0.369444 0.715625 0.369444 0.707812 0.383333 0.707812 0.386111 0.701563 0.397222 0.696875 0.397222 0.696875 0.441667 0.703125 0.441667 0.7125 0.458333 0.714063 0.458333 0.715625 0.461111 0.726562 0.461111 0.728125 0.458333 0.729688 0.458333 0.73125 0.455556 0.732813 0.455556 0.734375 0.452778 0.735937 0.452778 0.739062 0.447222 0.740625 0.447222 0.742188 0.444444 0.74375 0.444444 0.745313 0.441667 0.746875 0.441667 0.75 0.447222 0.75 0.466667 0.748438 0.469444 0.748438 0.483333 0.746875 0.486111 0.746875 0.5 0.745313 0.502778 0.745313 0.513889 0.74375 0.516667 0.74375 0.552778 0.745313 0.555556 0.745313 0.558333 0.746875 0.561111 0.748438 0.561111 0.751562 0.566667 0.753125 0.566667 0.754687 0.569444 0.75625 0.569444 0.760938 0.577778 0.7625 0.577778 0.765625 0.583333 0.765625 0.586111 0.773438 0.6 0.773438 0.602778 0.775 0.605556 0.775 0.608333 0.778125 0.613889 0.778125 0.616667 0.78125 0.622222 0.78125 0.625 0.784375 0.630556 0.784375 0.633333 0.785937 0.636111 0.785937 0.638889 0.7875 0.641667 0.7875 0.644444 0.789062 0.647222 0.789062 0.65 0.790625 0.652778 0.790625 0.655556 0.792188 0.658333 0.792188 0.661111 0.79375 0.663889 0.79375 0.666667 0.804688 0.686111 0.804688 0.688889 0.80625 0.691667 0.807813 0.691667 0.815625 0.705556 0.815625 0.708333 0.817187 0.711111 0.817187 0.713889 0.821875 0.722222 0.821875 0.725 0.828125 0.736111 0.828125 0.738889 0.829687 0.741667 0.829687 0.744444 0.83125 0.747222 0.83125 0.75 0.834375 0.755556 0.834375 0.761111 0.835938 0.763889 0.835938 0.769444 0.8375 0.772222 0.8375 0.775 0.839063 0.777778 0.839063 0.780556 0.840625 0.783333 0.840625 0.786111 0.846875 0.797222 0.846875 0.8 0.848437 0.802778 0.848437 0.805556 0.85 0.808333 0.85 0.811111 0.851562 0.813889 0.851562 0.816667 0.853125 0.819444 0.853125 0.827778 0.854688 0.830556 0.854688 0.838889 0.85625 0.841667 0.85625 0.891667 0.854688 0.894444 0.854688 0.916667 0.853125 0.919444 0.853125 0.95 0.851562 0.952778 0.851562 0.991667 0.88125 0.991667 0.88125 0.95 0.879687 0.947222 0.879687 0.930556 0.878125 0.927778 0.878125 0.916667 0.876562 0.913889 0.876562 0.875 0.878125 0.872222 0.878125 0.861111 0.879687 0.858333 0.879687 0.85 0.88125 0.847222 0.88125 0.836111 0.882812 0.833333 0.882812 0.825 0.884375 0.822222 0.884375 0.811111 0.885938 0.808333 0.885938 0.794444 0.8875 0.791667 0.8875 0.761111 0.889063 0.758333 0.889063 0.747222 0.890625 0.744444 0.890625 0.736111 0.892187 0.733333 0.892187 0.716667 0.89375 0.713889 0.89375 0.638889 0.892187 0.636111 0.892187 0.619444 0.890625 0.616667 0.890625 0.602778 0.892187 0.6 0.892187 0.594444 0.9 0.580556 0.901563 0.580556 0.903125 0.577778 0.904688 0.577778 0.90625 0.575 0.9125 0.575 0.914062 0.572222 0.923437 0.572222 0.925 0.569444 0.932813 0.569444 0.934375 0.566667 0.935938 0.566667 0.9375 0.563889 0.939062 0.563889 0.940625 0.561111 0.942187 0.561111 0.945312 0.555556 0.945312 0.552778 0.948438 0.547222 0.948438 0.544444 0.95 0.541667 0.95 0.533333 0.951563 0.530556 0.951563 0.522222 0.953125 0.519444 0.953125 0.513889 0.954687 0.511111 0.954687 0.502778 0.95625 0.5 0.95625 0.444444 0.954687 0.441667 0.954687 0.425 0.953125 0.422222 0.953125 0.411111 0.951563 0.408333 0.951563 0.391667 0.95 0.388889 0.95 0.375 0.948438 0.372222 0.948438 0.361111 0.946875 0.358333 0.946875 0.341667 0.945312 0.338889 0.945312 0.330556 0.94375 0.327778 0.94375 0.322222 0.942187 0.319444 0.942187 0.316667 0.940625 0.313889 0.940625 0.311111 0.939062 0.308333 0.939062 0.305556 0.934375 0.297222 0.932813 0.297222 0.926562 0.286111 0.925 0.286111 0.91875 0.275 0.917188 0.275 0.910937 0.263889 0.909375 0.263889 0.904688 0.255556 0.903125 0.255556 0.898438 0.247222 0.896875 0.247222 0.895312 0.244444 0.89375 0.244444 0.892187 0.241667 0.890625 0.241667 0.8875 0.236111 0.8875 0.233333 0.885938 0.230556 0.885938 0.225 0.884375 0.222222 0.884375 0.216667 0.879687 0.208333 0.879687 0.205556 0.878125 0.202778 0.878125 0.191667 0.879687 0.188889 0.879687 0.169444 0.88125 0.166667 0.88125 0.138889 0.879687 0.136111 0.879687 0.122222 0.878125 0.119444 0.878125 0.113889 0.876562 0.111111 0.876562 0.105556 0.875 0.102778 0.875 0.1 0.870313 0.0916667 0.870313 0.0888889 0.86875 0.0861111 0.867188 0.0861111 0.864062 0.0805556 0.864062 0.0722222
39 0.160938 0.872222 0.160938 0.880556 0.153125 0.894444 0.153125 0.897222 0.148438 0.905556 0.148438 0.908333 0.145313 0.913889 0.145313 0.916667 0.139062 0.927778 0.134375 0.927778 0.134375 1 0.220313 1 0.220313 0.969444 0.214062 0.969444 0.2125 0.966667 0.2125 0.963889 0.210938 0.961111 0.210938 0.952778 0.209375 0.95 0.209375 0.941667 0.207813 0.938889 0.207813 0.930556 0.20625 0.927778 0.20625 0.925 0.204688 0.922222 0.204688 0.919444 0.2 0.911111 0.2 0.908333 0.196875 0.902778 0.196875 0.894444 0.195312 0.891667 0.196875 0.888889 0.196875 0.872222
0 0.817187 0.0722222 0.817187 0.0805556 0.8125 0.0888889 0.810938 0.0888889 0.8 0.108333 0.8 0.111111 0.798437 0.113889 0.798437 0.116667 0.796875 0.119444 0.796875 0.122222 0.795313 0.125 0.795313 0.130556 0.79375 0.133333 0.79375 0.152778 0.792188 0.155556 0.792188 0.163889 0.79375 0.166667 0.79375 0.2 0.795313 0.202778 0.795313 0.219444 0.796875 0.222222 0.796875 0.25 0.789062 0.263889 0.7875 0.263889 0.785937 0.266667 0.784375 0.266667 0.782812 0.269444 0.78125 0.269444 0.779688 0.272222 0.778125 0.272222 0.776563 0.275 0.775 0.275 0.773438 0.277778 0.771875 0.277778 0.76875 0.283333 0.76875 0.286111 0.751562 0.316667 0.751562 0.319444 0.745313 0.330556 0.745313 0.333333 0.726562 0.366667 0.721875 0.366667 0.720312 0.369444 0.715625 0.369444 0.707812 0.383333 0.707812 0.386111 0.701563 0.397222 0.696875 0.397222 0.696875 0.441667 0.703125 0.441667 0.7125 0.458333 0.714063 0.458333 0.715625 0.461111 0.726562 0.461111 0.728125 0.458333 0.729688 0.458333 0.73125 0.455556 0.732813 0.455556 0.734375 0.452778 0.735937 0.452778 0.739062 0.447222 0.740625 0.447222 0.742188 0.444444 0.74375 0.444444 0.745313 0.441667 0.746875 0.441667 0.75 0.447222 0.75 0.466667 0.748438 0.469444 0.748438 0.483333 0.746875 0.486111 0.746875 0.5 0.745313 0.502778 0.745313 0.513889 0.74375 0.516667 0.74375 0.552778 0.745313 0.555556 0.745313 0.558333 0.746875 0.561111 0.748438 0.561111 0.751562 0.566667 0.753125 0.566667 0.754687 0.569444 0.75625 0.569444 0.760938 0.577778 0.7625 0.577778 0.765625 0.583333 0.765625 0.586111 0.773438 0.6 0.773438 0.602778 0.775 0.605556 0.775 0.608333 0.778125 0.613889 0.778125 0.616667 0.78125 0.622222 0.78125 0.625 0.784375 0.630556 0.784375 0.633333 0.785937 0.636111 0.785937 0.638889 0.7875 0.641667 0.7875 0.644444 0.789062 0.647222 0.789062 0.65 0.790625 0.652778 0.790625 0.655556 0.792188 0.658333 0.792188 0.661111 0.79375 0.663889 0.79375 0.666667 0.804688 0.686111 0.804688 0.688889 0.80625 0.691667 0.807813 0.691667 0.815625 0.705556 0.815625 0.708333 0.817187 0.711111 0.817187 0.713889 0.821875 0.722222 0.821875 0.725 0.828125 0.736111 0.828125 0.738889 0.829687 0.741667 0.829687 0.744444 0.83125 0.747222 0.83125 0.75 0.834375 0.755556 0.834375 0.761111 0.835938 0.763889 0.835938 0.769444 0.8375 0.772222 0.8375 0.775 0.839063 0.777778 0.839063 0.780556 0.840625 0.783333 0.840625 0.786111 0.846875 0.797222 0.846875 0.8 0.848437 0.802778 0.848437 0.805556 0.85 0.808333 0.85 0.811111 0.851562 0.813889 0.851562 0.816667 0.853125 0.819444 0.853125 0.827778 0.854688 0.830556 0.854688 0.838889 0.85625 0.841667 0.85625 0.891667 0.854688 0.894444 0.854688 0.916667 0.853125 0.919444 0.853125 0.95 0.851562 0.952778 0.851562 0.991667 0.88125 0.991667 0.88125 0.95 0.879687 0.947222 0.879687 0.930556 0.878125 0.927778 0.878125 0.916667 0.876562 0.913889 0.876562 0.875 0.878125 0.872222 0.878125 0.861111 0.879687 0.858333 0.879687 0.85 0.88125 0.847222 0.88125 0.836111 0.882812 0.833333 0.882812 0.825 0.884375 0.822222 0.884375 0.811111 0.885938 0.808333 0.885938 0.794444 0.8875 0.791667 0.8875 0.761111 0.889063 0.758333 0.889063 0.747222 0.890625 0.744444 0.890625 0.736111 0.892187 0.733333 0.892187 0.716667 0.89375 0.713889 0.89375 0.638889 0.892187 0.636111 0.892187 0.619444 0.890625 0.616667 0.890625 0.602778 0.892187 0.6 0.892187 0.594444 0.9 0.580556 0.901563 0.580556 0.903125 0.577778 0.904688 0.577778 0.90625 0.575 0.9125 0.575 0.914062 0.572222 0.923437 0.572222 0.925 0.569444 0.932813 0.569444 0.934375 0.566667 0.935938 0.566667 0.9375 0.563889 0.939062 0.563889 0.940625 0.561111 0.942187 0.561111 0.945312 0.555556 0.945312 0.552778 0.948438 0.547222 0.948438 0.544444 0.95 0.541667 0.95 0.533333 0.951563 0.530556 0.951563 0.522222 0.953125 0.519444 0.953125 0.513889 0.954687 0.511111 0.954687 0.502778 0.95625 0.5 0.95625 0.444444 0.954687 0.441667 0.954687 0.425 0.953125 0.422222 0.953125 0.411111 0.951563 0.408333 0.951563 0.391667 0.95 0.388889 0.95 0.375 0.948438 0.372222 0.948438 0.361111 0.946875 0.358333 0.946875 0.341667 0.945312 0.338889 0.945312 0.330556 0.94375 0.327778 0.94375 0.322222 0.942187 0.319444 0.942187 0.316667 0.940625 0.313889 0.940625 0.311111 0.939062 0.308333 0.939062 0.305556 0.934375 0.297222 0.932813 0.297222 0.926562 0.286111 0.925 0.286111 0.91875 0.275 0.917188 0.275 0.910937 0.263889 0.909375 0.263889 0.904688 0.255556 0.903125 0.255556 0.898438 0.247222 0.896875 0.247222 0.895312 0.244444 0.89375 0.244444 0.892187 0.241667 0.890625 0.241667 0.8875 0.236111 0.8875 0.233333 0.885938 0.230556 0.885938 0.225 0.884375 0.222222 0.884375 0.216667 0.879687 0.208333 0.879687 0.205556 0.878125 0.202778 0.878125 0.191667 0.879687 0.188889 0.879687 0.169444 0.88125 0.166667 0.88125 0.138889 0.879687 0.136111 0.879687 0.122222 0.878125 0.119444 0.878125 0.113889 0.876562 0.111111 0.876562 0.105556 0.875 0.102778 0.875 0.1 0.870313 0.0916667 0.870313 0.0888889 0.86875 0.0861111 0.867188 0.0861111 0.864062 0.0805556 0.864062 0.0722222
39 0.160938 0.872222 0.160938 0.880556 0.153125 0.894444 0.153125 0.897222 0.148438 0.905556 0.148438 0.908333 0.145313 0.913889 0.145313 0.916667 0.139062 0.927778 0.134375 0.927778 0.134375 1 0.220313 1 0.220313 0.969444 0.214062 0.969444 0.2125 0.966667 0.2125 0.963889 0.210938 0.961111 0.210938 0.952778 0.209375 0.95 0.209375 0.941667 0.207813 0.938889 0.207813 0.930556 0.20625 0.927778 0.20625 0.925 0.204688 0.922222 0.204688 0.919444 0.2 0.911111 0.2 0.908333 0.196875 0.902778 0.196875 0.894444 0.195312 0.891667 0.196875 0.888889 0.196875 0.872222
0 0.817187 0.0722222 0.817187 0.0805556 0.8125 0.0888889 0.810938 0.0888889 0.8 0.108333 0.8 0.111111 0.798437 0.113889 0.798437 0.116667 0.796875 0.119444 0.796875 0.122222 0.795313 0.125 0.795313 0.130556 0.79375 0.133333 0.79375 0.152778 0.792188 0.155556 0.792188 0.163889 0.79375 0.166667 0.79375 0.2 0.795313 0.202778 0.795313 0.219444 0.796875 0.222222 0.796875 0.25 0.789062 0.263889 0.7875 0.263889 0.785937 0.266667 0.784375 0.266667 0.782812 0.269444 0.78125 0.269444 0.779688 0.272222 0.778125 0.272222 0.776563 0.275 0.775 0.275 0.773438 0.277778 0.771875 0.277778 0.76875 0.283333 0.76875 0.286111 0.751562 0.316667 0.751562 0.319444 0.745313 0.330556 0.745313 0.333333 0.726562 0.366667 0.721875 0.366667 0.720312 0.369444 0.715625 0.369444 0.707812 0.383333 0.707812 0.386111 0.701563 0.397222 0.696875 0.397222 0.696875 0.441667 0.703125 0.441667 0.7125 0.458333 0.714063 0.458333 0.715625 0.461111 0.726562 0.461111 0.728125 0.458333 0.729688 0.458333 0.73125 0.455556 0.732813 0.455556 0.734375 0.452778 0.735937 0.452778 0.739062 0.447222 0.740625 0.447222 0.742188 0.444444 0.74375 0.444444 0.745313 0.441667 0.746875 0.441667 0.75 0.447222 0.75 0.466667 0.748438 0.469444 0.748438 0.483333 0.746875 0.486111 0.746875 0.5 0.745313 0.502778 0.745313 0.513889 0.74375 0.516667 0.74375 0.552778 0.745313 0.555556 0.745313 0.558333 0.746875 0.561111 0.748438 0.561111 0.751562 0.566667 0.753125 0.566667 0.754687 0.569444 0.75625 0.569444 0.760938 0.577778 0.7625 0.577778 0.765625 0.583333 0.765625 0.586111 0.773438 0.6 0.773438 0.602778 0.775 0.605556 0.775 0.608333 0.778125 0.613889 0.778125 0.616667 0.78125 0.622222 0.78125 0.625 0.784375 0.630556 0.784375 0.633333 0.785937 0.636111 0.785937 0.638889 0.7875 0.641667 0.7875 0.644444 0.789062 0.647222 0.789062 0.65 0.790625 0.652778 0.790625 0.655556 0.792188 0.658333 0.792188 0.661111 0.79375 0.663889 0.79375 0.666667 0.804688 0.686111 0.804688 0.688889 0.80625 0.691667 0.807813 0.691667 0.815625 0.705556 0.815625 0.708333 0.817187 0.711111 0.817187 0.713889 0.821875 0.722222 0.821875 0.725 0.828125 0.736111 0.828125 0.738889 0.829687 0.741667 0.829687 0.744444 0.83125 0.747222 0.83125 0.75 0.834375 0.755556 0.834375 0.761111 0.835938 0.763889 0.835938 0.769444 0.8375 0.772222 0.8375 0.775 0.839063 0.777778 0.839063 0.780556 0.840625 0.783333 0.840625 0.786111 0.846875 0.797222 0.846875 0.8 0.848437 0.802778 0.848437 0.805556 0.85 0.808333 0.85 0.811111 0.851562 0.813889 0.851562 0.816667 0.853125 0.819444 0.853125 0.827778 0.854688 0.830556 0.854688 0.838889 0.85625 0.841667 0.85625 0.891667 0.854688 0.894444 0.854688 0.916667 0.853125 0.919444 0.853125 0.95 0.851562 0.952778 0.851562 0.991667 0.88125 0.991667 0.88125 0.95 0.879687 0.947222 0.879687 0.930556 0.878125 0.927778 0.878125 0.916667 0.876562 0.913889 0.876562 0.875 0.878125 0.872222 0.878125 0.861111 0.879687 0.858333 0.879687 0.85 0.88125 0.847222 0.88125 0.836111 0.882812 0.833333 0.882812 0.825 0.884375 0.822222 0.884375 0.811111 0.885938 0.808333 0.885938 0.794444 0.8875 0.791667 0.8875 0.761111 0.889063 0.758333 0.889063 0.747222 0.890625 0.744444 0.890625 0.736111 0.892187 0.733333 0.892187 0.716667 0.89375 0.713889 0.89375 0.638889 0.892187 0.636111 0.892187 0.619444 0.890625 0.616667 0.890625 0.602778 0.892187 0.6 0.892187 0.594444 0.9 0.580556 0.901563 0.580556 0.903125 0.577778 0.904688 0.577778 0.90625 0.575 0.9125 0.575 0.914062 0.572222 0.923437 0.572222 0.925 0.569444 0.932813 0.569444 0.934375 0.566667 0.935938 0.566667 0.9375 0.563889 0.939062 0.563889 0.940625 0.561111 0.942187 0.561111 0.945312 0.555556 0.945312 0.552778 0.948438 0.547222 0.948438 0.544444 0.95 0.541667 0.95 0.533333 0.951563 0.530556 0.951563 0.522222 0.953125 0.519444 0.953125 0.513889 0.954687 0.511111 0.954687 0.502778 0.95625 0.5 0.95625 0.444444 0.954687 0.441667 0.954687 0.425 0.953125 0.422222 0.953125 0.411111 0.951563 0.408333 0.951563 0.391667 0.95 0.388889 0.95 0.375 0.948438 0.372222 0.948438 0.361111 0.946875 0.358333 0.946875 0.341667 0.945312 0.338889 0.945312 0.330556 0.94375 0.327778 0.94375 0.322222 0.942187 0.319444 0.942187 0.316667 0.940625 0.313889 0.940625 0.311111 0.939062 0.308333 0.939062 0.305556 0.934375 0.297222 0.932813 0.297222 0.926562 0.286111 0.925 0.286111 0.91875 0.275 0.917188 0.275 0.910937 0.263889 0.909375 0.263889 0.904688 0.255556 0.903125 0.255556 0.898438 0.247222 0.896875 0.247222 0.895312 0.244444 0.89375 0.244444 0.892187 0.241667 0.890625 0.241667 0.8875 0.236111 0.8875 0.233333 0.885938 0.230556 0.885938 0.225 0.884375 0.222222 0.884375 0.216667 0.879687 0.208333 0.879687 0.205556 0.878125 0.202778 0.878125 0.191667 0.879687 0.188889 0.879687 0.169444 0.88125 0.166667 0.88125 0.138889 0.879687 0.136111 0.879687 0.122222 0.878125 0.119444 0.878125 0.113889 0.876562 0.111111 0.876562 0.105556 0.875 0.102778 0.875 0.1 0.870313 0.0916667 0.870313 0.0888889 0.86875 0.0861111 0.867188 0.0861111 0.864062 0.0805556 0.864062 0.0722222
39 0.160938 0.872222 0.160938 0.880556 0.153125 0.894444 0.153125 0.897222 0.148438 0.905556 0.148438 0.908333 0.145313 0.913889 0.145313 0.916667 0.139062 0.927778 0.134375 0.927778 0.134375 1 0.220313 1 0.220313 0.969444 0.214062 0.969444 0.2125 0.966667 0.2125 0.963889 0.210938 0.961111 0.210938 0.952778 0.209375 0.95 0.209375 0.941667 0.207813 0.938889 0.207813 0.930556 0.20625 0.927778 0.20625 0.925 0.204688 0.922222 0.204688 0.919444 0.2 0.911111 0.2 0.908333 0.196875 0.902778 0.196875 0.894444 0.195312 0.891667 0.196875 0.888889 0.196875 0.872222
