0 0.314063 0.216667 0.314063 0.225 0.3 0.25 0.3 0.252778 0.298438 0.255556 0.298438 0.258333 0.295312 0.263889 0.295312 0.266667 0.29375 0.269444 0.29375 0.272222 0.292188 0.275 0.292188 0.283333 0.290625 0.286111 0.290625 0.291667 0.289062 0.294444 0.289062 0.297222 0.28125 0.311111 0.279687 0.311111 0.275 0.319444 0.275 0.322222 0.264062 0.341667 0.2625 0.341667 0.260938 0.344444 0.259375 0.344444 0.257812 0.347222 0.25625 0.347222 0.253125 0.352778 0.251563 0.352778 0.242188 0.369444 0.242188 0.372222 0.239063 0.377778 0.239063 0.380556 0.235938 0.386111 0.235938 0.388889 0.232812 0.394444 0.228125 0.394444 0.228125 0.5 0.232812 0.5 0.234375 0.502778 0.234375 0.513889 0.235938 0.516667 0.235938 0.527778 0.2375 0.530556 0.2375 0.536111 0.239063 0.538889 0.239063 0.544444 0.240625 0.547222 0.240625 0.563889 0.242188 0.566667 0.242188 0.591667 0.240625 0.594444 0.240625 0.605556 0.242188 0.608333 0.242188 0.611111 0.24375 0.613889 0.24375 0.616667 0.245312 0.619444 0.245312 0.622222 0.246875 0.625 0.246875 0.627778 0.248437 0.630556 0.248437 0.647222 0.25 0.65 0.25 0.675 0.251563 0.677778 0.251563 0.688889 0.253125 0.691667 0.253125 0.705556 0.254687 0.708333 0.254687 0.716667 0.25625 0.719444 0.25625 0.725 0.257812 0.727778 0.257812 0.733333 0.259375 0.736111 0.259375 0.744444 0.260938 0.747222 0.260938 0.763889 0.2625 0.766667 0.2625 0.783333 0.264062 0.786111 0.264062 0.811111 0.265625 0.813889 0.265625 0.841667 0.267188 0.844444 0.267188 0.863889 0.26875 0.866667 0.26875 0.883333 0.270312 0.886111 0.270312 0.897222 0.271875 0.9 0.271875 0.911111 0.273438 0.913889 0.273438 0.927778 0.275 0.930556 0.275 1 0.370313 1 0.370313 0.983333 0.36875 0.980556 0.36875 0.977778 0.367188 0.975 0.367188 0.972222 0.365625 0.969444 0.365625 0.966667 0.364062 0.963889 0.364062 0.919444 0.365625 0.916667 0.365625 0.902778 0.367188 0.9 0.367188 0.877778 0.36875 0.875 0.36875 0.825 0.367188 0.822222 0.367188 0.725 0.365625 0.722222 0.365625 0.702778 0.364062 0.7 0.364062 0.669444 0.365625 0.666667 0.376563 0.666667 0.378125 0.669444 0.38125 0.669444 0.382812 0.672222 0.3875 0.672222 0.389062 0.675 0.396875 0.675 0.398438 0.677778 0.407813 0.677778 0.410937 0.672222 0.410937 0.655556 0.409375 0.652778 0.409375 0.65 0.407813 0.647222 0.40625 0.647222 0.403125 0.641667 0.401563 0.641667 0.398438 0.636111 0.398438 0.627778 0.401563 0.622222 0.403125 0.622222 0.4125 0.605556 0.4125 0.588889 0.410937 0.586111 0.410937 0.580556 0.407813 0.575 0.407813 0.566667 0.409375 0.563889 0.409375 0.561111 0.415625 0.55 0.420312 0.55 0.420312 0.547222 0.414062 0.547222 0.4125 0.544444 0.389062 0.544444 0.378125 0.525 0.376563 0.525 0.36875 0.511111 0.36875 0.508333 0.365625 0.502778 0.365625 0.497222 0.364062 0.494444 0.364062 0.491667 0.3625 0.488889 0.3625 0.475 0.360938 0.472222 0.360938 0.458333 0.359375 0.455556 0.359375 0.447222 0.357812 0.444444 0.357812 0.438889 0.35625 0.436111 0.35625 0.433333 0.354688 0.430556 0.354688 0.425 0.353125 0.422222 0.353125 0.416667 0.351562 0.413889 0.351562 0.408333 0.35 0.405556 0.35 0.4 0.348437 0.397222 0.348437 0.391667 0.346875 0.388889 0.346875 0.383333 0.345313 0.380556 0.345313 0.369444 0.348437 0.363889 0.348437 0.361111 0.353125 0.352778 0.354688 0.352778 0.357812 0.347222 0.357812 0.333333 0.359375 0.330556 0.359375 0.319444 0.360938 0.316667 0.360938 0.311111 0.3625 0.308333 0.3625 0.302778 0.364062 0.3 0.364062 0.291667 0.365625 0.288889 0.365625 0.286111 0.367188 0.283333 0.367188 0.266667 0.365625 0.263889 0.365625 0.261111 0.364062 0.258333 0.364062 0.255556 0.3625 0.252778 0.3625 0.25 0.348437 0.225 0.348437 0.216667
7 0.510938 0.316667 0.510938 0.325 0.503125 0.338889 0.503125 0.341667 0.501562 0.344444 0.501562 0.347222 0.5 0.35 0.5 0.352778 0.498437 0.355556 0.498437 0.358333 0.496875 0.361111 0.496875 0.363889 0.495313 0.366667 0.495313 0.369444 0.49375 0.372222 0.49375 0.375 0.492188 0.377778 0.492188 0.380556 0.490625 0.383333 0.490625 0.386111 0.489062 0.388889 0.489062 0.391667 0.4875 0.394444 0.4875 0.4 0.485938 0.402778 0.485938 0.405556 0.484375 0.408333 0.482812 0.408333 0.48125 0.411111 0.478125 0.411111 0.476562 0.408333 0.475 0.408333 0.473437 0.405556 0.459375 0.405556 0.457812 0.408333 0.45625 0.408333 0.454688 0.411111 0.446875 0.411111 0.446875 0.452778 0.453125 0.452778 0.454688 0.455556 0.457812 0.455556 0.467187 0.472222 0.467187 0.477778 0.46875 0.480556 0.46875 0.511111 0.470313 0.513889 0.470313 0.516667 0.46875 0.519444 0.46875 0.536111 0.467187 0.538889 0.467187 0.547222 0.465625 0.55 0.465625 0.555556 0.464063 0.558333 0.464063 0.566667 0.4625 0.569444 0.4625 0.580556 0.460938 0.583333 0.460938 0.611111 0.459375 0.613889 0.459375 0.8 0.460938 0.802778 0.460938 0.855556 0.4625 0.858333 0.4625 0.861111 0.460938 0.863889 0.460938 0.888889 0.4625 0.891667 0.4625 0.913889 0.464063 0.916667 0.464063 0.922222 0.46875 0.930556 0.470313 0.930556 0.471875 0.933333 0.4875 0.933333 0.489062 0.936111 0.490625 0.936111 0.492188 0.933333 0.5 0.933333 0.501562 0.936111 0.509375 0.936111 0.510938 0.938889 0.515625 0.938889 0.517187 0.941667 0.521875 0.941667 0.523438 0.944444 0.529688 0.944444 0.53125 0.947222 0.534375 0.947222 0.535937 0.95 0.539062 0.95 0.540625 0.952778 0.54375 0.952778 0.545313 0.955556 0.546875 0.955556 0.548437 0.958333 0.553125 0.958333 0.554688 0.961111 0.56875 0.961111 0.570312 0.963889 0.592188 0.963889 0.59375 0.966667 0.601562 0.966667 0.603125 0.963889 0.615625 0.963889 0.617188 0.966667 0.757812 0.966667 0.759375 0.963889 0.782812 0.963889 0.784375 0.961111 0.8 0.961111 0.801562 0.958333 0.810938 0.958333 0.8125 0.955556 0.83125 0.955556 0.832812 0.952778 0.851562 0.952778 0.853125 0.95 0.857813 0.95 0.859375 0.947222 0.860937 0.947222 0.8625 0.944444 0.864062 0.944444 0.865625 0.941667 0.870313 0.941667 0.871875 0.938889 0.876562 0.938889 0.88125 0.930556 0.882812 0.930556 0.885938 0.925 0.8875 0.925 0.892187 0.916667 0.89375 0.916667 0.904688 0.897222 0.904688 0.894444 0.90625 0.891667 0.90625 0.888889 0.907812 0.886111 0.907812 0.883333 0.909375 0.880556 0.909375 0.866667 0.910937 0.863889 0.910937 0.838889 0.9125 0.836111 0.9125 0.822222 0.914062 0.819444 0.914062 0.813889 0.915625 0.811111 0.920313 0.811111 0.920313 0.627778 0.915625 0.627778 0.910937 0.619444 0.910937 0.616667 0.907812 0.611111 0.907812 0.608333 0.904688 0.602778 0.904688 0.597222 0.903125 0.594444 0.903125 0.591667 0.901563 0.588889 0.901563 0.586111 0.9 0.583333 0.9 0.580556 0.898438 0.577778 0.898438 0.575 0.896875 0.572222 0.896875 0.569444 0.8875 0.552778 0.885938 0.552778 0.882812 0.547222 0.88125 0.547222 0.879687 0.544444 0.878125 0.544444 0.873438 0.536111 0.871875 0.536111 0.865625 0.525 0.864062 0.525 0.8625 0.522222 0.860937 0.522222 0.857813 0.516667 0.85625 0.516667 0.854688 0.513889 0.853125 0.513889 0.85 0.508333 0.848437 0.508333 0.846875 0.505556 0.845312 0.505556 0.84375 0.502778 0.840625 0.502778 0.839063 0.5 0.8375 0.5 0.835938 0.497222 0.832812 0.497222 0.83125 0.494444 0.829687 0.494444 0.828125 0.491667 0.826563 0.491667 0.825 0.488889 0.823438 0.488889 0.821875 0.486111 0.820312 0.486111 0.81875 0.483333 0.817187 0.483333 0.815625 0.480556 0.8125 0.480556 0.810938 0.477778 0.807813 0.477778 0.80625 0.475 0.804688 0.475 0.803125 0.472222 0.801562 0.472222 0.796875 0.463889 0.790625 0.463889 0.785937 0.455556 0.782812 0.455556 0.779688 0.45 0.779688 0.447222 0.778125 0.444444 0.778125 0.441667 0.775 0.436111 0.775 0.422222 0.776563 0.419444 0.776563 0.416667 0.770312 0.416667 0.76875 0.413889 0.764063 0.413889 0.7625 0.411111 0.760938 0.411111 0.759375 0.408333 0.757812 0.408333 0.728125 0.355556 0.726562 0.355556 0.721875 0.347222 0.720312 0.347222 0.715625 0.338889 0.714063 0.338889 0.7125 0.336111 0.710938 0.336111 0.709375 0.333333 0.707812 0.333333 0.703125 0.325 0.703125 0.316667
2 0.510938 0.316667 0.510938 0.325 0.503125 0.338889 0.503125 0.341667 0.501562 0.344444 0.501562 0.347222 0.5 0.35 0.5 0.352778 0.498437 0.355556 0.498437 0.358333 0.496875 0.361111 0.496875 0.363889 0.495313 0.366667 0.495313 0.369444 0.49375 0.372222 0.49375 0.375 0.492188 0.377778 0.492188 0.380556 0.490625 0.383333 0.490625 0.386111 0.489062 0.388889 0.489062 0.391667 0.4875 0.394444 0.4875 0.4 0.485938 0.402778 0.485938 0.405556 0.484375 0.408333 0.482812 0.408333 0.48125 0.411111 0.478125 0.411111 0.476562 0.408333 0.475 0.408333 0.473437 0.405556 0.459375 0.405556 0.457812 0.408333 0.45625 0.408333 0.454688 0.411111 0.446875 0.411111 0.446875 0.452778 0.453125 0.452778 0.454688 0.455556 0.457812 0.455556 0.467187 0.472222 0.467187 0.477778 0.46875 0.480556 0.46875 0.511111 0.470313 0.513889 0.470313 0.516667 0.46875 0.519444 0.46875 0.536111 0.467187 0.538889 0.467187 0.547222 0.465625 0.55 0.465625 0.555556 0.464063 0.558333 0.464063 0.566667 0.4625 0.569444 0.4625 0.580556 0.460938 0.583333 0.460938 0.611111 0.459375 0.613889 0.459375 0.8 0.460938 0.802778 0.460938 0.855556 0.4625 0.858333 0.4625 0.861111 0.460938 0.863889 0.460938 0.888889 0.4625 0.891667 0.4625 0.913889 0.464063 0.916667 0.464063 0.922222 0.46875 0.930556 0.470313 0.930556 0.471875 0.933333 0.4875 0.933333 0.489062 0.936111 0.490625 0.936111 0.492188 0.933333 0.5 0.933333 0.501562 0.936111 0.509375 0.936111 0.510938 0.938889 0.515625 0.938889 0.517187 0.941667 0.521875 0.941667 0.523438 0.944444 0.529688 0.944444 0.53125 0.947222 0.534375 0.947222 0.535937 0.95 0.539062 0.95 0.540625 0.952778 0.54375 0.952778 0.545313 0.955556 0.546875 0.955556 0.548437 0.958333 0.553125 0.958333 0.554688 0.961111 0.56875 0.961111 0.570312 0.963889 0.592188 0.963889 0.59375 0.966667 0.601562 0.966667 0.603125 0.963889 0.615625 0.963889 0.617188 0.966667 0.757812 0.966667 0.759375 0.963889 0.782812 0.963889 0.784375 0.961111 0.8 0.961111 0.801562 0.958333 0.810938 0.958333 0.8125 0.955556 0.83125 0.955556 0.832812 0.952778 0.851562 0.952778 0.853125 0.95 0.857813 0.95 0.859375 0.947222 0.860937 0.947222 0.8625 0.944444 0.864062 0.944444 0.865625 0.941667 0.870313 0.941667 0.871875 0.938889 0.876562 0.938889 0.88125 0.930556 0.882812 0.930556 0.885938 0.925 0.8875 0.925 0.892187 0.916667 0.89375 0.916667 0.904688 0.897222 0.904688 0.894444 0.90625 0.891667 0.90625 0.888889 0.907812 0.886111 0.907812 0.883333 0.909375 0.880556 0.909375 0.866667 0.910937 0.863889 0.910937 0.838889 0.9125 0.836111 0.9125 0.822222 0.914062 0.819444 0.914062 0.813889 0.915625 0.811111 0.920313 0.811111 0.920313 0.627778 0.915625 0.627778 0.910937 0.619444 0.910937 0.616667 0.907812 0.611111 0.907812 0.608333 0.904688 0.602778 0.904688 0.597222 0.903125 0.594444 0.903125 0.591667 0.901563 0.588889 0.901563 0.586111 0.9 0.583333 0.9 0.580556 0.898438 0.577778 0.898438 0.575 0.896875 0.572222 0.896875 0.569444 0.8875 0.552778 0.885938 0.552778 0.882812 0.547222 0.88125 0.547222 0.879687 0.544444 0.878125 0.544444 0.873438 0.536111 0.871875 0.536111 0.865625 0.525 0.864062 0.525 0.8625 0.522222 0.860937 0.522222 0.857813 0.516667 0.85625 0.516667 0.854688 0.513889 0.853125 0.513889 0.85 0.508333 0.848437 0.508333 0.846875 0.505556 0.845312 0.505556 0.84375 0.502778 0.840625 0.502778 0.839063 0.5 0.8375 0.5 0.835938 0.497222 0.832812 0.497222 0.83125 0.494444 0.829687 0.494444 0.828125 0.491667 0.826563 0.491667 0.825 0.488889 0.823438 0.488889 0.821875 0.486111 0.820312 0.486111 0.81875 0.483333 0.817187 0.483333 0.815625 0.480556 0.8125 0.480556 0.810938 0.477778 0.807813 0.477778 0.80625 0.475 0.804688 0.475 0.803125 0.472222 0.801562 0.472222 0.796875 0.463889 0.790625 0.463889 0.785937 0.455556 0.782812 0.455556 0.779688 0.45 0.779688 0.447222 0.778125 0.444444 0.778125 0.441667 0.775 0.436111 0.775 0.422222 0.776563 0.419444 0.776563 0.416667 0.770312 0.416667 0.76875 0.413889 0.764063 0.413889 0.7625 0.411111 0.760938 0.411111 0.759375 0.408333 0.757812 0.408333 0.728125 0.355556 0.726562 0.355556 0.721875 0.347222 0.720312 0.347222 0.715625 0.338889 0.714063 0.338889 0.7125 0.336111 0.710938 0.336111 0.709375 0.333333 0.707812 0.333333 0.703125 0.325 0.703125 0.316667
0 0.314063 0.216667 0.314063 0.225 0.3 0.25 0.3 0.252778 0.298438 0.255556 0.298438 0.258333 0.295312 0.263889 0.295312 0.266667 0.29375 0.269444 0.29375 0.272222 0.292188 0.275 0.292188 0.283333 0.290625 0.286111 0.290625 0.291667 0.289062 0.294444 0.289062 0.297222 0.28125 0.311111 0.279687 0.311111 0.275 0.319444 0.275 0.322222 0.264062 0.341667 0.2625 0.341667 0.260938 0.344444 0.259375 0.344444 0.257812 0.347222 0.25625 0.347222 0.253125 0.352778 0.251563 0.352778 0.242188 0.369444 0.242188 0.372222 0.239063 0.377778 0.239063 0.380556 0.235938 0.386111 0.235938 0.388889 0.232812 0.394444 0.228125 0.394444 0.228125 0.5 0.232812 0.5 0.234375 0.502778 0.234375 0.513889 0.235938 0.516667 0.235938 0.527778 0.2375 0.530556 0.2375 0.536111 0.239063 0.538889 0.239063 0.544444 0.240625 0.547222 0.240625 0.563889 0.242188 0.566667 0.242188 0.591667 0.240625 0.594444 0.240625 0.605556 0.242188 0.608333 0.242188 0.611111 0.24375 0.613889 0.24375 0.616667 0.245312 0.619444 0.245312 0.622222 0.246875 0.625 0.246875 0.627778 0.248437 0.630556 0.248437 0.647222 0.25 0.65 0.25 0.675 0.251563 0.677778 0.251563 0.688889 0.253125 0.691667 0.253125 0.705556 0.254687 0.708333 0.254687 0.716667 0.25625 0.719444 0.25625 0.725 0.257812 0.727778 0.257812 0.733333 0.259375 0.736111 0.259375 0.744444 0.260938 0.747222 0.260938 0.763889 0.2625 0.766667 0.2625 0.783333 0.264062 0.786111 0.264062 0.811111 0.265625 0.813889 0.265625 0.841667 0.267188 0.844444 0.267188 0.863889 0.26875 0.866667 0.26875 0.883333 0.270312 0.886111 0.270312 0.897222 0.271875 0.9 0.271875 0.911111 0.273438 0.913889 0.273438 0.927778 0.275 0.930556 0.275 1 0.370313 1 0.370313 0.983333 0.36875 0.980556 0.36875 0.977778 0.367188 0.975 0.367188 0.972222 0.365625 0.969444 0.365625 0.966667 0.364062 0.963889 0.364062 0.919444 0.365625 0.916667 0.365625 0.902778 0.367188 0.9 0.367188 0.877778 0.36875 0.875 0.36875 0.825 0.367188 0.822222 0.367188 0.725 0.365625 0.722222 0.365625 0.702778 0.364062 0.7 0.364062 0.669444 0.365625 0.666667 0.376563 0.666667 0.378125 0.669444 0.38125 0.669444 0.382812 0.672222 0.3875 0.672222 0.389062 0.675 0.396875 0.675 0.398438 0.677778 0.407813 0.677778 0.410937 0.672222 0.410937 0.655556 0.409375 0.652778 0.409375 0.65 0.407813 0.647222 0.40625 0.647222 0.403125 0.641667 0.401563 0.641667 0.398438 0.636111 0.398438 0.627778 0.401563 0.622222 0.403125 0.622222 0.4125 0.605556 0.4125 0.588889 0.410937 0.586111 0.410937 0.580556 0.407813 0.575 0.407813 0.566667 0.409375 0.563889 0.409375 0.561111 0.415625 0.55 0.420312 0.55 0.420312 0.547222 0.414062 0.547222 0.4125 0.544444 0.389062 0.544444 0.378125 0.525 0.376563 0.525 0.36875 0.511111 0.36875 0.508333 0.365625 0.502778 0.365625 0.497222 0.364062 0.494444 0.364062 0.491667 0.3625 0.488889 0.3625 0.475 0.360938 0.472222 0.360938 0.458333 0.359375 0.455556 0.359375 0.447222 0.357812 0.444444 0.357812 0.438889 0.35625 0.436111 0.35625 0.433333 0.354688 0.430556 0.354688 0.425 0.353125 0.422222 0.353125 0.416667 0.351562 0.413889 0.351562 0.408333 0.35 0.405556 0.35 0.4 0.348437 0.397222 0.348437 0.391667 0.346875 0.388889 0.346875 0.383333 0.345313 0.380556 0.345313 0.369444 0.348437 0.363889 0.348437 0.361111 0.353125 0.352778 0.354688 0.352778 0.357812 0.347222 0.357812 0.333333 0.359375 0.330556 0.359375 0.319444 0.360938 0.316667 0.360938 0.311111 0.3625 0.308333 0.3625 0.302778 0.364062 0.3 0.364062 0.291667 0.365625 0.288889 0.365625 0.286111 0.367188 0.283333 0.367188 0.266667 0.365625 0.263889 0.365625 0.261111 0.364062 0.258333 0.364062 0.255556 0.3625 0.252778 0.3625 0.25 0.348437 0.225 0.348437 0.216667
7 0.510938 0.316667 0.510938 0.325 0.503125 0.338889 0.503125 0.341667 0.501562 0.344444 0.501562 0.347222 0.5 0.35 0.5 0.352778 0.498437 0.355556 0.498437 0.358333 0.496875 0.361111 0.496875 0.363889 0.495313 0.366667 0.495313 0.369444 0.49375 0.372222 0.49375 0.375 0.492188 0.377778 0.492188 0.380556 0.490625 0.383333 0.490625 0.386111 0.489062 0.388889 0.489062 0.391667 0.4875 0.394444 0.4875 0.4 0.485938 0.402778 0.485938 0.405556 0.484375 0.408333 0.482812 0.408333 0.48125 0.411111 0.478125 0.411111 0.476562 0.408333 0.475 0.408333 0.473437 0.405556 0.459375 0.405556 0.457812 0.408333 0.45625 0.408333 0.454688 0.411111 0.446875 0.411111 0.446875 0.452778 0.453125 0.452778 0.454688 0.455556 0.457812 0.455556 0.467187 0.472222 0.467187 0.477778 0.46875 0.480556 0.46875 0.511111 0.470313 0.513889 0.470313 0.516667 0.46875 0.519444 0.46875 0.536111 0.467187 0.538889 0.467187 0.547222 0.465625 0.55 0.465625 0.555556 0.464063 0.558333 0.464063 0.566667 0.4625 0.569444 0.4625 0.580556 0.460938 0.583333 0.460938 0.611111 0.459375 0.613889 0.459375 0.8 0.460938 0.802778 0.460938 0.855556 0.4625 0.858333 0.4625 0.861111 0.460938 0.863889 0.460938 0.888889 0.4625 0.891667 0.4625 0.913889 0.464063 0.916667 0.464063 0.922222 0.46875 0.930556 0.470313 0.930556 0.471875 0.933333 0.4875 0.933333 0.489062 0.936111 0.490625 0.936111 0.492188 0.933333 0.5 0.933333 0.501562 0.936111 0.509375 0.936111 0.510938 0.938889 0.515625 0.938889 0.517187 0.941667 0.521875 0.941667 0.523438 0.944444 0.529688 0.944444 0.53125 0.947222 0.534375 0.947222 0.535937 0.95 0.539062 0.95 0.540625 0.952778 0.54375 0.952778 0.545313 0.955556 0.546875 0.955556 0.548437 0.958333 0.553125 0.958333 0.554688 0.961111 0.56875 0.961111 0.570312 0.963889 0.592188 0.963889 0.59375 0.966667 0.601562 0.966667 0.603125 0.963889 0.615625 0.963889 0.617188 0.966667 0.757812 0.966667 0.759375 0.963889 0.782812 0.963889 0.784375 0.961111 0.8 0.961111 0.801562 0.958333 0.810938 0.958333 0.8125 0.955556 0.83125 0.955556 0.832812 0.952778 0.851562 0.952778 0.853125 0.95 0.857813 0.95 0.859375 0.947222 0.860937 0.947222 0.8625 0.944444 0.864062 0.944444 0.865625 0.941667 0.870313 0.941667 0.871875 0.938889 0.876562 0.938889 0.88125 0.930556 0.882812 0.930556 0.885938 0.925 0.8875 0.925 0.892187 0.916667 0.89375 0.916667 0.904688 0.897222 0.904688 0.894444 0.90625 0.891667 0.90625 0.888889 0.907812 0.886111 0.907812 0.883333 0.909375 0.880556 0.909375 0.866667 0.910937 0.863889 0.910937 0.838889 0.9125 0.836111 0.9125 0.822222 0.914062 0.819444 0.914062 0.813889 0.915625 0.811111 0.920313 0.811111 0.920313 0.627778 0.915625 0.627778 0.910937 0.619444 0.910937 0.616667 0.907812 0.611111 0.907812 0.608333 0.904688 0.602778 0.904688 0.597222 0.903125 0.594444 0.903125 0.591667 0.901563 0.588889 0.901563 0.586111 0.9 0.583333 0.9 0.580556 0.898438 0.577778 0.898438 0.575 0.896875 0.572222 0.896875 0.569444 0.8875 0.552778 0.885938 0.552778 0.882812 0.547222 0.88125 0.547222 0.879687 0.544444 0.878125 0.544444 0.873438 0.536111 0.871875 0.536111 0.865625 0.525 0.864062 0.525 0.8625 0.522222 0.860937 0.522222 0.857813 0.516667 0.85625 0.516667 0.854688 0.513889 0.853125 0.513889 0.85 0.508333 0.848437 0.508333 0.846875 0.505556 0.845312 0.505556 0.84375 0.502778 0.840625 0.502778 0.839063 0.5 0.8375 0.5 0.835938 0.497222 0.832812 0.497222 0.83125 0.494444 0.829687 0.494444 0.828125 0.491667 0.826563 0.491667 0.825 0.488889 0.823438 0.488889 0.821875 0.486111 0.820312 0.486111 0.81875 0.483333 0.817187 0.483333 0.815625 0.480556 0.8125 0.480556 0.810938 0.477778 0.807813 0.477778 0.80625 0.475 0.804688 0.475 0.803125 0.472222 0.801562 0.472222 0.796875 0.463889 0.790625 0.463889 0.785937 0.455556 0.782812 0.455556 0.779688 0.45 0.779688 0.447222 0.778125 0.444444 0.778125 0.441667 0.775 0.436111 0.775 0.422222 0.776563 0.419444 0.776563 0.416667 0.770312 0.416667 0.76875 0.413889 0.764063 0.413889 0.7625 0.411111 0.760938 0.411111 0.759375 0.408333 0.757812 0.408333 0.728125 0.355556 0.726562 0.355556 0.721875 0.347222 0.720312 0.347222 0.715625 0.338889 0.714063 0.338889 0.7125 0.336111 0.710938 0.336111 0.709375 0.333333 0.707812 0.333333 0.703125 0.325 0.703125 0.316667
2 0.510938 0.316667 0.510938 0.325 0.503125 0.338889 0.503125 0.341667 0.501562 0.344444 0.501562 0.347222 0.5 0.35 0.5 0.352778 0.498437 0.355556 0.498437 0.358333 0.496875 0.361111 0.496875 0.363889 0.495313 0.366667 0.495313 0.369444 0.49375 0.372222 0.49375 0.375 0.492188 0.377778 0.492188 0.380556 0.490625 0.383333 0.490625 0.386111 0.489062 0.388889 0.489062 0.391667 0.4875 0.394444 0.4875 0.4 0.485938 0.402778 0.485938 0.405556 0.484375 0.408333 0.482812 0.408333 0.48125 0.411111 0.478125 0.411111 0.476562 0.408333 0.475 0.408333 0.473437 0.405556 0.459375 0.405556 0.457812 0.408333 0.45625 0.408333 0.454688 0.411111 0.446875 0.411111 0.446875 0.452778 0.453125 0.452778 0.454688 0.455556 0.457812 0.455556 0.467187 0.472222 0.467187 0.477778 0.46875 0.480556 0.46875 0.511111 0.470313 0.513889 0.470313 0.516667 0.46875 0.519444 0.46875 0.536111 0.467187 0.538889 0.467187 0.547222 0.465625 0.55 0.465625 0.555556 0.464063 0.558333 0.464063 0.566667 0.4625 0.569444 0.4625 0.580556 0.460938 0.583333 0.460938 0.611111 0.459375 0.613889 0.459375 0.8 0.460938 0.802778 0.460938 0.855556 0.4625 0.858333 0.4625 0.861111 0.460938 0.863889 0.460938 0.888889 0.4625 0.891667 0.4625 0.913889 0.464063 0.916667 0.464063 0.922222 0.46875 0.930556 0.470313 0.930556 0.471875 0.933333 0.4875 0.933333 0.489062 0.936111 0.490625 0.936111 0.492188 0.933333 0.5 0.933333 0.501562 0.936111 0.509375 0.936111 0.510938 0.938889 0.515625 0.938889 0.517187 0.941667 0.521875 0.941667 0.523438 0.944444 0.529688 0.944444 0.53125 0.947222 0.534375 0.947222 0.535937 0.95 0.539062 0.95 0.540625 0.952778 0.54375 0.952778 0.545313 0.955556 0.546875 0.955556 0.548437 0.958333 0.553125 0.958333 0.554688 0.961111 0.56875 0.961111 0.570312 0.963889 0.592188 0.963889 0.59375 0.966667 0.601562 0.966667 0.603125 0.963889 0.615625 0.963889 0.617188 0.966667 0.757812 0.966667 0.759375 0.963889 0.782812 0.963889 0.784375 0.961111 0.8 0.961111 0.801562 0.958333 0.810938 0.958333 0.8125 0.955556 0.83125 0.955556 0.832812 0.952778 0.851562 0.952778 0.853125 0.95 0.857813 0.95 0.859375 0.947222 0.860937 0.947222 0.8625 0.944444 0.864062 0.944444 0.865625 0.941667 0.870313 0.941667 0.871875 0.938889 0.876562 0.938889 0.88125 0.930556 0.882812 0.930556 0.885938 0.925 0.8875 0.925 0.892187 0.916667 0.89375 0.916667 0.904688 0.897222 0.904688 0.894444 0.90625 0.891667 0.90625 0.888889 0.907812 0.886111 0.907812 0.883333 0.909375 0.880556 0.909375 0.866667 0.910937 0.863889 0.910937 0.838889 0.9125 0.836111 0.9125 0.822222 0.914062 0.819444 0.914062 0.813889 0.915625 0.811111 0.920313 0.811111 0.920313 0.627778 0.915625 0.627778 0.910937 0.619444 0.910937 0.616667 0.907812 0.611111 0.907812 0.608333 0.904688 0.602778 0.904688 0.597222 0.903125 0.594444 0.903125 0.591667 0.901563 0.588889 0.901563 0.586111 0.9 0.583333 0.9 0.580556 0.898438 0.577778 0.898438 0.575 0.896875 0.572222 0.896875 0.569444 0.8875 0.552778 0.885938 0.552778 0.882812 0.547222 0.88125 0.547222 0.879687 0.544444 0.878125 0.544444 0.873438 0.536111 0.871875 0.536111 0.865625 0.525 0.864062 0.525 0.8625 0.522222 0.860937 0.522222 0.857813 0.516667 0.85625 0.516667 0.854688 0.513889 0.853125 0.513889 0.85 0.508333 0.848437 0.508333 0.846875 0.505556 0.845312 0.505556 0.84375 0.502778 0.840625 0.502778 0.839063 0.5 0.8375 0.5 0.835938 0.497222 0.832812 0.497222 0.83125 0.494444 0.829687 0.494444 0.828125 0.491667 0.826563 0.491667 0.825 0.488889 0.823438 0.488889 0.821875 0.486111 0.820312 0.486111 0.81875 0.483333 0.817187 0.483333 0.815625 0.480556 0.8125 0.480556 0.810938 0.477778 0.807813 0.477778 0.80625 0.475 0.804688 0.475 0.803125 0.472222 0.801562 0.472222 0.796875 0.463889 0.790625 0.463889 0.785937 0.455556 0.782812 0.455556 0.779688 0.45 0.779688 0.447222 0.778125 0.444444 0.778125 0.441667 0.775 0.436111 0.775 0.422222 0.776563 0.419444 0.776563 0.416667 0.770312 0.416667 0.76875 0.413889 0.764063 0.413889 0.7625 0.411111 0.760938 0.411111 0.759375 0.408333 0.757812 0.408333 0.728125 0.355556 0.726562 0.355556 0.721875 0.347222 0.720312 0.347222 0.715625 0.338889 0.714063 0.338889 0.7125 0.336111 0.710938 0.336111 0.709375 0.333333 0.707812 0.333333 0.703125 0.325 0.703125 0.316667
0 0.314063 0.216667 0.314063 0.225 0.3 0.25 0.3 0.252778 0.298438 0.255556 0.298438 0.258333 0.295312 0.263889 0.295312 0.266667 0.29375 0.269444 0.29375 0.272222 0.292188 0.275 0.292188 0.283333 0.290625 0.286111 0.290625 0.291667 0.289062 0.294444 0.289062 0.297222 0.28125 0.311111 0.279687 0.311111 0.275 0.319444 0.275 0.322222 0.264062 0.341667 0.2625 0.341667 0.260938 0.344444 0.259375 0.344444 0.257812 0.347222 0.25625 0.347222 0.253125 0.352778 0.251563 0.352778 0.242188 0.369444 0.242188 0.372222 0.239063 0.377778 0.239063 0.380556 0.235938 0.386111 0.235938 0.388889 0.232812 0.394444 0.228125 0.394444 0.228125 0.5 0.232812 0.5 0.234375 0.502778 0.234375 0.513889 0.235938 0.516667 0.235938 0.527778 0.2375 0.530556 0.2375 0.536111 0.239063 0.538889 0.239063 0.544444 0.240625 0.547222 0.240625 0.563889 0.242188 0.566667 0.242188 0.591667 0.240625 0.594444 0.240625 0.605556 0.242188 0.608333 0.242188 0.611111 0.24375 0.613889 0.24375 0.616667 0.245312 0.619444 0.245312 0.622222 0.246875 0.625 0.246875 0.627778 0.248437 0.630556 0.248437 0.647222 0.25 0.65 0.25 0.675 0.251563 0.677778 0.251563 0.688889 0.253125 0.691667 0.253125 0.705556 0.254687 0.708333 0.254687 0.716667 0.25625 0.719444 0.25625 0.725 0.257812 0.727778 0.257812 0.733333 0.259375 0.736111 0.259375 0.744444 0.260938 0.747222 0.260938 0.763889 0.2625 0.766667 0.2625 0.783333 0.264062 0.786111 0.264062 0.811111 0.265625 0.813889 0.265625 0.841667 0.267188 0.844444 0.267188 0.863889 0.26875 0.866667 0.26875 0.883333 0.270312 0.886111 0.270312 0.897222 0.271875 0.9 0.271875 0.911111 0.273438 0.913889 0.273438 0.927778 0.275 0.930556 0.275 1 0.370313 1 0.370313 0.983333 0.36875 0.980556 0.36875 0.977778 0.367188 0.975 0.367188 0.972222 0.365625 0.969444 0.365625 0.966667 0.364062 0.963889 0.364062 0.919444 0.365625 0.916667 0.365625 0.902778 0.367188 0.9 0.367188 0.877778 0.36875 0.875 0.36875 0.825 0.367188 0.822222 0.367188 0.725 0.365625 0.722222 0.365625 0.702778 0.364062 0.7 0.364062 0.669444 0.365625 0.666667 0.376563 0.666667 0.378125 0.669444 0.38125 0.669444 0.382812 0.672222 0.3875 0.672222 0.389062 0.675 0.396875 0.675 0.398438 0.677778 0.407813 0.677778 0.410937 0.672222 0.410937 0.655556 0.409375 0.652778 0.409375 0.65 0.407813 0.647222 0.40625 0.647222 0.403125 0.641667 0.401563 0.641667 0.398438 0.636111 0.398438 0.627778 0.401563 0.622222 0.403125 0.622222 0.4125 0.605556 0.4125 0.588889 0.410937 0.586111 0.410937 0.580556 0.407813 0.575 0.407813 0.566667 0.409375 0.563889 0.409375 0.561111 0.415625 0.55 0.420312 0.55 0.420312 0.547222 0.414062 0.547222 0.4125 0.544444 0.389062 0.544444 0.378125 0.525 0.376563 0.525 0.36875 0.511111 0.36875 0.508333 0.365625 0.502778 0.365625 0.497222 0.364062 0.494444 0.364062 0.491667 0.3625 0.488889 0.3625 0.475 0.360938 0.472222 0.360938 0.458333 0.359375 0.455556 0.359375 0.447222 0.357812 0.444444 0.357812 0.438889 0.35625 0.436111 0.35625 0.433333 0.354688 0.430556 0.354688 0.425 0.353125 0.422222 0.353125 0.416667 0.351562 0.413889 0.351562 0.408333 0.35 0.405556 0.35 0.4 0.348437 0.397222 0.348437 0.391667 0.346875 0.388889 0.346875 0.383333 0.345313 0.380556 0.345313 0.369444 0.348437 0.363889 0.348437 0.361111 0.353125 0.352778 0.354688 0.352778 0.357812 0.347222 0.357812 0.333333 0.359375 0.330556 0.359375 0.319444 0.360938 0.316667 0.360938 0.311111 0.3625 0.308333 0.3625 0.302778 0.364062 0.3 0.364062 0.291667 0.365625 0.288889 0.365625 0.286111 0.367188 0.283333 0.367188 0.266667 0.365625 0.263889 0.365625 0.261111 0.364062 0.258333 0.364062 0.255556 0.3625 0.252778 0.3625 0.25 0.348437 0.225 0.348437 0.216667
7 0.510938 0.316667 0.510938 0.325 0.503125 0.338889 0.503125 0.341667 0.501562 0.344444 0.501562 0.347222 0.5 0.35 0.5 0.352778 0.498437 0.355556 0.498437 0.358333 0.496875 0.361111 0.496875 0.363889 0.495313 0.366667 0.495313 0.369444 0.49375 0.372222 0.49375 0.375 0.492188 0.377778 0.492188 0.380556 0.490625 0.383333 0.490625 0.386111 0.489062 0.388889 0.489062 0.391667 0.4875 0.394444 0.4875 0.4 0.485938 0.402778 0.485938 0.405556 0.484375 0.408333 0.482812 0.408333 0.48125 0.411111 0.478125 0.411111 0.476562 0.408333 0.475 0.408333 0.473437 0.405556 0.459375 0.405556 0.457812 0.408333 0.45625 0.408333 0.454688 0.411111 0.446875 0.411111 0.446875 0.452778 0.453125 0.452778 0.454688 0.455556 0.457812 0.455556 0.467187 0.472222 0.467187 0.477778 0.46875 0.480556 0.46875 0.511111 0.470313 0.513889 0.470313 0.516667 0.46875 0.519444 0.46875 0.536111 0.467187 0.538889 0.467187 0.547222 0.465625 0.55 0.465625 0.555556 0.464063 0.558333 0.464063 0.566667 0.4625 0.569444 0.4625 0.580556 0.460938 0.583333 0.460938 0.611111 0.459375 0.613889 0.459375 0.8 0.460938 0.802778 0.460938 0.855556 0.4625 0.858333 0.4625 0.861111 0.460938 0.863889 0.460938 0.888889 0.4625 0.891667 0.4625 0.913889 0.464063 0.916667 0.464063 0.922222 0.46875 0.930556 0.470313 0.930556 0.471875 0.933333 0.4875 0.933333 0.489062 0.936111 0.490625 0.936111 0.492188 0.933333 0.5 0.933333 0.501562 0.936111 0.509375 0.936111 0.510938 0.938889 0.515625 0.938889 0.517187 0.941667 0.521875 0.941667 0.523438 0.944444 0.529688 0.944444 0.53125 0.947222 0.534375 0.947222 0.535937 0.95 0.539062 0.95 0.540625 0.952778 0.54375 0.952778 0.545313 0.955556 0.546875 0.955556 0.548437 0.958333 0.553125 0.958333 0.554688 0.961111 0.56875 0.961111 0.570312 0.963889 0.592188 0.963889 0.59375 0.966667 0.601562 0.966667 0.603125 0.963889 0.615625 0.963889 0.617188 0.966667 0.757812 0.966667 0.759375 0.963889 0.782812 0.963889 0.784375 0.961111 0.8 0.961111 0.801562 0.958333 0.810938 0.958333 0.8125 0.955556 0.83125 0.955556 0.832812 0.952778 0.851562 0.952778 0.853125 0.95 0.857813 0.95 0.859375 0.947222 0.860937 0.947222 0.8625 0.944444 0.864062 0.944444 0.865625 0.941667 0.870313 0.941667 0.871875 0.938889 0.876562 0.938889 0.88125 0.930556 0.882812 0.930556 0.885938 0.925 0.8875 0.925 0.892187 0.916667 0.89375 0.916667 0.904688 0.897222 0.904688 0.894444 0.90625 0.891667 0.90625 0.888889 0.907812 0.886111 0.907812 0.883333 0.909375 0.880556 0.909375 0.866667 0.910937 0.863889 0.910937 0.838889 0.9125 0.836111 0.9125 0.822222 0.914062 0.819444 0.914062 0.813889 0.915625 0.811111 0.920313 0.811111 0.920313 0.627778 0.915625 0.627778 0.910937 0.619444 0.910937 0.616667 0.907812 0.611111 0.907812 0.608333 0.904688 0.602778 0.904688 0.597222 0.903125 0.594444 0.903125 0.591667 0.901563 0.588889 0.901563 0.586111 0.9 0.583333 0.9 0.580556 0.898438 0.577778 0.898438 0.575 0.896875 0.572222 0.896875 0.569444 0.8875 0.552778 0.885938 0.552778 0.882812 0.547222 0.88125 0.547222 0.879687 0.544444 0.878125 0.544444 0.873438 0.536111 0.871875 0.536111 0.865625 0.525 0.864062 0.525 0.8625 0.522222 0.860937 0.522222 0.857813 0.516667 0.85625 0.516667 0.854688 0.513889 0.853125 0.513889 0.85 0.508333 0.848437 0.508333 0.846875 0.505556 0.845312 0.505556 0.84375 0.502778 0.840625 0.502778 0.839063 0.5 0.8375 0.5 0.835938 0.497222 0.832812 0.497222 0.83125 0.494444 0.829687 0.494444 0.828125 0.491667 0.826563 0.491667 0.825 0.488889 0.823438 0.488889 0.821875 0.486111 0.820312 0.486111 0.81875 0.483333 0.817187 0.483333 0.815625 0.480556 0.8125 0.480556 0.810938 0.477778 0.807813 0.477778 0.80625 0.475 0.804688 0.475 0.803125 0.472222 0.801562 0.472222 0.796875 0.463889 0.790625 0.463889 0.785937 0.455556 0.782812 0.455556 0.779688 0.45 0.779688 0.447222 0.778125 0.444444 0.778125 0.441667 0.775 0.436111 0.775 0.422222 0.776563 0.419444 0.776563 0.416667 0.770312 0.416667 0.76875 0.413889 0.764063 0.413889 0.7625 0.411111 0.760938 0.411111 0.759375 0.408333 0.757812 0.408333 0.728125 0.355556 0.726562 0.355556 0.721875 0.347222 0.720312 0.347222 0.715625 0.338889 0.714063 0.338889 0.7125 0.336111 0.710938 0.336111 0.709375 0.333333 0.707812 0.333333 0.703125 0.325 0.703125 0.316667
2 0.510938 0.316667 0.510938 0.325 0.503125 0.338889 0.503125 0.341667 0.501562 0.344444 0.501562 0.347222 0.5 0.35 0.5 0.352778 0.498437 0.355556 0.498437 0.358333 0.496875 0.361111 0.496875 0.363889 0.495313 0.366667 0.495313 0.369444 0.49375 0.372222 0.49375 0.375 0.492188 0.377778 0.492188 0.380556 0.490625 0.383333 0.490625 0.386111 0.489062 0.388889 0.489062 0.391667 0.4875 0.394444 0.4875 0.4 0.485938 0.402778 0.485938 0.405556 0.484375 0.408333 0.482812 0.408333 0.48125 0.411111 0.478125 0.411111 0.476562 0.408333 0.475 0.408333 0.473437 0.405556 0.459375 0.405556 0.457812 0.408333 0.45625 0.408333 0.454688 0.411111 0.446875 0.411111 0.446875 0.452778 0.453125 0.452778 0.454688 0.455556 0.457812 0.455556 0.467187 0.472222 0.467187 0.477778 0.46875 0.480556 0.46875 0.511111 0.470313 0.513889 0.470313 0.516667 0.46875 0.519444 0.46875 0.536111 0.467187 0.538889 0.467187 0.547222 0.465625 0.55 0.465625 0.555556 0.464063 0.558333 0.464063 0.566667 0.4625 0.569444 0.4625 0.580556 0.460938 0.583333 0.460938 0.611111 0.459375 0.613889 0.459375 0.8 0.460938 0.802778 0.460938 0.855556 0.4625 0.858333 0.4625 0.861111 0.460938 0.863889 0.460938 0.888889 0.4625 0.891667 0.4625 0.913889 0.464063 0.916667 0.464063 0.922222 0.46875 0.930556 0.470313 0.930556 0.471875 0.933333 0.4875 0.933333 0.489062 0.936111 0.490625 0.936111 0.492188 0.933333 0.5 0.933333 0.501562 0.936111 0.509375 0.936111 0.510938 0.938889 0.515625 0.938889 0.517187 0.941667 0.521875 0.941667 0.523438 0.944444 0.529688 0.944444 0.53125 0.947222 0.534375 0.947222 0.535937 0.95 0.539062 0.95 0.540625 0.952778 0.54375 0.952778 0.545313 0.955556 0.546875 0.955556 0.548437 0.958333 0.553125 0.958333 0.554688 0.961111 0.56875 0.961111 0.570312 0.963889 0.592188 0.963889 0.59375 0.966667 0.601562 0.966667 0.603125 0.963889 0.615625 0.963889 0.617188 0.966667 0.757812 0.966667 0.759375 0.963889 0.782812 0.963889 0.784375 0.961111 0.8 0.961111 0.801562 0.958333 0.810938 0.958333 0.8125 0.955556 0.83125 0.955556 0.832812 0.952778 0.851562 0.952778 0.853125 0.95 0.857813 0.95 0.859375 0.947222 0.860937 0.947222 0.8625 0.944444 0.864062 0.944444 0.865625 0.941667 0.870313 0.941667 0.871875 0.938889 0.876562 0.938889 0.88125 0.930556 0.882812 0.930556 0.885938 0.925 0.8875 0.925 0.892187 0.916667 0.89375 0.916667 0.904688 0.897222 0.904688 0.894444 0.90625 0.891667 0.90625 0.888889 0.907812 0.886111 0.907812 0.883333 0.909375 0.880556 0.909375 0.866667 0.910937 0.863889 0.910937 0.838889 0.9125 0.836111 0.9125 0.822222 0.914062 0.819444 0.914062 0.813889 0.915625 0.811111 0.920313 0.811111 0.920313 0.627778 0.915625 0.627778 0.910937 0.619444 0.910937 0.616667 0.907812 0.611111 0.907812 0.608333 0.904688 0.602778 0.904688 0.597222 0.903125 0.594444 0.903125 0.591667 0.901563 0.588889 0.901563 0.586111 0.9 0.583333 0.9 0.580556 0.898438 0.577778 0.898438 0.575 0.896875 0.572222 0.896875 0.569444 0.8875 0.552778 0.885938 0.552778 0.882812 0.547222 0.88125 0.547222 0.879687 0.544444 0.878125 0.544444 0.873438 0.536111 0.871875 0.536111 0.865625 0.525 0.864062 0.525 0.8625 0.522222 0.860937 0.522222 0.857813 0.516667 0.85625 0.516667 0.854688 0.513889 0.853125 0.513889 0.85 0.508333 0.848437 0.508333 0.846875 0.505556 0.845312 0.505556 0.84375 0.502778 0.840625 0.502778 0.839063 0.5 0.8375 0.5 0.835938 0.497222 0.832812 0.497222 0.83125 0.494444 0.829687 0.494444 0.828125 0.491667 0.826563 0.491667 0.825 0.488889 0.823438 0.488889 0.821875 0.486111 0.820312 0.486111 0.81875 0.483333 0.817187 0.483333 0.815625 0.480556 0.8125 0.480556 0.810938 0.477778 0.807813 0.477778 0.80625 0.475 0.804688 0.475 0.803125 0.472222 0.801562 0.472222 0.796875 0.463889 0.790625 0.463889 0.785937 0.455556 0.782812 0.455556 0.779688 0.45 0.779688 0.447222 0.778125 0.444444 0.778125 0.441667 0.775 0.436111 0.775 0.422222 0.776563 0.419444 0.776563 0.416667 0.770312 0.416667 0.76875 0.413889 0.764063 0.413889 0.7625 0.411111 0.760938 0.411111 0.759375 0.408333 0.757812 0.408333 0.728125 0.355556 0.726562 0.355556 0.721875 0.347222 0.720312 0.347222 0.715625 0.338889 0.714063 0.338889 0.7125 0.336111 0.710938 0.336111 0.709375 0.333333 0.707812 0.333333 0.703125 0.325 0.703125 0.316667
0 0.314063 0.216667 0.314063 0.225 0.3 0.25 0.3 0.252778 0.298438 0.255556 0.298438 0.258333 0.295312 0.263889 0.295312 0.266667 0.29375 0.269444 0.29375 0.272222 0.292188 0.275 0.292188 0.283333 0.290625 0.286111 0.290625 0.291667 0.289062 0.294444 0.289062 0.297222 0.28125 0.311111 0.279687 0.311111 0.275 0.319444 0.275 0.322222 0.264062 0.341667 0.2625 0.341667 0.260938 0.344444 0.259375 0.344444 0.257812 0.347222 0.25625 0.347222 0.253125 0.352778 0.251563 0.352778 0.242188 0.369444 0.242188 0.372222 0.239063 0.377778 0.239063 0.380556 0.235938 0.386111 0.235938 0.388889 0.232812 0.394444 0.228125 0.394444 0.228125 0.5 0.232812 0.5 0.234375 0.502778 0.234375 0.513889 0.235938 0.516667 0.235938 0.527778 0.2375 0.530556 0.2375 0.536111 0.239063 0.538889 0.239063 0.544444 0.240625 0.547222 0.240625 0.563889 0.242188 0.566667 0.242188 0.591667 0.240625 0.594444 0.240625 0.605556 0.242188 0.608333 0.242188 0.611111 0.24375 0.613889 0.24375 0.616667 0.245312 0.619444 0.245312 0.622222 0.246875 0.625 0.246875 0.627778 0.248437 0.630556 0.248437 0.647222 0.25 0.65 0.25 0.675 0.251563 0.677778 0.251563 0.688889 0.253125 0.691667 0.253125 0.705556 0.254687 0.708333 0.254687 0.716667 0.25625 0.719444 0.25625 0.725 0.257812 0.727778 0.257812 0.733333 0.259375 0.736111 0.259375 0.744444 0.260938 0.747222 0.260938 0.763889 0.2625 0.766667 0.2625 0.783333 0.264062 0.786111 0.264062 0.811111 0.265625 0.813889 0.265625 0.841667 0.267188 0.844444 0.267188 0.863889 0.26875 0.866667 0.26875 0.883333 0.270312 0.886111 0.270312 0.897222 0.271875 0.9 0.271875 0.911111 0.273438 0.913889 0.273438 0.927778 0.275 0.930556 0.275 1 0.370313 1 0.370313 0.983333 0.36875 0.980556 0.36875 0.977778 0.367188 0.975 0.367188 0.972222 0.365625 0.969444 0.365625 0.966667 0.364062 0.963889 0.364062 0.919444 0.365625 0.916667 0.365625 0.902778 0.367188 0.9 0.367188 0.877778 0.36875 0.875 0.36875 0.825 0.367188 0.822222 0.367188 0.725 0.365625 0.722222 0.365625 0.702778 0.364062 0.7 0.364062 0.669444 0.365625 0.666667 0.376563 0.666667 0.378125 0.669444 0.38125 0.669444 0.382812 0.672222 0.3875 0.672222 0.389062 0.675 0.396875 0.675 0.398438 0.677778 0.407813 0.677778 0.410937 0.672222 0.410937 0.655556 0.409375 0.652778 0.409375 0.65 0.407813 0.647222 0.40625 0.647222 0.403125 0.641667 0.401563 0.641667 0.398438 0.636111 0.398438 0.627778 0.401563 0.622222 0.403125 0.622222 0.4125 0.605556 0.4125 0.588889 0.410937 0.586111 0.410937 0.580556 0.407813 0.575 0.407813 0.566667 0.409375 0.563889 0.409375 0.561111 0.415625 0.55 0.420312 0.55 0.420312 0.547222 0.414062 0.547222 0.4125 0.544444 0.389062 0.544444 0.378125 0.525 0.376563 0.525 0.36875 0.511111 0.36875 0.508333 0.365625 0.502778 0.365625 0.497222 0.364062 0.494444 0.364062 0.491667 0.3625 0.488889 0.3625 0.475 0.360938 0.472222 0.360938 0.458333 0.359375 0.455556 0.359375 0.447222 0.357812 0.444444 0.357812 0.438889 0.35625 0.436111 0.35625 0.433333 0.354688 0.430556 0.354688 0.425 0.353125 0.422222 0.353125 0.416667 0.351562 0.413889 0.351562 0.408333 0.35 0.405556 0.35 0.4 0.348437 0.397222 0.348437 0.391667 0.346875 0.388889 0.346875 0.383333 0.345313 0.380556 0.345313 0.369444 0.348437 0.363889 0.348437 0.361111 0.353125 0.352778 0.354688 0.352778 0.357812 0.347222 0.357812 0.333333 0.359375 0.330556 0.359375 0.319444 0.360938 0.316667 0.360938 0.311111 0.3625 0.308333 0.3625 0.302778 0.364062 0.3 0.364062 0.291667 0.365625 0.288889 0.365625 0.286111 0.367188 0.283333 0.367188 0.266667 0.365625 0.263889 0.365625 0.261111 0.364062 0.258333 0.364062 0.255556 0.3625 0.252778 0.3625 0.25 0.348437 0.225 0.348437 0.216667
7 0.510938 0.316667 0.510938 0.325 0.503125 0.338889 0.503125 0.341667 0.501562 0.344444 0.501562 0.347222 0.5 0.35 0.5 0.352778 0.498437 0.355556 0.498437 0.358333 0.496875 0.361111 0.496875 0.363889 0.495313 0.366667 0.495313 0.369444 0.49375 0.372222 0.49375 0.375 0.492188 0.377778 0.492188 0.380556 0.490625 0.383333 0.490625 0.386111 0.489062 0.388889 0.489062 0.391667 0.4875 0.394444 0.4875 0.4 0.485938 0.402778 0.485938 0.405556 0.484375 0.408333 0.482812 0.408333 0.48125 0.411111 0.478125 0.411111 0.476562 0.408333 0.475 0.408333 0.473437 0.405556 0.459375 0.405556 0.457812 0.408333 0.45625 0.408333 0.454688 0.411111 0.446875 0.411111 0.446875 0.452778 0.453125 0.452778 0.454688 0.455556 0.457812 0.455556 0.467187 0.472222 0.467187 0.477778 0.46875 0.480556 0.46875 0.511111 0.470313 0.513889 0.470313 0.516667 0.46875 0.519444 0.46875 0.536111 0.467187 0.538889 0.467187 0.547222 0.465625 0.55 0.465625 0.555556 0.464063 0.558333 0.464063 0.566667 0.4625 0.569444 0.4625 0.580556 0.460938 0.583333 0.460938 0.611111 0.459375 0.613889 0.459375 0.8 0.460938 0.802778 0.460938 0.855556 0.4625 0.858333 0.4625 0.861111 0.460938 0.863889 0.460938 0.888889 0.4625 0.891667 0.4625 0.913889 0.464063 0.916667 0.464063 0.922222 0.46875 0.930556 0.470313 0.930556 0.471875 0.933333 0.4875 0.933333 0.489062 0.936111 0.490625 0.936111 0.492188 0.933333 0.5 0.933333 0.501562 0.936111 0.509375 0.936111 0.510938 0.938889 0.515625 0.938889 0.517187 0.941667 0.521875 0.941667 0.523438 0.944444 0.529688 0.944444 0.53125 0.947222 0.534375 0.947222 0.535937 0.95 0.539062 0.95 0.540625 0.952778 0.54375 0.952778 0.545313 0.955556 0.546875 0.955556 0.548437 0.958333 0.553125 0.958333 0.554688 0.961111 0.56875 0.961111 0.570312 0.963889 0.592188 0.963889 0.59375 0.966667 0.601562 0.966667 0.603125 0.963889 0.615625 0.963889 0.617188 0.966667 0.757812 0.966667 0.759375 0.963889 0.782812 0.963889 0.784375 0.961111 0.8 0.961111 0.801562 0.958333 0.810938 0.958333 0.8125 0.955556 0.83125 0.955556 0.832812 0.952778 0.851562 0.952778 0.853125 0.95 0.857813 0.95 0.859375 0.947222 0.860937 0.947222 0.8625 0.944444 0.864062 0.944444 0.865625 0.941667 0.870313 0.941667 0.871875 0.938889 0.876562 0.938889 0.88125 0.930556 0.882812 0.930556 0.885938 0.925 0.8875 0.925 0.892187 0.916667 0.89375 0.916667 0.904688 0.897222 0.904688 0.894444 0.90625 0.891667 0.90625 0.888889 0.907812 0.886111 0.907812 0.883333 0.909375 0.880556 0.909375 0.866667 0.910937 0.863889 0.910937 0.838889 0.9125 0.836111 0.9125 0.822222 0.914062 0.819444 0.914062 0.813889 0.915625 0.811111 0.920313 0.811111 0.920313 0.627778 0.915625 0.627778 0.910937 0.619444 0.910937 0.616667 0.907812 0.611111 0.907812 0.608333 0.904688 0.602778 0.904688 0.597222 0.903125 0.594444 0.903125 0.591667 0.901563 0.588889 0.901563 0.586111 0.9 0.583333 0.9 0.580556 0.898438 0.577778 0.898438 0.575 0.896875 0.572222 0.896875 0.569444 0.8875 0.552778 0.885938 0.552778 0.882812 0.547222 0.88125 0.547222 0.879687 0.544444 0.878125 0.544444 0.873438 0.536111 0.871875 0.536111 0.865625 0.525 0.864062 0.525 0.8625 0.522222 0.860937 0.522222 0.857813 0.516667 0.85625 0.516667 0.854688 0.513889 0.853125 0.513889 0.85 0.508333 0.848437 0.508333 0.846875 0.505556 0.845312 0.505556 0.84375 0.502778 0.840625 0.502778 0.839063 0.5 0.8375 0.5 0.835938 0.497222 0.832812 0.497222 0.83125 0.494444 0.829687 0.494444 0.828125 0.491667 0.826563 0.491667 0.825 0.488889 0.823438 0.488889 0.821875 0.486111 0.820312 0.486111 0.81875 0.483333 0.817187 0.483333 0.815625 0.480556 0.8125 0.480556 0.810938 0.477778 0.807813 0.477778 0.80625 0.475 0.804688 0.475 0.803125 0.472222 0.801562 0.472222 0.796875 0.463889 0.790625 0.463889 0.785937 0.455556 0.782812 0.455556 0.779688 0.45 0.779688 0.447222 0.778125 0.444444 0.778125 0.441667 0.775 0.436111 0.775 0.422222 0.776563 0.419444 0.776563 0.416667 0.770312 0.416667 0.76875 0.413889 0.764063 0.413889 0.7625 0.411111 0.760938 0.411111 0.759375 0.408333 0.757812 0.408333 0.728125 0.355556 0.726562 0.355556 0.721875 0.347222 0.720312 0.347222 0.715625 0.338889 0.714063 0.338889 0.7125 0.336111 0.710938 0.336111 0.709375 0.333333 0.707812 0.333333 0.703125 0.325 0.703125 0.316667
2 0.510938 0.316667 0.510938 0.325 0.503125 0.338889 0.503125 0.341667 0.501562 0.344444 0.501562 0.347222 0.5 0.35 0.5 0.352778 0.498437 0.355556 0.498437 0.358333 0.496875 0.361111 0.496875 0.363889 0.495313 0.366667 0.495313 0.369444 0.49375 0.372222 0.49375 0.375 0.492188 0.377778 0.492188 0.380556 0.490625 0.383333 0.490625 0.386111 0.489062 0.388889 0.489062 0.391667 0.4875 0.394444 0.4875 0.4 0.485938 0.402778 0.485938 0.405556 0.484375 0.408333 0.482812 0.408333 0.48125 0.411111 0.478125 0.411111 0.476562 0.408333 0.475 0.408333 0.473437 0.405556 0.459375 0.405556 0.457812 0.408333 0.45625 0.408333 0.454688 0.411111 0.446875 0.411111 0.446875 0.452778 0.453125 0.452778 0.454688 0.455556 0.457812 0.455556 0.467187 0.472222 0.467187 0.477778 0.46875 0.480556 0.46875 0.511111 0.470313 0.513889 0.470313 0.516667 0.46875 0.519444 0.46875 0.536111 0.467187 0.538889 0.467187 0.547222 0.465625 0.55 0.465625 0.555556 0.464063 0.558333 0.464063 0.566667 0.4625 0.569444 0.4625 0.580556 0.460938 0.583333 0.460938 0.611111 0.459375 0.613889 0.459375 0.8 0.460938 0.802778 0.460938 0.855556 0.4625 0.858333 0.4625 0.861111 0.460938 0.863889 0.460938 0.888889 0.4625 0.891667 0.4625 0.913889 0.464063 0.916667 0.464063 0.922222 0.46875 0.930556 0.470313 0.930556 0.471875 0.933333 0.4875 0.933333 0.489062 0.936111 0.490625 0.936111 0.492188 0.933333 0.5 0.933333 0.501562 0.936111 0.509375 0.936111 0.510938 0.938889 0.515625 0.938889 0.517187 0.941667 0.521875 0.941667 0.523438 0.944444 0.529688 0.944444 0.53125 0.947222 0.534375 0.947222 0.535937 0.95 0.539062 0.95 0.540625 0.952778 0.54375 0.952778 0.545313 0.955556 0.546875 0.955556 0.548437 0.958333 0.553125 0.958333 0.554688 0.961111 0.56875 0.961111 0.570312 0.963889 0.592188 0.963889 0.59375 0.966667 0.601562 0.966667 0.603125 0.963889 0.615625 0.963889 0.617188 0.966667 0.757812 0.966667 0.759375 0.963889 0.782812 0.963889 0.784375 0.961111 0.8 0.961111 0.801562 0.958333 0.810938 0.958333 0.8125 0.955556 0.83125 0.955556 0.832812 0.952778 0.851562 0.952778 0.853125 0.95 0.857813 0.95 0.859375 0.947222 0.860937 0.947222 0.8625 0.944444 0.864062 0.944444 0.865625 0.941667 0.870313 0.941667 0.871875 0.938889 0.876562 0.938889 0.88125 0.930556 0.882812 0.930556 0.885938 0.925 0.8875 0.925 0.892187 0.916667 0.89375 0.916667 0.904688 0.897222 0.904688 0.894444 0.90625 0.891667 0.90625 0.888889 0.907812 0.886111 0.907812 0.883333 0.909375 0.880556 0.909375 0.866667 0.910937 0.863889 0.910937 0.838889 0.9125 0.836111 0.9125 0.822222 0.914062 0.819444 0.914062 0.813889 0.915625 0.811111 0.920313 0.811111 0.920313 0.627778 0.915625 0.627778 0.910937 0.619444 0.910937 0.616667 0.907812 0.611111 0.907812 0.608333 0.904688 0.602778 0.904688 0.597222 0.903125 0.594444 0.903125 0.591667 0.901563 0.588889 0.901563 0.586111 0.9 0.583333 0.9 0.580556 0.898438 0.577778 0.898438 0.575 0.896875 0.572222 0.896875 0.569444 0.8875 0.552778 0.885938 0.552778 0.882812 0.547222 0.88125 0.547222 0.879687 0.544444 0.878125 0.544444 0.873438 0.536111 0.871875 0.536111 0.865625 0.525 0.864062 0.525 0.8625 0.522222 0.860937 0.522222 0.857813 0.516667 0.85625 0.516667 0.854688 0.513889 0.853125 0.513889 0.85 0.508333 0.848437 0.508333 0.846875 0.505556 0.845312 0.505556 0.84375 0.502778 0.840625 0.502778 0.839063 0.5 0.8375 0.5 0.835938 0.497222 0.832812 0.497222 0.83125 0.494444 0.829687 0.494444 0.828125 0.491667 0.826563 0.491667 0.825 0.488889 0.823438 0.488889 0.821875 0.486111 0.820312 0.486111 0.81875 0.483333 0.817187 0.483333 0.815625 0.480556 0.8125 0.480556 0.810938 0.477778 0.807813 0.477778 0.80625 0.475 0.804688 0.475 0.803125 0.472222 0.801562 0.472222 0.796875 0.463889 0.790625 0.463889 0.785937 0.455556 0.782812 0.455556 0.779688 0.45 0.779688 0.447222 0.778125 0.444444 0.778125 0.441667 0.775 0.436111 0.775 0.422222 0.776563 0.419444 0.776563 0.416667 0.770312 0.416667 0.76875 0.413889 0.764063 0.413889 0.7625 0.411111 0.760938 0.411111 0.759375 0.408333 0.757812 0.408333 0.728125 0.355556 0.726562 0.355556 0.721875 0.347222 0.720312 0.347222 0.715625 0.338889 0.714063 0.338889 0.7125 0.336111 0.710938 0.336111 0.709375 0.333333 0.707812 0.333333 0.703125 0.325 0.703125 0.316667
0 0.314063 0.216667 0.314063 0.225 0.3 0.25 0.3 0.252778 0.298438 0.255556 0.298438 0.258333 0.295312 0.263889 0.295312 0.266667 0.29375 0.269444 0.29375 0.272222 0.292188 0.275 0.292188 0.283333 0.290625 0.286111 0.290625 0.291667 0.289062 0.294444 0.289062 0.297222 0.28125 0.311111 0.279687 0.311111 0.275 0.319444 0.275 0.322222 0.264062 0.341667 0.2625 0.341667 0.260938 0.344444 0.259375 0.344444 0.257812 0.347222 0.25625 0.347222 0.253125 0.352778 0.251563 0.352778 0.242188 0.369444 0.242188 0.372222 0.239063 0.377778 0.239063 0.380556 0.235938 0.386111 0.235938 0.388889 0.232812 0.394444 0.228125 0.394444 0.228125 0.5 0.232812 0.5 0.234375 0.502778 0.234375 0.513889 0.235938 0.516667 0.235938 0.527778 0.2375 0.530556 0.2375 0.536111 0.239063 0.538889 0.239063 0.544444 0.240625 0.547222 0.240625 0.563889 0.242188 0.566667 0.242188 0.591667 0.240625 0.594444 0.240625 0.605556 0.242188 0.608333 0.242188 0.611111 0.24375 0.613889 0.24375 0.616667 0.245312 0.619444 0.245312 0.622222 0.246875 0.625 0.246875 0.627778 0.248437 0.630556 0.248437 0.647222 0.25 0.65 0.25 0.675 0.251563 0.677778 0.251563 0.688889 0.253125 0.691667 0.253125 0.705556 0.254687 0.708333 0.254687 0.716667 0.25625 0.719444 0.25625 0.725 0.257812 0.727778 0.257812 0.733333 0.259375 0.736111 0.259375 0.744444 0.260938 0.747222 0.260938 0.763889 0.2625 0.766667 0.2625 0.783333 0.264062 0.786111 0.264062 0.811111 0.265625 0.813889 0.265625 0.841667 0.267188 0.844444 0.267188 0.863889 0.26875 0.866667 0.26875 0.883333 0.270312 0.886111 0.270312 0.897222 0.271875 0.9 0.271875 0.911111 0.273438 0.913889 0.273438 0.927778 0.275 0.930556 0.275 1 0.370313 1 0.370313 0.983333 0.36875 0.980556 0.36875 0.977778 0.367188 0.975 0.367188 0.972222 0.365625 0.969444 0.365625 0.966667 0.364062 0.963889 0.364062 0.919444 0.365625 0.916667 0.365625 0.902778 0.367188 0.9 0.367188 0.877778 0.36875 0.875 0.36875 0.825 0.367188 0.822222 0.367188 0.725 0.365625 0.722222 0.365625 0.702778 0.364062 0.7 0.364062 0.669444 0.365625 0.666667 0.376563 0.666667 0.378125 0.669444 0.38125 0.669444 0.382812 0.672222 0.3875 0.672222 0.389062 0.675 0.396875 0.675 0.398438 0.677778 0.407813 0.677778 0.410937 0.672222 0.410937 0.655556 0.409375 0.652778 0.409375 0.65 0.407813 0.647222 0.40625 0.647222 0.403125 0.641667 0.401563 0.641667 0.398438 0.636111 0.398438 0.627778 0.401563 0.622222 0.403125 0.622222 0.4125 0.605556 0.4125 0.588889 0.410937 0.586111 0.410937 0.580556 0.407813 0.575 0.407813 0.566667 0.409375 0.563889 0.409375 0.561111 0.415625 0.55 0.420312 0.55 0.420312 0.547222 0.414062 0.547222 0.4125 0.544444 0.389062 0.544444 0.378125 0.525 0.376563 0.525 0.36875 0.511111 0.36875 0.508333 0.365625 0.502778 0.365625 0.497222 0.364062 0.494444 0.364062 0.491667 0.3625 0.488889 0.3625 0.475 0.360938 0.472222 0.360938 0.458333 0.359375 0.455556 0.359375 0.447222 0.357812 0.444444 0.357812 0.438889 0.35625 0.436111 0.35625 0.433333 0.354688 0.430556 0.354688 0.425 0.353125 0.422222 0.353125 0.416667 0.351562 0.413889 0.351562 0.408333 0.35 0.405556 0.35 0.4 0.348437 0.397222 0.348437 0.391667 0.346875 0.388889 0.346875 0.383333 0.345313 0.380556 0.345313 0.369444 0.348437 0.363889 0.348437 0.361111 0.353125 0.352778 0.354688 0.352778 0.357812 0.347222 0.357812 0.333333 0.359375 0.330556 0.359375 0.319444 0.360938 0.316667 0.360938 0.311111 0.3625 0.308333 0.3625 0.302778 0.364062 0.3 0.364062 0.291667 0.365625 0.288889 0.365625 0.286111 0.367188 0.283333 0.367188 0.266667 0.365625 0.263889 0.365625 0.261111 0.364062 0.258333 0.364062 0.255556 0.3625 0.252778 0.3625 0.25 0.348437 0.225 0.348437 0.216667
7 0.510938 0.316667 0.510938 0.325 0.503125 0.338889 0.503125 0.341667 0.501562 0.344444 0.501562 0.347222 0.5 0.35 0.5 0.352778 0.498437 0.355556 0.498437 0.358333 0.496875 0.361111 0.496875 0.363889 0.495313 0.366667 0.495313 0.369444 0.49375 0.372222 0.49375 0.375 0.492188 0.377778 0.492188 0.380556 0.490625 0.383333 0.490625 0.386111 0.489062 0.388889 0.489062 0.391667 0.4875 0.394444 0.4875 0.4 0.485938 0.402778 0.485938 0.405556 0.484375 0.408333 0.482812 0.408333 0.48125 0.411111 0.478125 0.411111 0.476562 0.408333 0.475 0.408333 0.473437 0.405556 0.459375 0.405556 0.457812 0.408333 0.45625 0.408333 0.454688 0.411111 0.446875 0.411111 0.446875 0.452778 0.453125 0.452778 0.454688 0.455556 0.457812 0.455556 0.467187 0.472222 0.467187 0.477778 0.46875 0.480556 0.46875 0.511111 0.470313 0.513889 0.470313 0.516667 0.46875 0.519444 0.46875 0.536111 0.467187 0.538889 0.467187 0.547222 0.465625 0.55 0.465625 0.555556 0.464063 0.558333 0.464063 0.566667 0.4625 0.569444 0.4625 0.580556 0.460938 0.583333 0.460938 0.611111 0.459375 0.613889 0.459375 0.8 0.460938 0.802778 0.460938 0.855556 0.4625 0.858333 0.4625 0.861111 0.460938 0.863889 0.460938 0.888889 0.4625 0.891667 0.4625 0.913889 0.464063 0.916667 0.464063 0.922222 0.46875 0.930556 0.470313 0.930556 0.471875 0.933333 0.4875 0.933333 0.489062 0.936111 0.490625 0.936111 0.492188 0.933333 0.5 0.933333 0.501562 0.936111 0.509375 0.936111 0.510938 0.938889 0.515625 0.938889 0.517187 0.941667 0.521875 0.941667 0.523438 0.944444 0.529688 0.944444 0.53125 0.947222 0.534375 0.947222 0.535937 0.95 0.539062 0.95 0.540625 0.952778 0.54375 0.952778 0.545313 0.955556 0.546875 0.955556 0.548437 0.958333 0.553125 0.958333 0.554688 0.961111 0.56875 0.961111 0.570312 0.963889 0.592188 0.963889 0.59375 0.966667 0.601562 0.966667 0.603125 0.963889 0.615625 0.963889 0.617188 0.966667 0.757812 0.966667 0.759375 0.963889 0.782812 0.963889 0.784375 0.961111 0.8 0.961111 0.801562 0.958333 0.810938 0.958333 0.8125 0.955556 0.83125 0.955556 0.832812 0.952778 0.851562 0.952778 0.853125 0.95 0.857813 0.95 0.859375 0.947222 0.860937 0.947222 0.8625 0.944444 0.864062 0.944444 0.865625 0.941667 0.870313 0.941667 0.871875 0.938889 0.876562 0.938889 0.88125 0.930556 0.882812 0.930556 0.885938 0.925 0.8875 0.925 0.892187 0.916667 0.89375 0.916667 0.904688 0.897222 0.904688 0.894444 0.90625 0.891667 0.90625 0.888889 0.907812 0.886111 0.907812 0.883333 0.909375 0.880556 0.909375 0.866667 0.910937 0.863889 0.910937 0.838889 0.9125 0.836111 0.9125 0.822222 0.914062 0.819444 0.914062 0.813889 0.915625 0.811111 0.920313 0.811111 0.920313 0.627778 0.915625 0.627778 0.910937 0.619444 0.910937 0.616667 0.907812 0.611111 0.907812 0.608333 0.904688 0.602778 0.904688 0.597222 0.903125 0.594444 0.903125 0.591667 0.901563 0.588889 0.901563 0.586111 0.9 0.583333 0.9 0.580556 0.898438 0.577778 0.898438 0.575 0.896875 0.572222 0.896875 0.569444 0.8875 0.552778 0.885938 0.552778 0.882812 0.547222 0.88125 0.547222 0.879687 0.544444 0.878125 0.544444 0.873438 0.536111 0.871875 0.536111 0.865625 0.525 0.864062 0.525 0.8625 0.522222 0.860937 0.522222 0.857813 0.516667 0.85625 0.516667 0.854688 0.513889 0.853125 0.513889 0.85 0.508333 0.848437 0.508333 0.846875 0.505556 0.845312 0.505556 0.84375 0.502778 0.840625 0.502778 0.839063 0.5 0.8375 0.5 0.835938 0.497222 0.832812 0.497222 0.83125 0.494444 0.829687 0.494444 0.828125 0.491667 0.826563 0.491667 0.825 0.488889 0.823438 0.488889 0.821875 0.486111 0.820312 0.486111 0.81875 0.483333 0.817187 0.483333 0.815625 0.480556 0.8125 0.480556 0.810938 0.477778 0.807813 0.477778 0.80625 0.475 0.804688 0.475 0.803125 0.472222 0.801562 0.472222 0.796875 0.463889 0.790625 0.463889 0.785937 0.455556 0.782812 0.455556 0.779688 0.45 0.779688 0.447222 0.778125 0.444444 0.778125 0.441667 0.775 0.436111 0.775 0.422222 0.776563 0.419444 0.776563 0.416667 0.770312 0.416667 0.76875 0.413889 0.764063 0.413889 0.7625 0.411111 0.760938 0.411111 0.759375 0.408333 0.757812 0.408333 0.728125 0.355556 0.726562 0.355556 0.721875 0.347222 0.720312 0.347222 0.715625 0.338889 0.714063 0.338889 0.7125 0.336111 0.710938 0.336111 0.709375 0.333333 0.707812 0.333333 0.703125 0.325 0.703125 0.316667
2 0.510938 0.316667 0.510938 0.325 0.503125 0.338889 0.503125 0.341667 0.501562 0.344444 0.501562 0.347222 0.5 0.35 0.5 0.352778 0.498437 0.355556 0.498437 0.358333 0.496875 0.361111 0.496875 0.363889 0.495313 0.366667 0.495313 0.369444 0.49375 0.372222 0.49375 0.375 0.492188 0.377778 0.492188 0.380556 0.490625 0.383333 0.490625 0.386111 0.489062 0.388889 0.489062 0.391667 0.4875 0.394444 0.4875 0.4 0.485938 0.402778 0.485938 0.405556 0.484375 0.408333 0.482812 0.408333 0.48125 0.411111 0.478125 0.411111 0.476562 0.408333 0.475 0.408333 0.473437 0.405556 0.459375 0.405556 0.457812 0.408333 0.45625 0.408333 0.454688 0.411111 0.446875 0.411111 0.446875 0.452778 0.453125 0.452778 0.454688 0.455556 0.457812 0.455556 0.467187 0.472222 0.467187 0.477778 0.46875 0.480556 0.46875 0.511111 0.470313 0.513889 0.470313 0.516667 0.46875 0.519444 0.46875 0.536111 0.467187 0.538889 0.467187 0.547222 0.465625 0.55 0.465625 0.555556 0.464063 0.558333 0.464063 0.566667 0.4625 0.569444 0.4625 0.580556 0.460938 0.583333 0.460938 0.611111 0.459375 0.613889 0.459375 0.8 0.460938 0.802778 0.460938 0.855556 0.4625 0.858333 0.4625 0.861111 0.460938 0.863889 0.460938 0.888889 0.4625 0.891667 0.4625 0.913889 0.464063 0.916667 0.464063 0.922222 0.46875 0.930556 0.470313 0.930556 0.471875 0.933333 0.4875 0.933333 0.489062 0.936111 0.490625 0.936111 0.492188 0.933333 0.5 0.933333 0.501562 0.936111 0.509375 0.936111 0.510938 0.938889 0.515625 0.938889 0.517187 0.941667 0.521875 0.941667 0.523438 0.944444 0.529688 0.944444 0.53125 0.947222 0.534375 0.947222 0.535937 0.95 0.539062 0.95 0.540625 0.952778 0.54375 0.952778 0.545313 0.955556 0.546875 0.955556 0.548437 0.958333 0.553125 0.958333 0.554688 0.961111 0.56875 0.961111 0.570312 0.963889 0.592188 0.963889 0.59375 0.966667 0.601562 0.966667 0.603125 0.963889 0.615625 0.963889 0.617188 0.966667 0.757812 0.966667 0.759375 0.963889 0.782812 0.963889 0.784375 0.961111 0.8 0.961111 0.801562 0.958333 0.810938 0.958333 0.8125 0.955556 0.83125 0.955556 0.832812 0.952778 0.851562 0.952778 0.853125 0.95 0.857813 0.95 0.859375 0.947222 0.860937 0.947222 0.8625 0.944444 0.864062 0.944444 0.865625 0.941667 0.870313 0.941667 0.871875 0.938889 0.876562 0.938889 0.88125 0.930556 0.882812 0.930556 0.885938 0.925 0.8875 0.925 0.892187 0.916667 0.89375 0.916667 0.904688 0.897222 0.904688 0.894444 0.90625 0.891667 0.90625 0.888889 0.907812 0.886111 0.907812 0.883333 0.909375 0.880556 0.909375 0.866667 0.910937 0.863889 0.910937 0.838889 0.9125 0.836111 0.9125 0.822222 0.914062 0.819444 0.914062 0.813889 0.915625 0.811111 0.920313 0.811111 0.920313 0.627778 0.915625 0.627778 0.910937 0.619444 0.910937 0.616667 0.907812 0.611111 0.907812 0.608333 0.904688 0.602778 0.904688 0.597222 0.903125 0.594444 0.903125 0.591667 0.901563 0.588889 0.901563 0.586111 0.9 0.583333 0.9 0.580556 0.898438 0.577778 0.898438 0.575 0.896875 0.572222 0.896875 0.569444 0.8875 0.552778 0.885938 0.552778 0.882812 0.547222 0.88125 0.547222 0.879687 0.544444 0.878125 0.544444 0.873438 0.536111 0.871875 0.536111 0.865625 0.525 0.864062 0.525 0.8625 0.522222 0.860937 0.522222 0.857813 0.516667 0.85625 0.516667 0.854688 0.513889 0.853125 0.513889 0.85 0.508333 0.848437 0.508333 0.846875 0.505556 0.845312 0.505556 0.84375 0.502778 0.840625 0.502778 0.839063 0.5 0.8375 0.5 0.835938 0.497222 0.832812 0.497222 0.83125 0.494444 0.829687 0.494444 0.828125 0.491667 0.826563 0.491667 0.825 0.488889 0.823438 0.488889 0.821875 0.486111 0.820312 0.486111 0.81875 0.483333 0.817187 0.483333 0.815625 0.480556 0.8125 0.480556 0.810938 0.477778 0.807813 0.477778 0.80625 0.475 0.804688 0.475 0.803125 0.472222 0.801562 0.472222 0.796875 0.463889 0.790625 0.463889 0.785937 0.455556 0.782812 0.455556 0.779688 0.45 0.779688 0.447222 0.778125 0.444444 0.778125 0.441667 0.775 0.436111 0.775 0.422222 0.776563 0.419444 0.776563 0.416667 0.770312 0.416667 0.76875 0.413889 0.764063 0.413889 0.7625 0.411111 0.760938 0.411111 0.759375 0.408333 0.757812 0.408333 0.728125 0.355556 0.726562 0.355556 0.721875 0.347222 0.720312 0.347222 0.715625 0.338889 0.714063 0.338889 0.7125 0.336111 0.710938 0.336111 0.709375 0.333333 0.707812 0.333333 0.703125 0.325 0.703125 0.316667
0 0.314063 0.216667 0.314063 0.225 0.3 0.25 0.3 0.252778 0.298438 0.255556 0.298438 0.258333 0.295312 0.263889 0.295312 0.266667 0.29375 0.269444 0.29375 0.272222 0.292188 0.275 0.292188 0.283333 0.290625 0.286111 0.290625 0.291667 0.289062 0.294444 0.289062 0.297222 0.28125 0.311111 0.279687 0.311111 0.275 0.319444 0.275 0.322222 0.264062 0.341667 0.2625 0.341667 0.260938 0.344444 0.259375 0.344444 0.257812 0.347222 0.25625 0.347222 0.253125 0.352778 0.251563 0.352778 0.242188 0.369444 0.242188 0.372222 0.239063 0.377778 0.239063 0.380556 0.235938 0.386111 0.235938 0.388889 0.232812 0.394444 0.228125 0.394444 0.228125 0.5 0.232812 0.5 0.234375 0.502778 0.234375 0.513889 0.235938 0.516667 0.235938 0.527778 0.2375 0.530556 0.2375 0.536111 0.239063 0.538889 0.239063 0.544444 0.240625 0.547222 0.240625 0.563889 0.242188 0.566667 0.242188 0.591667 0.240625 0.594444 0.240625 0.605556 0.242188 0.608333 0.242188 0.611111 0.24375 0.613889 0.24375 0.616667 0.245312 0.619444 0.245312 0.622222 0.246875 0.625 0.246875 0.627778 0.248437 0.630556 0.248437 0.647222 0.25 0.65 0.25 0.675 0.251563 0.677778 0.251563 0.688889 0.253125 0.691667 0.253125 0.705556 0.254687 0.708333 0.254687 0.716667 0.25625 0.719444 0.25625 0.725 0.257812 0.727778 0.257812 0.733333 0.259375 0.736111 0.259375 0.744444 0.260938 0.747222 0.260938 0.763889 0.2625 0.766667 0.2625 0.783333 0.264062 0.786111 0.264062 0.811111 0.265625 0.813889 0.265625 0.841667 0.267188 0.844444 0.267188 0.863889 0.26875 0.866667 0.26875 0.883333 0.270312 0.886111 0.270312 0.897222 0.271875 0.9 0.271875 0.911111 0.273438 0.913889 0.273438 0.927778 0.275 0.930556 0.275 1 0.370313 1 0.370313 0.983333 0.36875 0.980556 0.36875 0.977778 0.367188 0.975 0.367188 0.972222 0.365625 0.969444 0.365625 0.966667 0.364062 0.963889 0.364062 0.919444 0.365625 0.916667 0.365625 0.902778 0.367188 0.9 0.367188 0.877778 0.36875 0.875 0.36875 0.825 0.367188 0.822222 0.367188 0.725 0.365625 0.722222 0.365625 0.702778 0.364062 0.7 0.364062 0.669444 0.365625 0.666667 0.376563 0.666667 0.378125 0.669444 0.38125 0.669444 0.382812 0.672222 0.3875 0.672222 0.389062 0.675 0.396875 0.675 0.398438 0.677778 0.407813 0.677778 0.410937 0.672222 0.410937 0.655556 0.409375 0.652778 0.409375 0.65 0.407813 0.647222 0.40625 0.647222 0.403125 0.641667 0.401563 0.641667 0.398438 0.636111 0.398438 0.627778 0.401563 0.622222 0.403125 0.622222 0.4125 0.605556 0.4125 0.588889 0.410937 0.586111 0.410937 0.580556 0.407813 0.575 0.407813 0.566667 0.409375 0.563889 0.409375 0.561111 0.415625 0.55 0.420312 0.55 0.420312 0.547222 0.414062 0.547222 0.4125 0.544444 0.389062 0.544444 0.378125 0.525 0.376563 0.525 0.36875 0.511111 0.36875 0.508333 0.365625 0.502778 0.365625 0.497222 0.364062 0.494444 0.364062 0.491667 0.3625 0.488889 0.3625 0.475 0.360938 0.472222 0.360938 0.458333 0.359375 0.455556 0.359375 0.447222 0.357812 0.444444 0.357812 0.438889 0.35625 0.436111 0.35625 0.433333 0.354688 0.430556 0.354688 0.425 0.353125 0.422222 0.353125 0.416667 0.351562 0.413889 0.351562 0.408333 0.35 0.405556 0.35 0.4 0.348437 0.397222 0.348437 0.391667 0.346875 0.388889 0.346875 0.383333 0.345313 0.380556 0.345313 0.369444 0.348437 0.363889 0.348437 0.361111 0.353125 0.352778 0.354688 0.352778 0.357812 0.347222 0.357812 0.333333 0.359375 0.330556 0.359375 0.319444 0.360938 0.316667 0.360938 0.311111 0.3625 0.308333 0.3625 0.302778 0.364062 0.3 0.364062 0.291667 0.365625 0.288889 0.365625 0.286111 0.367188 0.283333 0.367188 0.266667 0.365625 0.263889 0.365625 0.261111 0.364062 0.258333 0.364062 0.255556 0.3625 0.252778 0.3625 0.25 0.348437 0.225 0.348437 0.216667
7 0.510938 0.316667 0.510938 0.325 0.503125 0.338889 0.503125 0.341667 0.501562 0.344444 0.501562 0.347222 0.5 0.35 0.5 0.352778 0.498437 0.355556 0.498437 0.358333 0.496875 0.361111 0.496875 0.363889 0.495313 0.366667 0.495313 0.369444 0.49375 0.372222 0.49375 0.375 0.492188 0.377778 0.492188 0.380556 0.490625 0.383333 0.490625 0.386111 0.489062 0.388889 0.489062 0.391667 0.4875 0.394444 0.4875 0.4 0.485938 0.402778 0.485938 0.405556 0.484375 0.408333 0.482812 0.408333 0.48125 0.411111 0.478125 0.411111 0.476562 0.408333 0.475 0.408333 0.473437 0.405556 0.459375 0.405556 0.457812 0.408333 0.45625 0.408333 0.454688 0.411111 0.446875 0.411111 0.446875 0.452778 0.453125 0.452778 0.454688 0.455556 0.457812 0.455556 0.467187 0.472222 0.467187 0.477778 0.46875 0.480556 0.46875 0.511111 0.470313 0.513889 0.470313 0.516667 0.46875 0.519444 0.46875 0.536111 0.467187 0.538889 0.467187 0.547222 0.465625 0.55 0.465625 0.555556 0.464063 0.558333 0.464063 0.566667 0.4625 0.569444 0.4625 0.580556 0.460938 0.583333 0.460938 0.611111 0.459375 0.613889 0.459375 0.8 0.460938 0.802778 0.460938 0.855556 0.4625 0.858333 0.4625 0.861111 0.460938 0.863889 0.460938 0.888889 0.4625 0.891667 0.4625 0.913889 0.464063 0.916667 0.464063 0.922222 0.46875 0.930556 0.470313 0.930556 0.471875 0.933333 0.4875 0.933333 0.489062 0.936111 0.490625 0.936111 0.492188 0.933333 0.5 0.933333 0.501562 0.936111 0.509375 0.936111 0.510938 0.938889 0.515625 0.938889 0.517187 0.941667 0.521875 0.941667 0.523438 0.944444 0.529688 0.944444 0.53125 0.947222 0.534375 0.947222 0.535937 0.95 0.539062 0.95 0.540625 0.952778 0.54375 0.952778 0.545313 0.955556 0.546875 0.955556 0.548437 0.958333 0.553125 0.958333 0.554688 0.961111 0.56875 0.961111 0.570312 0.963889 0.592188 0.963889 0.59375 0.966667 0.601562 0.966667 0.603125 0.963889 0.615625 0.963889 0.617188 0.966667 0.757812 0.966667 0.759375 0.963889 0.782812 0.963889 0.784375 0.961111 0.8 0.961111 0.801562 0.958333 0.810938 0.958333 0.8125 0.955556 0.83125 0.955556 0.832812 0.952778 0.851562 0.952778 0.853125 0.95 0.857813 0.95 0.859375 0.947222 0.860937 0.947222 0.8625 0.944444 0.864062 0.944444 0.865625 0.941667 0.870313 0.941667 0.871875 0.938889 0.876562 0.938889 0.88125 0.930556 0.882812 0.930556 0.885938 0.925 0.8875 0.925 0.892187 0.916667 0.89375 0.916667 0.904688 0.897222 0.904688 0.894444 0.90625 0.891667 0.90625 0.888889 0.907812 0.886111 0.907812 0.883333 0.909375 0.880556 0.909375 0.866667 0.910937 0.863889 0.910937 0.838889 0.9125 0.836111 0.9125 0.822222 0.914062 0.819444 0.914062 0.813889 0.915625 0.811111 0.920313 0.811111 0.920313 0.627778 0.915625 0.627778 0.910937 0.619444 0.910937 0.616667 0.907812 0.611111 0.907812 0.608333 0.904688 0.602778 0.904688 0.597222 0.903125 0.594444 0.903125 0.591667 0.901563 0.588889 0.901563 0.586111 0.9 0.583333 0.9 0.580556 0.898438 0.577778 0.898438 0.575 0.896875 0.572222 0.896875 0.569444 0.8875 0.552778 0.885938 0.552778 0.882812 0.547222 0.88125 0.547222 0.879687 0.544444 0.878125 0.544444 0.873438 0.536111 0.871875 0.536111 0.865625 0.525 0.864062 0.525 0.8625 0.522222 0.860937 0.522222 0.857813 0.516667 0.85625 0.516667 0.854688 0.513889 0.853125 0.513889 0.85 0.508333 0.848437 0.508333 0.846875 0.505556 0.845312 0.505556 0.84375 0.502778 0.840625 0.502778 0.839063 0.5 0.8375 0.5 0.835938 0.497222 0.832812 0.497222 0.83125 0.494444 0.829687 0.494444 0.828125 0.491667 0.826563 0.491667 0.825 0.488889 0.823438 0.488889 0.821875 0.486111 0.820312 0.486111 0.81875 0.483333 0.817187 0.483333 0.815625 0.480556 0.8125 0.480556 0.810938 0.477778 0.807813 0.477778 0.80625 0.475 0.804688 0.475 0.803125 0.472222 0.801562 0.472222 0.796875 0.463889 0.790625 0.463889 0.785937 0.455556 0.782812 0.455556 0.779688 0.45 0.779688 0.447222 0.778125 0.444444 0.778125 0.441667 0.775 0.436111 0.775 0.422222 0.776563 0.419444 0.776563 0.416667 0.770312 0.416667 0.76875 0.413889 0.764063 0.413889 0.7625 0.411111 0.760938 0.411111 0.759375 0.408333 0.757812 0.408333 0.728125 0.355556 0.726562 0.355556 0.721875 0.347222 0.720312 0.347222 0.715625 0.338889 0.714063 0.338889 0.7125 0.336111 0.710938 0.336111 0.709375 0.333333 0.707812 0.333333 0.703125 0.325 0.703125 0.316667
2 0.510938 0.316667 0.510938 0.325 0.503125 0.338889 0.503125 0.341667 0.501562 0.344444 0.501562 0.347222 0.5 0.35 0.5 0.352778 0.498437 0.355556 0.498437 0.358333 0.496875 0.361111 0.496875 0.363889 0.495313 0.366667 0.495313 0.369444 0.49375 0.372222 0.49375 0.375 0.492188 0.377778 0.492188 0.380556 0.490625 0.383333 0.490625 0.386111 0.489062 0.388889 0.489062 0.391667 0.4875 0.394444 0.4875 0.4 0.485938 0.402778 0.485938 0.405556 0.484375 0.408333 0.482812 0.408333 0.48125 0.411111 0.478125 0.411111 0.476562 0.408333 0.475 0.408333 0.473437 0.405556 0.459375 0.405556 0.457812 0.408333 0.45625 0.408333 0.454688 0.411111 0.446875 0.411111 0.446875 0.452778 0.453125 0.452778 0.454688 0.455556 0.457812 0.455556 0.467187 0.472222 0.467187 0.477778 0.46875 0.480556 0.46875 0.511111 0.470313 0.513889 0.470313 0.516667 0.46875 0.519444 0.46875 0.536111 0.467187 0.538889 0.467187 0.547222 0.465625 0.55 0.465625 0.555556 0.464063 0.558333 0.464063 0.566667 0.4625 0.569444 0.4625 0.580556 0.460938 0.583333 0.460938 0.611111 0.459375 0.613889 0.459375 0.8 0.460938 0.802778 0.460938 0.855556 0.4625 0.858333 0.4625 0.861111 0.460938 0.863889 0.460938 0.888889 0.4625 0.891667 0.4625 0.913889 0.464063 0.916667 0.464063 0.922222 0.46875 0.930556 0.470313 0.930556 0.471875 0.933333 0.4875 0.933333 0.489062 0.936111 0.490625 0.936111 0.492188 0.933333 0.5 0.933333 0.501562 0.936111 0.509375 0.936111 0.510938 0.938889 0.515625 0.938889 0.517187 0.941667 0.521875 0.941667 0.523438 0.944444 0.529688 0.944444 0.53125 0.947222 0.534375 0.947222 0.535937 0.95 0.539062 0.95 0.540625 0.952778 0.54375 0.952778 0.545313 0.955556 0.546875 0.955556 0.548437 0.958333 0.553125 0.958333 0.554688 0.961111 0.56875 0.961111 0.570312 0.963889 0.592188 0.963889 0.59375 0.966667 0.601562 0.966667 0.603125 0.963889 0.615625 0.963889 0.617188 0.966667 0.757812 0.966667 0.759375 0.963889 0.782812 0.963889 0.784375 0.961111 0.8 0.961111 0.801562 0.958333 0.810938 0.958333 0.8125 0.955556 0.83125 0.955556 0.832812 0.952778 0.851562 0.952778 0.853125 0.95 0.857813 0.95 0.859375 0.947222 0.860937 0.947222 0.8625 0.944444 0.864062 0.944444 0.865625 0.941667 0.870313 0.941667 0.871875 0.938889 0.876562 0.938889 0.88125 0.930556 0.882812 0.930556 0.885938 0.925 0.8875 0.925 0.892187 0.916667 0.89375 0.916667 0.904688 0.897222 0.904688 0.894444 0.90625 0.891667 0.90625 0.888889 0.907812 0.886111 0.907812 0.883333 0.909375 0.880556 0.909375 0.866667 0.910937 0.863889 0.910937 0.838889 0.9125 0.836111 0.9125 0.822222 0.914062 0.819444 0.914062 0.813889 0.915625 0.811111 0.920313 0.811111 0.920313 0.627778 0.915625 0.627778 0.910937 0.619444 0.910937 0.616667 0.907812 0.611111 0.907812 0.608333 0.904688 0.602778 0.904688 0.597222 0.903125 0.594444 0.903125 0.591667 0.901563 0.588889 0.901563 0.586111 0.9 0.583333 0.9 0.580556 0.898438 0.577778 0.898438 0.575 0.896875 0.572222 0.896875 0.569444 0.8875 0.552778 0.885938 0.552778 0.882812 0.547222 0.88125 0.547222 0.879687 0.544444 0.878125 0.544444 0.873438 0.536111 0.871875 0.536111 0.865625 0.525 0.864062 0.525 0.8625 0.522222 0.860937 0.522222 0.857813 0.516667 0.85625 0.516667 0.854688 0.513889 0.853125 0.513889 0.85 0.508333 0.848437 0.508333 0.846875 0.505556 0.845312 0.505556 0.84375 0.502778 0.840625 0.502778 0.839063 0.5 0.8375 0.5 0.835938 0.497222 0.832812 0.497222 0.83125 0.494444 0.829687 0.494444 0.828125 0.491667 0.826563 0.491667 0.825 0.488889 0.823438 0.488889 0.821875 0.486111 0.820312 0.486111 0.81875 0.483333 0.817187 0.483333 0.815625 0.480556 0.8125 0.480556 0.810938 0.477778 0.807813 0.477778 0.80625 0.475 0.804688 0.475 0.803125 0.472222 0.801562 0.472222 0.796875 0.463889 0.790625 0.463889 0.785937 0.455556 0.782812 0.455556 0.779688 0.45 0.779688 0.447222 0.778125 0.444444 0.778125 0.441667 0.775 0.436111 0.775 0.422222 0.776563 0.419444 0.776563 0.416667 0.770312 0.416667 0.76875 0.413889 0.764063 0.413889 0.7625 0.411111 0.760938 0.411111 0.759375 0.408333 0.757812 0.408333 0.728125 0.355556 0.726562 0.355556 0.721875 0.347222 0.720312 0.347222 0.715625 0.338889 0.714063 0.338889 0.7125 0.336111 0.710938 0.336111 0.709375 0.333333 0.707812 0.333333 0.703125 0.325 0.703125 0.316667
0 0.314063 0.216667 0.314063 0.225 0.3 0.25 0.3 0.252778 0.298438 0.255556 0.298438 0.258333 0.295312 0.263889 0.295312 0.266667 0.29375 0.269444 0.29375 0.272222 0.292188 0.275 0.292188 0.283333 0.290625 0.286111 0.290625 0.291667 0.289062 0.294444 0.289062 0.297222 0.28125 0.311111 0.279687 0.311111 0.275 0.319444 0.275 0.322222 0.264062 0.341667 0.2625 0.341667 0.260938 0.344444 0.259375 0.344444 0.257812 0.347222 0.25625 0.347222 0.253125 0.352778 0.251563 0.352778 0.242188 0.369444 0.242188 0.372222 0.239063 0.377778 0.239063 0.380556 0.235938 0.386111 0.235938 0.388889 0.232812 0.394444 0.228125 0.394444 0.228125 0.5 0.232812 0.5 0.234375 0.502778 0.234375 0.513889 0.235938 0.516667 0.235938 0.527778 0.2375 0.530556 0.2375 0.536111 0.239063 0.538889 0.239063 0.544444 0.240625 0.547222 0.240625 0.563889 0.242188 0.566667 0.242188 0.591667 0.240625 0.594444 0.240625 0.605556 0.242188 0.608333 0.242188 0.611111 0.24375 0.613889 0.24375 0.616667 0.245312 0.619444 0.245312 0.622222 0.246875 0.625 0.246875 0.627778 0.248437 0.630556 0.248437 0.647222 0.25 0.65 0.25 0.675 0.251563 0.677778 0.251563 0.688889 0.253125 0.691667 0.253125 0.705556 0.254687 0.708333 0.254687 0.716667 0.25625 0.719444 0.25625 0.725 0.257812 0.727778 0.257812 0.733333 0.259375 0.736111 0.259375 0.744444 0.260938 0.747222 0.260938 0.763889 0.2625 0.766667 0.2625 0.783333 0.264062 0.786111 0.264062 0.811111 0.265625 0.813889 0.265625 0.841667 0.267188 0.844444 0.267188 0.863889 0.26875 0.866667 0.26875 0.883333 0.270312 0.886111 0.270312 0.897222 0.271875 0.9 0.271875 0.911111 0.273438 0.913889 0.273438 0.927778 0.275 0.930556 0.275 1 0.370313 1 0.370313 0.983333 0.36875 0.980556 0.36875 0.977778 0.367188 0.975 0.367188 0.972222 0.365625 0.969444 0.365625 0.966667 0.364062 0.963889 0.364062 0.919444 0.365625 0.916667 0.365625 0.902778 0.367188 0.9 0.367188 0.877778 0.36875 0.875 0.36875 0.825 0.367188 0.822222 0.367188 0.725 0.365625 0.722222 0.365625 0.702778 0.364062 0.7 0.364062 0.669444 0.365625 0.666667 0.376563 0.666667 0.378125 0.669444 0.38125 0.669444 0.382812 0.672222 0.3875 0.672222 0.389062 0.675 0.396875 0.675 0.398438 0.677778 0.407813 0.677778 0.410937 0.672222 0.410937 0.655556 0.409375 0.652778 0.409375 0.65 0.407813 0.647222 0.40625 0.647222 0.403125 0.641667 0.401563 0.641667 0.398438 0.636111 0.398438 0.627778 0.401563 0.622222 0.403125 0.622222 0.4125 0.605556 0.4125 0.588889 0.410937 0.586111 0.410937 0.580556 0.407813 0.575 0.407813 0.566667 0.409375 0.563889 0.409375 0.561111 0.415625 0.55 0.420312 0.55 0.420312 0.547222 0.414062 0.547222 0.4125 0.544444 0.389062 0.544444 0.378125 0.525 0.376563 0.525 0.36875 0.511111 0.36875 0.508333 0.365625 0.502778 0.365625 0.497222 0.364062 0.494444 0.364062 0.491667 0.3625 0.488889 0.3625 0.475 0.360938 0.472222 0.360938 0.458333 0.359375 0.455556 0.359375 0.447222 0.357812 0.444444 0.357812 0.438889 0.35625 0.436111 0.35625 0.433333 0.354688 0.430556 0.354688 0.425 0.353125 0.422222 0.353125 0.416667 0.351562 0.413889 0.351562 0.408333 0.35 0.405556 0.35 0.4 0.348437 0.397222 0.348437 0.391667 0.346875 0.388889 0.346875 0.383333 0.345313 0.380556 0.345313 0.369444 0.348437 0.363889 0.348437 0.361111 0.353125 0.352778 0.354688 0.352778 0.357812 0.347222 0.357812 0.333333 0.359375 0.330556 0.359375 0.319444 0.360938 0.316667 0.360938 0.311111 0.3625 0.308333 0.3625 0.302778 0.364062 0.3 0.364062 0.291667 0.365625 0.288889 0.365625 0.286111 0.367188 0.283333 0.367188 0.266667 0.365625 0.263889 0.365625 0.261111 0.364062 0.258333 0.364062 0.255556 0.3625 0.252778 0.3625 0.25 0.348437 0.225 0.348437 0.216667
7 0.510938 0.316667 0.510938 0.325 0.503125 0.338889 0.503125 0.341667 0.501562 0.344444 0.501562 0.347222 0.5 0.35 0.5 0.352778 0.498437 0.355556 0.498437 0.358333 0.496875 0.361111 0.496875 0.363889 0.495313 0.366667 0.495313 0.369444 0.49375 0.372222 0.49375 0.375 0.492188 0.377778 0.492188 0.380556 0.490625 0.383333 0.490625 0.386111 0.489062 0.388889 0.489062 0.391667 0.4875 0.394444 0.4875 0.4 0.485938 0.402778 0.485938 0.405556 0.484375 0.408333 0.482812 0.408333 0.48125 0.411111 0.478125 0.411111 0.476562 0.408333 0.475 0.408333 0.473437 0.405556 0.459375 0.405556 0.457812 0.408333 0.45625 0.408333 0.454688 0.411111 0.446875 0.411111 0.446875 0.452778 0.453125 0.452778 0.454688 0.455556 0.457812 0.455556 0.467187 0.472222 0.467187 0.477778 0.46875 0.480556 0.46875 0.511111 0.470313 0.513889 0.470313 0.516667 0.46875 0.519444 0.46875 0.536111 0.467187 0.538889 0.467187 0.547222 0.465625 0.55 0.465625 0.555556 0.464063 0.558333 0.464063 0.566667 0.4625 0.569444 0.4625 0.580556 0.460938 0.583333 0.460938 0.611111 0.459375 0.613889 0.459375 0.8 0.460938 0.802778 0.460938 0.855556 0.4625 0.858333 0.4625 0.861111 0.460938 0.863889 0.460938 0.888889 0.4625 0.891667 0.4625 0.913889 0.464063 0.916667 0.464063 0.922222 0.46875 0.930556 0.470313 0.930556 0.471875 0.933333 0.4875 0.933333 0.489062 0.936111 0.490625 0.936111 0.492188 0.933333 0.5 0.933333 0.501562 0.936111 0.509375 0.936111 0.510938 0.938889 0.515625 0.938889 0.517187 0.941667 0.521875 0.941667 0.523438 0.944444 0.529688 0.944444 0.53125 0.947222 0.534375 0.947222 0.535937 0.95 0.539062 0.95 0.540625 0.952778 0.54375 0.952778 0.545313 0.955556 0.546875 0.955556 0.548437 0.958333 0.553125 0.958333 0.554688 0.961111 0.56875 0.961111 0.570312 0.963889 0.592188 0.963889 0.59375 0.966667 0.601562 0.966667 0.603125 0.963889 0.615625 0.963889 0.617188 0.966667 0.757812 0.966667 0.759375 0.963889 0.782812 0.963889 0.784375 0.961111 0.8 0.961111 0.801562 0.958333 0.810938 0.958333 0.8125 0.955556 0.83125 0.955556 0.832812 0.952778 0.851562 0.952778 0.853125 0.95 0.857813 0.95 0.859375 0.947222 0.860937 0.947222 0.8625 0.944444 0.864062 0.944444 0.865625 0.941667 0.870313 0.941667 0.871875 0.938889 0.876562 0.938889 0.88125 0.930556 0.882812 0.930556 0.885938 0.925 0.8875 0.925 0.892187 0.916667 0.89375 0.916667 0.904688 0.897222 0.904688 0.894444 0.90625 0.891667 0.90625 0.888889 0.907812 0.886111 0.907812 0.883333 0.909375 0.880556 0.909375 0.866667 0.910937 0.863889 0.910937 0.838889 0.9125 0.836111 0.9125 0.822222 0.914062 0.819444 0.914062 0.813889 0.915625 0.811111 0.920313 0.811111 0.920313 0.627778 0.915625 0.627778 0.910937 0.619444 0.910937 0.616667 0.907812 0.611111 0.907812 0.608333 0.904688 0.602778 0.904688 0.597222 0.903125 0.594444 0.903125 0.591667 0.901563 0.588889 0.901563 0.586111 0.9 0.583333 0.9 0.580556 0.898438 0.577778 0.898438 0.575 0.896875 0.572222 0.896875 0.569444 0.8875 0.552778 0.885938 0.552778 0.882812 0.547222 0.88125 0.547222 0.879687 0.544444 0.878125 0.544444 0.873438 0.536111 0.871875 0.536111 0.865625 0.525 0.864062 0.525 0.8625 0.522222 0.860937 0.522222 0.857813 0.516667 0.85625 0.516667 0.854688 0.513889 0.853125 0.513889 0.85 0.508333 0.848437 0.508333 0.846875 0.505556 0.845312 0.505556 0.84375 0.502778 0.840625 0.502778 0.839063 0.5 0.8375 0.5 0.835938 0.497222 0.832812 0.497222 0.83125 0.494444 0.829687 0.494444 0.828125 0.491667 0.826563 0.491667 0.825 0.488889 0.823438 0.488889 0.821875 0.486111 0.820312 0.486111 0.81875 0.483333 0.817187 0.483333 0.815625 0.480556 0.8125 0.480556 0.810938 0.477778 0.807813 0.477778 0.80625 0.475 0.804688 0.475 0.803125 0.472222 0.801562 0.472222 0.796875 0.463889 0.790625 0.463889 0.785937 0.455556 0.782812 0.455556 0.779688 0.45 0.779688 0.447222 0.778125 0.444444 0.778125 0.441667 0.775 0.436111 0.775 0.422222 0.776563 0.419444 0.776563 0.416667 0.770312 0.416667 0.76875 0.413889 0.764063 0.413889 0.7625 0.411111 0.760938 0.411111 0.759375 0.408333 0.757812 0.408333 0.728125 0.355556 0.726562 0.355556 0.721875 0.347222 0.720312 0.347222 0.715625 0.338889 0.714063 0.338889 0.7125 0.336111 0.710938 0.336111 0.709375 0.333333 0.707812 0.333333 0.703125 0.325 0.703125 0.316667
2 0.510938 0.316667 0.510938 0.325 0.503125 0.338889 0.503125 0.341667 0.501562 0.344444 0.501562 0.347222 0.5 0.35 0.5 0.352778 0.498437 0.355556 0.498437 0.358333 0.496875 0.361111 0.496875 0.363889 0.495313 0.366667 0.495313 0.369444 0.49375 0.372222 0.49375 0.375 0.492188 0.377778 0.492188 0.380556 0.490625 0.383333 0.490625 0.386111 0.489062 0.388889 0.489062 0.391667 0.4875 0.394444 0.4875 0.4 0.485938 0.402778 0.485938 0.405556 0.484375 0.408333 0.482812 0.408333 0.48125 0.411111 0.478125 0.411111 0.476562 0.408333 0.475 0.408333 0.473437 0.405556 0.459375 0.405556 0.457812 0.408333 0.45625 0.408333 0.454688 0.411111 0.446875 0.411111 0.446875 0.452778 0.453125 0.452778 0.454688 0.455556 0.457812 0.455556 0.467187 0.472222 0.467187 0.477778 0.46875 0.480556 0.46875 0.511111 0.470313 0.513889 0.470313 0.516667 0.46875 0.519444 0.46875 0.536111 0.467187 0.538889 0.467187 0.547222 0.465625 0.55 0.465625 0.555556 0.464063 0.558333 0.464063 0.566667 0.4625 0.569444 0.4625 0.580556 0.460938 0.583333 0.460938 0.611111 0.459375 0.613889 0.459375 0.8 0.460938 0.802778 0.460938 0.855556 0.4625 0.858333 0.4625 0.861111 0.460938 0.863889 0.460938 0.888889 0.4625 0.891667 0.4625 0.913889 0.464063 0.916667 0.464063 0.922222 0.46875 0.930556 0.470313 0.930556 0.471875 0.933333 0.4875 0.933333 0.489062 0.936111 0.490625 0.936111 0.492188 0.933333 0.5 0.933333 0.501562 0.936111 0.509375 0.936111 0.510938 0.938889 0.515625 0.938889 0.517187 0.941667 0.521875 0.941667 0.523438 0.944444 0.529688 0.944444 0.53125 0.947222 0.534375 0.947222 0.535937 0.95 0.539062 0.95 0.540625 0.952778 0.54375 0.952778 0.545313 0.955556 0.546875 0.955556 0.548437 0.958333 0.553125 0.958333 0.554688 0.961111 0.56875 0.961111 0.570312 0.963889 0.592188 0.963889 0.59375 0.966667 0.601562 0.966667 0.603125 0.963889 0.615625 0.963889 0.617188 0.966667 0.757812 0.966667 0.759375 0.963889 0.782812 0.963889 0.784375 0.961111 0.8 0.961111 0.801562 0.958333 0.810938 0.958333 0.8125 0.955556 0.83125 0.955556 0.832812 0.952778 0.851562 0.952778 0.853125 0.95 0.857813 0.95 0.859375 0.947222 0.860937 0.947222 0.8625 0.944444 0.864062 0.944444 0.865625 0.941667 0.870313 0.941667 0.871875 0.938889 0.876562 0.938889 0.88125 0.930556 0.882812 0.930556 0.885938 0.925 0.8875 0.925 0.892187 0.916667 0.89375 0.916667 0.904688 0.897222 0.904688 0.894444 0.90625 0.891667 0.90625 0.888889 0.907812 0.886111 0.907812 0.883333 0.909375 0.880556 0.909375 0.866667 0.910937 0.863889 0.910937 0.838889 0.9125 0.836111 0.9125 0.822222 0.914062 0.819444 0.914062 0.813889 0.915625 0.811111 0.920313 0.811111 0.920313 0.627778 0.915625 0.627778 0.910937 0.619444 0.910937 0.616667 0.907812 0.611111 0.907812 0.608333 0.904688 0.602778 0.904688 0.597222 0.903125 0.594444 0.903125 0.591667 0.901563 0.588889 0.901563 0.586111 0.9 0.583333 0.9 0.580556 0.898438 0.577778 0.898438 0.575 0.896875 0.572222 0.896875 0.569444 0.8875 0.552778 0.885938 0.552778 0.882812 0.547222 0.88125 0.547222 0.879687 0.544444 0.878125 0.544444 0.873438 0.536111 0.871875 0.536111 0.865625 0.525 0.864062 0.525 0.8625 0.522222 0.860937 0.522222 0.857813 0.516667 0.85625 0.516667 0.854688 0.513889 0.853125 0.513889 0.85 0.508333 0.848437 0.508333 0.846875 0.505556 0.845312 0.505556 0.84375 0.502778 0.840625 0.502778 0.839063 0.5 0.8375 0.5 0.835938 0.497222 0.832812 0.497222 0.83125 0.494444 0.829687 0.494444 0.828125 0.491667 0.826563 0.491667 0.825 0.488889 0.823438 0.488889 0.821875 0.486111 0.820312 0.486111 0.81875 0.483333 0.817187 0.483333 0.815625 0.480556 0.8125 0.480556 0.810938 0.477778 0.807813 0.477778 0.80625 0.475 0.804688 0.475 0.803125 0.472222 0.801562 0.472222 0.796875 0.463889 0.790625 0.463889 0.785937 0.455556 0.782812 0.455556 0.779688 0.45 0.779688 0.447222 0.778125 0.444444 0.778125 0.441667 0.775 0.436111 0.775 0.422222 0.776563 0.419444 0.776563 0.416667 0.770312 0.416667 0.76875 0.413889 0.764063 0.413889 0.7625 0.411111 0.760938 0.411111 0.759375 0.408333 0.757812 0.408333 0.728125 0.355556 0.726562 0.355556 0.721875 0.347222 0.720312 0.347222 0.715625 0.338889 0.714063 0.338889 0.7125 0.336111 0.710938 0.336111 0.709375 0.333333 0.707812 0.333333 0.703125 0.325 0.703125 0.316667
0 0.314063 0.216667 0.314063 0.225 0.3 0.25 0.3 0.252778 0.298438 0.255556 0.298438 0.258333 0.295312 0.263889 0.295312 0.266667 0.29375 0.269444 0.29375 0.272222 0.292188 0.275 0.292188 0.283333 0.290625 0.286111 0.290625 0.291667 0.289062 0.294444 0.289062 0.297222 0.28125 0.311111 0.279687 0.311111 0.275 0.319444 0.275 0.322222 0.264062 0.341667 0.2625 0.341667 0.260938 0.344444 0.259375 0.344444 0.257812 0.347222 0.25625 0.347222 0.253125 0.352778 0.251563 0.352778 0.242188 0.369444 0.242188 0.372222 0.239063 0.377778 0.239063 0.380556 0.235938 0.386111 0.235938 0.388889 0.232812 0.394444 0.228125 0.394444 0.228125 0.5 0.232812 0.5 0.234375 0.502778 0.234375 0.513889 0.235938 0.516667 0.235938 0.527778 0.2375 0.530556 0.2375 0.536111 0.239063 0.538889 0.239063 0.544444 0.240625 0.547222 0.240625 0.563889 0.242188 0.566667 0.242188 0.591667 0.240625 0.594444 0.240625 0.605556 0.242188 0.608333 0.242188 0.611111 0.24375 0.613889 0.24375 0.616667 0.245312 0.619444 0.245312 0.622222 0.246875 0.625 0.246875 0.627778 0.248437 0.630556 0.248437 0.647222 0.25 0.65 0.25 0.675 0.251563 0.677778 0.251563 0.688889 0.253125 0.691667 0.253125 0.705556 0.254687 0.708333 0.254687 0.716667 0.25625 0.719444 0.25625 0.725 0.257812 0.727778 0.257812 0.733333 0.259375 0.736111 0.259375 0.744444 0.260938 0.747222 0.260938 0.763889 0.2625 0.766667 0.2625 0.783333 0.264062 0.786111 0.264062 0.811111 0.265625 0.813889 0.265625 0.841667 0.267188 0.844444 0.267188 0.863889 0.26875 0.866667 0.26875 0.883333 0.270312 0.886111 0.270312 0.897222 0.271875 0.9 0.271875 0.911111 0.273438 0.913889 0.273438 0.927778 0.275 0.930556 0.275 1 0.370313 1 0.370313 0.983333 0.36875 0.980556 0.36875 0.977778 0.367188 0.975 0.367188 0.972222 0.365625 0.969444 0.365625 0.966667 0.364062 0.963889 0.364062 0.919444 0.365625 0.916667 0.365625 0.902778 0.367188 0.9 0.367188 0.877778 0.36875 0.875 0.36875 0.825 0.367188 0.822222 0.367188 0.725 0.365625 0.722222 0.365625 0.702778 0.364062 0.7 0.364062 0.669444 0.365625 0.666667 0.376563 0.666667 0.378125 0.669444 0.38125 0.669444 0.382812 0.672222 0.3875 0.672222 0.389062 0.675 0.396875 0.675 0.398438 0.677778 0.407813 0.677778 0.410937 0.672222 0.410937 0.655556 0.409375 0.652778 0.409375 0.65 0.407813 0.647222 0.40625 0.647222 0.403125 0.641667 0.401563 0.641667 0.398438 0.636111 0.398438 0.627778 0.401563 0.622222 0.403125 0.622222 0.4125 0.605556 0.4125 0.588889 0.410937 0.586111 0.410937 0.580556 0.407813 0.575 0.407813 0.566667 0.409375 0.563889 0.409375 0.561111 0.415625 0.55 0.420312 0.55 0.420312 0.547222 0.414062 0.547222 0.4125 0.544444 0.389062 0.544444 0.378125 0.525 0.376563 0.525 0.36875 0.511111 0.36875 0.508333 0.365625 0.502778 0.365625 0.497222 0.364062 0.494444 0.364062 0.491667 0.3625 0.488889 0.3625 0.475 0.360938 0.472222 0.360938 0.458333 0.359375 0.455556 0.359375 0.447222 0.357812 0.444444 0.357812 0.438889 0.35625 0.436111 0.35625 0.433333 0.354688 0.430556 0.354688 0.425 0.353125 0.422222 0.353125 0.416667 0.351562 0.413889 0.351562 0.408333 0.35 0.405556 0.35 0.4 0.348437 0.397222 0.348437 0.391667 0.346875 0.388889 0.346875 0.383333 0.345313 0.380556 0.345313 0.369444 0.348437 0.363889 0.348437 0.361111 0.353125 0.352778 0.354688 0.352778 0.357812 0.347222 0.357812 0.333333 0.359375 0.330556 0.359375 0.319444 0.360938 0.316667 0.360938 0.311111 0.3625 0.308333 0.3625 0.302778 0.364062 0.3 0.364062 0.291667 0.365625 0.288889 0.365625 0.286111 0.367188 0.283333 0.367188 0.266667 0.365625 0.263889 0.365625 0.261111 0.364062 0.258333 0.364062 0.255556 0.3625 0.252778 0.3625 0.25 0.348437 0.225 0.348437 0.216667
7 0.510938 0.316667 0.510938 0.325 0.503125 0.338889 0.503125 0.341667 0.501562 0.344444 0.501562 0.347222 0.5 0.35 0.5 0.352778 0.498437 0.355556 0.498437 0.358333 0.496875 0.361111 0.496875 0.363889 0.495313 0.366667 0.495313 0.369444 0.49375 0.372222 0.49375 0.375 0.492188 0.377778 0.492188 0.380556 0.490625 0.383333 0.490625 0.386111 0.489062 0.388889 0.489062 0.391667 0.4875 0.394444 0.4875 0.4 0.485938 0.402778 0.485938 0.405556 0.484375 0.408333 0.482812 0.408333 0.48125 0.411111 0.478125 0.411111 0.476562 0.408333 0.475 0.408333 0.473437 0.405556 0.459375 0.405556 0.457812 0.408333 0.45625 0.408333 0.454688 0.411111 0.446875 0.411111 0.446875 0.452778 0.453125 0.452778 0.454688 0.455556 0.457812 0.455556 0.467187 0.472222 0.467187 0.477778 0.46875 0.480556 0.46875 0.511111 0.470313 0.513889 0.470313 0.516667 0.46875 0.519444 0.46875 0.536111 0.467187 0.538889 0.467187 0.547222 0.465625 0.55 0.465625 0.555556 0.464063 0.558333 0.464063 0.566667 0.4625 0.569444 0.4625 0.580556 0.460938 0.583333 0.460938 0.611111 0.459375 0.613889 0.459375 0.8 0.460938 0.802778 0.460938 0.855556 0.4625 0.858333 0.4625 0.861111 0.460938 0.863889 0.460938 0.888889 0.4625 0.891667 0.4625 0.913889 0.464063 0.916667 0.464063 0.922222 0.46875 0.930556 0.470313 0.930556 0.471875 0.933333 0.4875 0.933333 0.489062 0.936111 0.490625 0.936111 0.492188 0.933333 0.5 0.933333 0.501562 0.936111 0.509375 0.936111 0.510938 0.938889 0.515625 0.938889 0.517187 0.941667 0.521875 0.941667 0.523438 0.944444 0.529688 0.944444 0.53125 0.947222 0.534375 0.947222 0.535937 0.95 0.539062 0.95 0.540625 0.952778 0.54375 0.952778 0.545313 0.955556 0.546875 0.955556 0.548437 0.958333 0.553125 0.958333 0.554688 0.961111 0.56875 0.961111 0.570312 0.963889 0.592188 0.963889 0.59375 0.966667 0.601562 0.966667 0.603125 0.963889 0.615625 0.963889 0.617188 0.966667 0.757812 0.966667 0.759375 0.963889 0.782812 0.963889 0.784375 0.961111 0.8 0.961111 0.801562 0.958333 0.810938 0.958333 0.8125 0.955556 0.83125 0.955556 0.832812 0.952778 0.851562 0.952778 0.853125 0.95 0.857813 0.95 0.859375 0.947222 0.860937 0.947222 0.8625 0.944444 0.864062 0.944444 0.865625 0.941667 0.870313 0.941667 0.871875 0.938889 0.876562 0.938889 0.88125 0.930556 0.882812 0.930556 0.885938 0.925 0.8875 0.925 0.892187 0.916667 0.89375 0.916667 0.904688 0.897222 0.904688 0.894444 0.90625 0.891667 0.90625 0.888889 0.907812 0.886111 0.907812 0.883333 0.909375 0.880556 0.909375 0.866667 0.910937 0.863889 0.910937 0.838889 0.9125 0.836111 0.9125 0.822222 0.914062 0.819444 0.914062 0.813889 0.915625 0.811111 0.920313 0.811111 0.920313 0.627778 0.915625 0.627778 0.910937 0.619444 0.910937 0.616667 0.907812 0.611111 0.907812 0.608333 0.904688 0.602778 0.904688 0.597222 0.903125 0.594444 0.903125 0.591667 0.901563 0.588889 0.901563 0.586111 0.9 0.583333 0.9 0.580556 0.898438 0.577778 0.898438 0.575 0.896875 0.572222 0.896875 0.569444 0.8875 0.552778 0.885938 0.552778 0.882812 0.547222 0.88125 0.547222 0.879687 0.544444 0.878125 0.544444 0.873438 0.536111 0.871875 0.536111 0.865625 0.525 0.864062 0.525 0.8625 0.522222 0.860937 0.522222 0.857813 0.516667 0.85625 0.516667 0.854688 0.513889 0.853125 0.513889 0.85 0.508333 0.848437 0.508333 0.846875 0.505556 0.845312 0.505556 0.84375 0.502778 0.840625 0.502778 0.839063 0.5 0.8375 0.5 0.835938 0.497222 0.832812 0.497222 0.83125 0.494444 0.829687 0.494444 0.828125 0.491667 0.826563 0.491667 0.825 0.488889 0.823438 0.488889 0.821875 0.486111 0.820312 0.486111 0.81875 0.483333 0.817187 0.483333 0.815625 0.480556 0.8125 0.480556 0.810938 0.477778 0.807813 0.477778 0.80625 0.475 0.804688 0.475 0.803125 0.472222 0.801562 0.472222 0.796875 0.463889 0.790625 0.463889 0.785937 0.455556 0.782812 0.455556 0.779688 0.45 0.779688 0.447222 0.778125 0.444444 0.778125 0.441667 0.775 0.436111 0.775 0.422222 0.776563 0.419444 0.776563 0.416667 0.770312 0.416667 0.76875 0.413889 0.764063 0.413889 0.7625 0.411111 0.760938 0.411111 0.759375 0.408333 0.757812 0.408333 0.728125 0.355556 0.726562 0.355556 0.721875 0.347222 0.720312 0.347222 0.715625 0.338889 0.714063 0.338889 0.7125 0.336111 0.710938 0.336111 0.709375 0.333333 0.707812 0.333333 0.703125 0.325 0.703125 0.316667
2 0.510938 0.316667 0.510938 0.325 0.503125 0.338889 0.503125 0.341667 0.501562 0.344444 0.501562 0.347222 0.5 0.35 0.5 0.352778 0.498437 0.355556 0.498437 0.358333 0.496875 0.361111 0.496875 0.363889 0.495313 0.366667 0.495313 0.369444 0.49375 0.372222 0.49375 0.375 0.492188 0.377778 0.492188 0.380556 0.490625 0.383333 0.490625 0.386111 0.489062 0.388889 0.489062 0.391667 0.4875 0.394444 0.4875 0.4 0.485938 0.402778 0.485938 0.405556 0.484375 0.408333 0.482812 0.408333 0.48125 0.411111 0.478125 0.411111 0.476562 0.408333 0.475 0.408333 0.473437 0.405556 0.459375 0.405556 0.457812 0.408333 0.45625 0.408333 0.454688 0.411111 0.446875 0.411111 0.446875 0.452778 0.453125 0.452778 0.454688 0.455556 0.457812 0.455556 0.467187 0.472222 0.467187 0.477778 0.46875 0.480556 0.46875 0.511111 0.470313 0.513889 0.470313 0.516667 0.46875 0.519444 0.46875 0.536111 0.467187 0.538889 0.467187 0.547222 0.465625 0.55 0.465625 0.555556 0.464063 0.558333 0.464063 0.566667 0.4625 0.569444 0.4625 0.580556 0.460938 0.583333 0.460938 0.611111 0.459375 0.613889 0.459375 0.8 0.460938 0.802778 0.460938 0.855556 0.4625 0.858333 0.4625 0.861111 0.460938 0.863889 0.460938 0.888889 0.4625 0.891667 0.4625 0.913889 0.464063 0.916667 0.464063 0.922222 0.46875 0.930556 0.470313 0.930556 0.471875 0.933333 0.4875 0.933333 0.489062 0.936111 0.490625 0.936111 0.492188 0.933333 0.5 0.933333 0.501562 0.936111 0.509375 0.936111 0.510938 0.938889 0.515625 0.938889 0.517187 0.941667 0.521875 0.941667 0.523438 0.944444 0.529688 0.944444 0.53125 0.947222 0.534375 0.947222 0.535937 0.95 0.539062 0.95 0.540625 0.952778 0.54375 0.952778 0.545313 0.955556 0.546875 0.955556 0.548437 0.958333 0.553125 0.958333 0.554688 0.961111 0.56875 0.961111 0.570312 0.963889 0.592188 0.963889 0.59375 0.966667 0.601562 0.966667 0.603125 0.963889 0.615625 0.963889 0.617188 0.966667 0.757812 0.966667 0.759375 0.963889 0.782812 0.963889 0.784375 0.961111 0.8 0.961111 0.801562 0.958333 0.810938 0.958333 0.8125 0.955556 0.83125 0.955556 0.832812 0.952778 0.851562 0.952778 0.853125 0.95 0.857813 0.95 0.859375 0.947222 0.860937 0.947222 0.8625 0.944444 0.864062 0.944444 0.865625 0.941667 0.870313 0.941667 0.871875 0.938889 0.876562 0.938889 0.88125 0.930556 0.882812 0.930556 0.885938 0.925 0.8875 0.925 0.892187 0.916667 0.89375 0.916667 0.904688 0.897222 0.904688 0.894444 0.90625 0.891667 0.90625 0.888889 0.907812 0.886111 0.907812 0.883333 0.909375 0.880556 0.909375 0.866667 0.910937 0.863889 0.910937 0.838889 0.9125 0.836111 0.9125 0.822222 0.914062 0.819444 0.914062 0.813889 0.915625 0.811111 0.920313 0.811111 0.920313 0.627778 0.915625 0.627778 0.910937 0.619444 0.910937 0.616667 0.907812 0.611111 0.907812 0.608333 0.904688 0.602778 0.904688 0.597222 0.903125 0.594444 0.903125 0.591667 0.901563 0.588889 0.901563 0.586111 0.9 0.583333 0.9 0.580556 0.898438 0.577778 0.898438 0.575 0.896875 0.572222 0.896875 0.569444 0.8875 0.552778 0.885938 0.552778 0.882812 0.547222 0.88125 0.547222 0.879687 0.544444 0.878125 0.544444 0.873438 0.536111 0.871875 0.536111 0.865625 0.525 0.864062 0.525 0.8625 0.522222 0.860937 0.522222 0.857813 0.516667 0.85625 0.516667 0.854688 0.513889 0.853125 0.513889 0.85 0.508333 0.848437 0.508333 0.846875 0.505556 0.845312 0.505556 0.84375 0.502778 0.840625 0.502778 0.839063 0.5 0.8375 0.5 0.835938 0.497222 0.832812 0.497222 0.83125 0.494444 0.829687 0.494444 0.828125 0.491667 0.826563 0.491667 0.825 0.488889 0.823438 0.488889 0.821875 0.486111 0.820312 0.486111 0.81875 0.483333 0.817187 0.483333 0.815625 0.480556 0.8125 0.480556 0.810938 0.477778 0.807813 0.477778 0.80625 0.475 0.804688 0.475 0.803125 0.472222 0.801562 0.472222 0.796875 0.463889 0.790625 0.463889 0.785937 0.455556 0.782812 0.455556 0.779688 0.45 0.779688 0.447222 0.778125 0.444444 0.778125 0.441667 0.775 0.436111 0.775 0.422222 0.776563 0.419444 0.776563 0.416667 0.770312 0.416667 0.76875 0.413889 0.764063 0.413889 0.7625 0.411111 0.760938 0.411111 0.759375 0.408333 0.757812 0.408333 0.728125 0.355556 0.726562 0.355556 0.721875 0.347222 0.720312 0.347222 0.715625 0.338889 0.714063 0.338889 0.7125 0.336111 0.710938 0.336111 0.709375 0.333333 0.707812 0.333333 0.703125 0.325 0.703125 0.316667
