0 0.703125 0.238889 0.703125 0.247222 0.695312 0.261111 0.69375 0.261111 0.6875 0.272222 0.685938 0.272222 0.684375 0.275 0.684375 0.277778 0.682813 0.280556 0.682813 0.283333 0.679688 0.288889 0.679688 0.291667 0.678125 0.294444 0.678125 0.302778 0.676562 0.305556 0.676562 0.313889 0.675 0.316667 0.675 0.327778 0.673437 0.330556 0.673437 0.35 0.671875 0.352778 0.671875 0.358333 0.670313 0.361111 0.670313 0.366667 0.66875 0.369444 0.66875 0.375 0.667188 0.377778 0.667188 0.386111 0.665625 0.388889 0.665625 0.397222 0.667188 0.4 0.667188 0.433333 0.66875 0.436111 0.66875 0.447222 0.670313 0.45 0.670313 0.461111 0.671875 0.463889 0.671875 0.477778 0.673437 0.480556 0.657812 0.508333 0.657812 0.511111 0.648438 0.527778 0.646875 0.527778 0.646875 0.530556 0.64375 0.536111 0.642187 0.536111 0.6375 0.544444 0.6375 0.547222 0.635938 0.55 0.635938 0.552778 0.63125 0.561111 0.63125 0.563889 0.629687 0.566667 0.629687 0.569444 0.628125 0.572222 0.628125 0.575 0.621875 0.586111 0.621875 0.588889 0.620313 0.591667 0.620313 0.594444 0.617188 0.6 0.617188 0.602778 0.614062 0.608333 0.614062 0.611111 0.609375 0.619444 0.607813 0.619444 0.604688 0.625 0.603125 0.625 0.596875 0.636111 0.596875 0.638889 0.595312 0.641667 0.595312 0.647222 0.59375 0.65 0.59375 0.655556 0.592188 0.658333 0.592188 0.663889 0.590625 0.666667 0.590625 0.669444 0.589063 0.672222 0.589063 0.675 0.5875 0.677778 0.5875 0.683333 0.585938 0.686111 0.585938 0.688889 0.584375 0.691667 0.584375 0.694444 0.58125 0.7 0.58125 0.702778 0.579687 0.705556 0.579687 0.713889 0.578125 0.716667 0.578125 0.719444 0.576563 0.722222 0.571875 0.722222 0.571875 0.813889 0.576563 0.813889 0.58125 0.822222 0.582812 0.822222 0.5875 0.830556 0.589063 0.830556 0.592188 0.836111 0.59375 0.836111 0.595312 0.838889 0.598437 0.838889 0.6 0.841667 0.601562 0.841667 0.603125 0.844444 0.60625 0.844444 0.607813 0.847222 0.610937 0.847222 0.6125 0.85 0.614062 0.85 0.615625 0.852778 0.615625 0.855556 0.617188 0.858333 0.617188 0.861111 0.61875 0.863889 0.61875 0.866667 0.620313 0.869444 0.620313 0.872222 0.621875 0.875 0.621875 0.877778 0.623438 0.880556 0.623438 0.886111 0.625 0.888889 0.625 0.897222 0.626562 0.9 0.626562 0.925 0.625 0.927778 0.625 0.969444 0.623438 0.972222 0.623438 0.986111 0.625 0.988889 0.625 1 0.796875 1 0.796875 0.961111 0.8 0.955556 0.801562 0.955556 0.803125 0.952778 0.810938 0.952778 0.8125 0.95 0.814062 0.95 0.817187 0.944444 0.81875 0.944444 0.820312 0.941667 0.820312 0.938889 0.823438 0.933333 0.823438 0.930556 0.825 0.927778 0.825 0.925 0.826563 0.922222 0.826563 0.919444 0.828125 0.916667 0.828125 0.913889 0.829687 0.911111 0.829687 0.908333 0.83125 0.905556 0.83125 0.902778 0.832812 0.9 0.832812 0.897222 0.834375 0.894444 0.834375 0.891667 0.835938 0.888889 0.835938 0.883333 0.8375 0.880556 0.8375 0.875 0.839063 0.872222 0.839063 0.869444 0.840625 0.866667 0.840625 0.861111 0.842188 0.858333 0.842188 0.85 0.84375 0.847222 0.84375 0.844444 0.842188 0.841667 0.842188 0.838889 0.84375 0.836111 0.84375 0.802778 0.845312 0.8 0.845312 0.786111 0.846875 0.783333 0.846875 0.775 0.848437 0.772222 0.848437 0.758333 0.85 0.755556 0.85 0.738889 0.851562 0.736111 0.851562 0.725 0.853125 0.722222 0.857813 0.722222 0.857813 0.625 0.853125 0.625 0.851562 0.622222 0.851562 0.619444 0.85 0.616667 0.85 0.605556 0.848437 0.602778 0.848437 0.597222 0.845312 0.591667 0.845312 0.588889 0.84375 0.586111 0.84375 0.583333 0.842188 0.580556 0.842188 0.577778 0.839063 0.572222 0.839063 0.569444 0.8375 0.566667 0.8375 0.563889 0.835938 0.561111 0.835938 0.558333 0.834375 0.555556 0.834375 0.552778 0.832812 0.55 0.832812 0.547222 0.83125 0.544444 0.83125 0.541667 0.829687 0.538889 0.829687 0.536111 0.823438 0.525 0.823438 0.522222 0.81875 0.513889 0.81875 0.511111 0.804688 0.486111 0.803125 0.486111 0.796875 0.475 0.795313 0.475 0.785937 0.458333 0.785937 0.455556 0.784375 0.452778 0.782812 0.452778 0.78125 0.45 0.78125 0.447222 0.779688 0.444444 0.779688 0.4 0.778125 0.397222 0.778125 0.391667 0.779688 0.388889 0.779688 0.380556 0.78125 0.377778 0.78125 0.372222 0.782812 0.369444 0.782812 0.366667 0.784375 0.363889 0.784375 0.361111 0.785937 0.358333 0.785937 0.352778 0.7875 0.35 0.7875 0.333333 0.785937 0.330556 0.785937 0.3 0.784375 0.297222 0.784375 0.291667 0.782812 0.288889 0.782812 0.286111 0.78125 0.283333 0.78125 0.280556 0.779688 0.277778 0.779688 0.275 0.776563 0.269444 0.776563 0.266667 0.771875 0.258333 0.770312 0.258333 0.76875 0.255556 0.767187 0.255556 0.765625 0.252778 0.764063 0.252778 0.760938 0.247222 0.760938 0.238889
72 0.459375 0.316667 0.459375 0.619444 0.464063 0.619444 0.465625 0.622222 0.476562 0.622222 0.478125 0.625 0.484375 0.625 0.485938 0.627778 0.490625 0.627778 0.492188 0.630556 0.495313 0.630556 0.496875 0.633333 0.501562 0.633333 0.504687 0.638889 0.504687 0.647222 0.515625 0.647222 0.515625 0.636111 0.517187 0.633333 0.517187 0.619444 0.51875 0.616667 0.51875 0.597222 0.520312 0.594444 0.520312 0.575 0.521875 0.572222 0.523438 0.572222 0.525 0.569444 0.520312 0.561111 0.520312 0.558333 0.521875 0.555556 0.526563 0.555556 0.528125 0.552778 0.532812 0.552778 0.532812 0.336111 0.526563 0.336111 0.525 0.333333 0.525 0.330556 0.523438 0.327778 0.523438 0.316667
0 0.703125 0.238889 0.703125 0.247222 0.695312 0.261111 0.69375 0.261111 0.6875 0.272222 0.685938 0.272222 0.684375 0.275 0.684375 0.277778 0.682813 0.280556 0.682813 0.283333 0.679688 0.288889 0.679688 0.291667 0.678125 0.294444 0.678125 0.302778 0.676562 0.305556 0.676562 0.313889 0.675 0.316667 0.675 0.327778 0.673437 0.330556 0.673437 0.35 0.671875 0.352778 0.671875 0.358333 0.670313 0.361111 0.670313 0.366667 0.66875 0.369444 0.66875 0.375 0.667188 0.377778 0.667188 0.386111 0.665625 0.388889 0.665625 0.397222 0.667188 0.4 0.667188 0.433333 0.66875 0.436111 0.66875 0.447222 0.670313 0.45 0.670313 0.461111 0.671875 0.463889 0.671875 0.477778 0.673437 0.480556 0.657812 0.508333 0.657812 0.511111 0.648438 0.527778 0.646875 0.527778 0.646875 0.530556 0.64375 0.536111 0.642187 0.536111 0.6375 0.544444 0.6375 0.547222 0.635938 0.55 0.635938 0.552778 0.63125 0.561111 0.63125 0.563889 0.629687 0.566667 0.629687 0.569444 0.628125 0.572222 0.628125 0.575 0.621875 0.586111 0.621875 0.588889 0.620313 0.591667 0.620313 0.594444 0.617188 0.6 0.617188 0.602778 0.614062 0.608333 0.614062 0.611111 0.609375 0.619444 0.607813 0.619444 0.604688 0.625 0.603125 0.625 0.596875 0.636111 0.596875 0.638889 0.595312 0.641667 0.595312 0.647222 0.59375 0.65 0.59375 0.655556 0.592188 0.658333 0.592188 0.663889 0.590625 0.666667 0.590625 0.669444 0.589063 0.672222 0.589063 0.675 0.5875 0.677778 0.5875 0.683333 0.585938 0.686111 0.585938 0.688889 0.584375 0.691667 0.584375 0.694444 0.58125 0.7 0.58125 0.702778 0.579687 0.705556 0.579687 0.713889 0.578125 0.716667 0.578125 0.719444 0.576563 0.722222 0.571875 0.722222 0.571875 0.813889 0.576563 0.813889 0.58125 0.822222 0.582812 0.822222 0.5875 0.830556 0.589063 0.830556 0.592188 0.836111 0.59375 0.836111 0.595312 0.838889 0.598437 0.838889 0.6 0.841667 0.601562 0.841667 0.603125 0.844444 0.60625 0.844444 0.607813 0.847222 0.610937 0.847222 0.6125 0.85 0.614062 0.85 0.615625 0.852778 0.615625 0.855556 0.617188 0.858333 0.617188 0.861111 0.61875 0.863889 0.61875 0.866667 0.620313 0.869444 0.620313 0.872222 0.621875 0.875 0.621875 0.877778 0.623438 0.880556 0.623438 0.886111 0.625 0.888889 0.625 0.897222 0.626562 0.9 0.626562 0.925 0.625 0.927778 0.625 0.969444 0.623438 0.972222 0.623438 0.986111 0.625 0.988889 0.625 1 0.796875 1 0.796875 0.961111 0.8 0.955556 0.801562 0.955556 0.803125 0.952778 0.810938 0.952778 0.8125 0.95 0.814062 0.95 0.817187 0.944444 0.81875 0.944444 0.820312 0.941667 0.820312 0.938889 0.823438 0.933333 0.823438 0.930556 0.825 0.927778 0.825 0.925 0.826563 0.922222 0.826563 0.919444 0.828125 0.916667 0.828125 0.913889 0.829687 0.911111 0.829687 0.908333 0.83125 0.905556 0.83125 0.902778 0.832812 0.9 0.832812 0.897222 0.834375 0.894444 0.834375 0.891667 0.835938 0.888889 0.835938 0.883333 0.8375 0.880556 0.8375 0.875 0.839063 0.872222 0.839063 0.869444 0.840625 0.866667 0.840625 0.861111 0.842188 0.858333 0.842188 0.85 0.84375 0.847222 0.84375 0.844444 0.842188 0.841667 0.842188 0.838889 0.84375 0.836111 0.84375 0.802778 0.845312 0.8 0.845312 0.786111 0.846875 0.783333 0.846875 0.775 0.848437 0.772222 0.848437 0.758333 0.85 0.755556 0.85 0.738889 0.851562 0.736111 0.851562 0.725 0.853125 0.722222 0.857813 0.722222 0.857813 0.625 0.853125 0.625 0.851562 0.622222 0.851562 0.619444 0.85 0.616667 0.85 0.605556 0.848437 0.602778 0.848437 0.597222 0.845312 0.591667 0.845312 0.588889 0.84375 0.586111 0.84375 0.583333 0.842188 0.580556 0.842188 0.577778 0.839063 0.572222 0.839063 0.569444 0.8375 0.566667 0.8375 0.563889 0.835938 0.561111 0.835938 0.558333 0.834375 0.555556 0.834375 0.552778 0.832812 0.55 0.832812 0.547222 0.83125 0.544444 0.83125 0.541667 0.829687 0.538889 0.829687 0.536111 0.823438 0.525 0.823438 0.522222 0.81875 0.513889 0.81875 0.511111 0.804688 0.486111 0.803125 0.486111 0.796875 0.475 0.795313 0.475 0.785937 0.458333 0.785937 0.455556 0.784375 0.452778 0.782812 0.452778 0.78125 0.45 0.78125 0.447222 0.779688 0.444444 0.779688 0.4 0.778125 0.397222 0.778125 0.391667 0.779688 0.388889 0.779688 0.380556 0.78125 0.377778 0.78125 0.372222 0.782812 0.369444 0.782812 0.366667 0.784375 0.363889 0.784375 0.361111 0.785937 0.358333 0.785937 0.352778 0.7875 0.35 0.7875 0.333333 0.785937 0.330556 0.785937 0.3 0.784375 0.297222 0.784375 0.291667 0.782812 0.288889 0.782812 0.286111 0.78125 0.283333 0.78125 0.280556 0.779688 0.277778 0.779688 0.275 0.776563 0.269444 0.776563 0.266667 0.771875 0.258333 0.770312 0.258333 0.76875 0.255556 0.767187 0.255556 0.765625 0.252778 0.764063 0.252778 0.760938 0.247222 0.760938 0.238889
72 0.459375 0.316667 0.459375 0.619444 0.464063 0.619444 0.465625 0.622222 0.476562 0.622222 0.478125 0.625 0.484375 0.625 0.485938 0.627778 0.490625 0.627778 0.492188 0.630556 0.495313 0.630556 0.496875 0.633333 0.501562 0.633333 0.504687 0.638889 0.504687 0.647222 0.515625 0.647222 0.515625 0.636111 0.517187 0.633333 0.517187 0.619444 0.51875 0.616667 0.51875 0.597222 0.520312 0.594444 0.520312 0.575 0.521875 0.572222 0.523438 0.572222 0.525 0.569444 0.520312 0.561111 0.520312 0.558333 0.521875 0.555556 0.526563 0.555556 0.528125 0.552778 0.532812 0.552778 0.532812 0.336111 0.526563 0.336111 0.525 0.333333 0.525 0.330556 0.523438 0.327778 0.523438 0.316667
0 0.703125 0.238889 0.703125 0.247222 0.695312 0.261111 0.69375 0.261111 0.6875 0.272222 0.685938 0.272222 0.684375 0.275 0.684375 0.277778 0.682813 0.280556 0.682813 0.283333 0.679688 0.288889 0.679688 0.291667 0.678125 0.294444 0.678125 0.302778 0.676562 0.305556 0.676562 0.313889 0.675 0.316667 0.675 0.327778 0.673437 0.330556 0.673437 0.35 0.671875 0.352778 0.671875 0.358333 0.670313 0.361111 0.670313 0.366667 0.66875 0.369444 0.66875 0.375 0.667188 0.377778 0.667188 0.386111 0.665625 0.388889 0.665625 0.397222 0.667188 0.4 0.667188 0.433333 0.66875 0.436111 0.66875 0.447222 0.670313 0.45 0.670313 0.461111 0.671875 0.463889 0.671875 0.477778 0.673437 0.480556 0.657812 0.508333 0.657812 0.511111 0.648438 0.527778 0.646875 0.527778 0.646875 0.530556 0.64375 0.536111 0.642187 0.536111 0.6375 0.544444 0.6375 0.547222 0.635938 0.55 0.635938 0.552778 0.63125 0.561111 0.63125 0.563889 0.629687 0.566667 0.629687 0.569444 0.628125 0.572222 0.628125 0.575 0.621875 0.586111 0.621875 0.588889 0.620313 0.591667 0.620313 0.594444 0.617188 0.6 0.617188 0.602778 0.614062 0.608333 0.614062 0.611111 0.609375 0.619444 0.607813 0.619444 0.604688 0.625 0.603125 0.625 0.596875 0.636111 0.596875 0.638889 0.595312 0.641667 0.595312 0.647222 0.59375 0.65 0.59375 0.655556 0.592188 0.658333 0.592188 0.663889 0.590625 0.666667 0.590625 0.669444 0.589063 0.672222 0.589063 0.675 0.5875 0.677778 0.5875 0.683333 0.585938 0.686111 0.585938 0.688889 0.584375 0.691667 0.584375 0.694444 0.58125 0.7 0.58125 0.702778 0.579687 0.705556 0.579687 0.713889 0.578125 0.716667 0.578125 0.719444 0.576563 0.722222 0.571875 0.722222 0.571875 0.813889 0.576563 0.813889 0.58125 0.822222 0.582812 0.822222 0.5875 0.830556 0.589063 0.830556 0.592188 0.836111 0.59375 0.836111 0.595312 0.838889 0.598437 0.838889 0.6 0.841667 0.601562 0.841667 0.603125 0.844444 0.60625 0.844444 0.607813 0.847222 0.610937 0.847222 0.6125 0.85 0.614062 0.85 0.615625 0.852778 0.615625 0.855556 0.617188 0.858333 0.617188 0.861111 0.61875 0.863889 0.61875 0.866667 0.620313 0.869444 0.620313 0.872222 0.621875 0.875 0.621875 0.877778 0.623438 0.880556 0.623438 0.886111 0.625 0.888889 0.625 0.897222 0.626562 0.9 0.626562 0.925 0.625 0.927778 0.625 0.969444 0.623438 0.972222 0.623438 0.986111 0.625 0.988889 0.625 1 0.796875 1 0.796875 0.961111 0.8 0.955556 0.801562 0.955556 0.803125 0.952778 0.810938 0.952778 0.8125 0.95 0.814062 0.95 0.817187 0.944444 0.81875 0.944444 0.820312 0.941667 0.820312 0.938889 0.823438 0.933333 0.823438 0.930556 0.825 0.927778 0.825 0.925 0.826563 0.922222 0.826563 0.919444 0.828125 0.916667 0.828125 0.913889 0.829687 0.911111 0.829687 0.908333 0.83125 0.905556 0.83125 0.902778 0.832812 0.9 0.832812 0.897222 0.834375 0.894444 0.834375 0.891667 0.835938 0.888889 0.835938 0.883333 0.8375 0.880556 0.8375 0.875 0.839063 0.872222 0.839063 0.869444 0.840625 0.866667 0.840625 0.861111 0.842188 0.858333 0.842188 0.85 0.84375 0.847222 0.84375 0.844444 0.842188 0.841667 0.842188 0.838889 0.84375 0.836111 0.84375 0.802778 0.845312 0.8 0.845312 0.786111 0.846875 0.783333 0.846875 0.775 0.848437 0.772222 0.848437 0.758333 0.85 0.755556 0.85 0.738889 0.851562 0.736111 0.851562 0.725 0.853125 0.722222 0.857813 0.722222 0.857813 0.625 0.853125 0.625 0.851562 0.622222 0.851562 0.619444 0.85 0.616667 0.85 0.605556 0.848437 0.602778 0.848437 0.597222 0.845312 0.591667 0.845312 0.588889 0.84375 0.586111 0.84375 0.583333 0.842188 0.580556 0.842188 0.577778 0.839063 0.572222 0.839063 0.569444 0.8375 0.566667 0.8375 0.563889 0.835938 0.561111 0.835938 0.558333 0.834375 0.555556 0.834375 0.552778 0.832812 0.55 0.832812 0.547222 0.83125 0.544444 0.83125 0.541667 0.829687 0.538889 0.829687 0.536111 0.823438 0.525 0.823438 0.522222 0.81875 0.513889 0.81875 0.511111 0.804688 0.486111 0.803125 0.486111 0.796875 0.475 0.795313 0.475 0.785937 0.458333 0.785937 0.455556 0.784375 0.452778 0.782812 0.452778 0.78125 0.45 0.78125 0.447222 0.779688 0.444444 0.779688 0.4 0.778125 0.397222 0.778125 0.391667 0.779688 0.388889 0.779688 0.380556 0.78125 0.377778 0.78125 0.372222 0.782812 0.369444 0.782812 0.366667 0.784375 0.363889 0.784375 0.361111 0.785937 0.358333 0.785937 0.352778 0.7875 0.35 0.7875 0.333333 0.785937 0.330556 0.785937 0.3 0.784375 0.297222 0.784375 0.291667 0.782812 0.288889 0.782812 0.286111 0.78125 0.283333 0.78125 0.280556 0.779688 0.277778 0.779688 0.275 0.776563 0.269444 0.776563 0.266667 0.771875 0.258333 0.770312 0.258333 0.76875 0.255556 0.767187 0.255556 0.765625 0.252778 0.764063 0.252778 0.760938 0.247222 0.760938 0.238889
72 0.459375 0.316667 0.459375 0.619444 0.464063 0.619444 0.465625 0.622222 0.476562 0.622222 0.478125 0.625 0.484375 0.625 0.485938 0.627778 0.490625 0.627778 0.492188 0.630556 0.495313 0.630556 0.496875 0.633333 0.501562 0.633333 0.504687 0.638889 0.504687 0.647222 0.515625 0.647222 0.515625 0.636111 0.517187 0.633333 0.517187 0.619444 0.51875 0.616667 0.51875 0.597222 0.520312 0.594444 0.520312 0.575 0.521875 0.572222 0.523438 0.572222 0.525 0.569444 0.520312 0.561111 0.520312 0.558333 0.521875 0.555556 0.526563 0.555556 0.528125 0.552778 0.532812 0.552778 0.532812 0.336111 0.526563 0.336111 0.525 0.333333 0.525 0.330556 0.523438 0.327778 0.523438 0.316667
0 0.703125 0.238889 0.703125 0.247222 0.695312 0.261111 0.69375 0.261111 0.6875 0.272222 0.685938 0.272222 0.684375 0.275 0.684375 0.277778 0.682813 0.280556 0.682813 0.283333 0.679688 0.288889 0.679688 0.291667 0.678125 0.294444 0.678125 0.302778 0.676562 0.305556 0.676562 0.313889 0.675 0.316667 0.675 0.327778 0.673437 0.330556 0.673437 0.35 0.671875 0.352778 0.671875 0.358333 0.670313 0.361111 0.670313 0.366667 0.66875 0.369444 0.66875 0.375 0.667188 0.377778 0.667188 0.386111 0.665625 0.388889 0.665625 0.397222 0.667188 0.4 0.667188 0.433333 0.66875 0.436111 0.66875 0.447222 0.670313 0.45 0.670313 0.461111 0.671875 0.463889 0.671875 0.477778 0.673437 0.480556 0.657812 0.508333 0.657812 0.511111 0.648438 0.527778 0.646875 0.527778 0.646875 0.530556 0.64375 0.536111 0.642187 0.536111 0.6375 0.544444 0.6375 0.547222 0.635938 0.55 0.635938 0.552778 0.63125 0.561111 0.63125 0.563889 0.629687 0.566667 0.629687 0.569444 0.628125 0.572222 0.628125 0.575 0.621875 0.586111 0.621875 0.588889 0.620313 0.591667 0.620313 0.594444 0.617188 0.6 0.617188 0.602778 0.614062 0.608333 0.614062 0.611111 0.609375 0.619444 0.607813 0.619444 0.604688 0.625 0.603125 0.625 0.596875 0.636111 0.596875 0.638889 0.595312 0.641667 0.595312 0.647222 0.59375 0.65 0.59375 0.655556 0.592188 0.658333 0.592188 0.663889 0.590625 0.666667 0.590625 0.669444 0.589063 0.672222 0.589063 0.675 0.5875 0.677778 0.5875 0.683333 0.585938 0.686111 0.585938 0.688889 0.584375 0.691667 0.584375 0.694444 0.58125 0.7 0.58125 0.702778 0.579687 0.705556 0.579687 0.713889 0.578125 0.716667 0.578125 0.719444 0.576563 0.722222 0.571875 0.722222 0.571875 0.813889 0.576563 0.813889 0.58125 0.822222 0.582812 0.822222 0.5875 0.830556 0.589063 0.830556 0.592188 0.836111 0.59375 0.836111 0.595312 0.838889 0.598437 0.838889 0.6 0.841667 0.601562 0.841667 0.603125 0.844444 0.60625 0.844444 0.607813 0.847222 0.610937 0.847222 0.6125 0.85 0.614062 0.85 0.615625 0.852778 0.615625 0.855556 0.617188 0.858333 0.617188 0.861111 0.61875 0.863889 0.61875 0.866667 0.620313 0.869444 0.620313 0.872222 0.621875 0.875 0.621875 0.877778 0.623438 0.880556 0.623438 0.886111 0.625 0.888889 0.625 0.897222 0.626562 0.9 0.626562 0.925 0.625 0.927778 0.625 0.969444 0.623438 0.972222 0.623438 0.986111 0.625 0.988889 0.625 1 0.796875 1 0.796875 0.961111 0.8 0.955556 0.801562 0.955556 0.803125 0.952778 0.810938 0.952778 0.8125 0.95 0.814062 0.95 0.817187 0.944444 0.81875 0.944444 0.820312 0.941667 0.820312 0.938889 0.823438 0.933333 0.823438 0.930556 0.825 0.927778 0.825 0.925 0.826563 0.922222 0.826563 0.919444 0.828125 0.916667 0.828125 0.913889 0.829687 0.911111 0.829687 0.908333 0.83125 0.905556 0.83125 0.902778 0.832812 0.9 0.832812 0.897222 0.834375 0.894444 0.834375 0.891667 0.835938 0.888889 0.835938 0.883333 0.8375 0.880556 0.8375 0.875 0.839063 0.872222 0.839063 0.869444 0.840625 0.866667 0.840625 0.861111 0.842188 0.858333 0.842188 0.85 0.84375 0.847222 0.84375 0.844444 0.842188 0.841667 0.842188 0.838889 0.84375 0.836111 0.84375 0.802778 0.845312 0.8 0.845312 0.786111 0.846875 0.783333 0.846875 0.775 0.848437 0.772222 0.848437 0.758333 0.85 0.755556 0.85 0.738889 0.851562 0.736111 0.851562 0.725 0.853125 0.722222 0.857813 0.722222 0.857813 0.625 0.853125 0.625 0.851562 0.622222 0.851562 0.619444 0.85 0.616667 0.85 0.605556 0.848437 0.602778 0.848437 0.597222 0.845312 0.591667 0.845312 0.588889 0.84375 0.586111 0.84375 0.583333 0.842188 0.580556 0.842188 0.577778 0.839063 0.572222 0.839063 0.569444 0.8375 0.566667 0.8375 0.563889 0.835938 0.561111 0.835938 0.558333 0.834375 0.555556 0.834375 0.552778 0.832812 0.55 0.832812 0.547222 0.83125 0.544444 0.83125 0.541667 0.829687 0.538889 0.829687 0.536111 0.823438 0.525 0.823438 0.522222 0.81875 0.513889 0.81875 0.511111 0.804688 0.486111 0.803125 0.486111 0.796875 0.475 0.795313 0.475 0.785937 0.458333 0.785937 0.455556 0.784375 0.452778 0.782812 0.452778 0.78125 0.45 0.78125 0.447222 0.779688 0.444444 0.779688 0.4 0.778125 0.397222 0.778125 0.391667 0.779688 0.388889 0.779688 0.380556 0.78125 0.377778 0.78125 0.372222 0.782812 0.369444 0.782812 0.366667 0.784375 0.363889 0.784375 0.361111 0.785937 0.358333 0.785937 0.352778 0.7875 0.35 0.7875 0.333333 0.785937 0.330556 0.785937 0.3 0.784375 0.297222 0.784375 0.291667 0.782812 0.288889 0.782812 0.286111 0.78125 0.283333 0.78125 0.280556 0.779688 0.277778 0.779688 0.275 0.776563 0.269444 0.776563 0.266667 0.771875 0.258333 0.770312 0.258333 0.76875 0.255556 0.767187 0.255556 0.765625 0.252778 0.764063 0.252778 0.760938 0.247222 0.760938 0.238889
72 0.459375 0.316667 0.459375 0.619444 0.464063 0.619444 0.465625 0.622222 0.476562 0.622222 0.478125 0.625 0.484375 0.625 0.485938 0.627778 0.490625 0.627778 0.492188 0.630556 0.495313 0.630556 0.496875 0.633333 0.501562 0.633333 0.504687 0.638889 0.504687 0.647222 0.515625 0.647222 0.515625 0.636111 0.517187 0.633333 0.517187 0.619444 0.51875 0.616667 0.51875 0.597222 0.520312 0.594444 0.520312 0.575 0.521875 0.572222 0.523438 0.572222 0.525 0.569444 0.520312 0.561111 0.520312 0.558333 0.521875 0.555556 0.526563 0.555556 0.528125 0.552778 0.532812 0.552778 0.532812 0.336111 0.526563 0.336111 0.525 0.333333 0.525 0.330556 0.523438 0.327778 0.523438 0.316667
0 0.703125 0.238889 0.703125 0.247222 0.695312 0.261111 0.69375 0.261111 0.6875 0.272222 0.685938 0.272222 0.684375 0.275 0.684375 0.277778 0.682813 0.280556 0.682813 0.283333 0.679688 0.288889 0.679688 0.291667 0.678125 0.294444 0.678125 0.302778 0.676562 0.305556 0.676562 0.313889 0.675 0.316667 0.675 0.327778 0.673437 0.330556 0.673437 0.35 0.671875 0.352778 0.671875 0.358333 0.670313 0.361111 0.670313 0.366667 0.66875 0.369444 0.66875 0.375 0.667188 0.377778 0.667188 0.386111 0.665625 0.388889 0.665625 0.397222 0.667188 0.4 0.667188 0.433333 0.66875 0.436111 0.66875 0.447222 0.670313 0.45 0.670313 0.461111 0.671875 0.463889 0.671875 0.477778 0.673437 0.480556 0.657812 0.508333 0.657812 0.511111 0.648438 0.527778 0.646875 0.527778 0.646875 0.530556 0.64375 0.536111 0.642187 0.536111 0.6375 0.544444 0.6375 0.547222 0.635938 0.55 0.635938 0.552778 0.63125 0.561111 0.63125 0.563889 0.629687 0.566667 0.629687 0.569444 0.628125 0.572222 0.628125 0.575 0.621875 0.586111 0.621875 0.588889 0.620313 0.591667 0.620313 0.594444 0.617188 0.6 0.617188 0.602778 0.614062 0.608333 0.614062 0.611111 0.609375 0.619444 0.607813 0.619444 0.604688 0.625 0.603125 0.625 0.596875 0.636111 0.596875 0.638889 0.595312 0.641667 0.595312 0.647222 0.59375 0.65 0.59375 0.655556 0.592188 0.658333 0.592188 0.663889 0.590625 0.666667 0.590625 0.669444 0.589063 0.672222 0.589063 0.675 0.5875 0.677778 0.5875 0.683333 0.585938 0.686111 0.585938 0.688889 0.584375 0.691667 0.584375 0.694444 0.58125 0.7 0.58125 0.702778 0.579687 0.705556 0.579687 0.713889 0.578125 0.716667 0.578125 0.719444 0.576563 0.722222 0.571875 0.722222 0.571875 0.813889 0.576563 0.813889 0.58125 0.822222 0.582812 0.822222 0.5875 0.830556 0.589063 0.830556 0.592188 0.836111 0.59375 0.836111 0.595312 0.838889 0.598437 0.838889 0.6 0.841667 0.601562 0.841667 0.603125 0.844444 0.60625 0.844444 0.607813 0.847222 0.610937 0.847222 0.6125 0.85 0.614062 0.85 0.615625 0.852778 0.615625 0.855556 0.617188 0.858333 0.617188 0.861111 0.61875 0.863889 0.61875 0.866667 0.620313 0.869444 0.620313 0.872222 0.621875 0.875 0.621875 0.877778 0.623438 0.880556 0.623438 0.886111 0.625 0.888889 0.625 0.897222 0.626562 0.9 0.626562 0.925 0.625 0.927778 0.625 0.969444 0.623438 0.972222 0.623438 0.986111 0.625 0.988889 0.625 1 0.796875 1 0.796875 0.961111 0.8 0.955556 0.801562 0.955556 0.803125 0.952778 0.810938 0.952778 0.8125 0.95 0.814062 0.95 0.817187 0.944444 0.81875 0.944444 0.820312 0.941667 0.820312 0.938889 0.823438 0.933333 0.823438 0.930556 0.825 0.927778 0.825 0.925 0.826563 0.922222 0.826563 0.919444 0.828125 0.916667 0.828125 0.913889 0.829687 0.911111 0.829687 0.908333 0.83125 0.905556 0.83125 0.902778 0.832812 0.9 0.832812 0.897222 0.834375 0.894444 0.834375 0.891667 0.835938 0.888889 0.835938 0.883333 0.8375 0.880556 0.8375 0.875 0.839063 0.872222 0.839063 0.869444 0.840625 0.866667 0.840625 0.861111 0.842188 0.858333 0.842188 0.85 0.84375 0.847222 0.84375 0.844444 0.842188 0.841667 0.842188 0.838889 0.84375 0.836111 0.84375 0.802778 0.845312 0.8 0.845312 0.786111 0.846875 0.783333 0.846875 0.775 0.848437 0.772222 0.848437 0.758333 0.85 0.755556 0.85 0.738889 0.851562 0.736111 0.851562 0.725 0.853125 0.722222 0.857813 0.722222 0.857813 0.625 0.853125 0.625 0.851562 0.622222 0.851562 0.619444 0.85 0.616667 0.85 0.605556 0.848437 0.602778 0.848437 0.597222 0.845312 0.591667 0.845312 0.588889 0.84375 0.586111 0.84375 0.583333 0.842188 0.580556 0.842188 0.577778 0.839063 0.572222 0.839063 0.569444 0.8375 0.566667 0.8375 0.563889 0.835938 0.561111 0.835938 0.558333 0.834375 0.555556 0.834375 0.552778 0.832812 0.55 0.832812 0.547222 0.83125 0.544444 0.83125 0.541667 0.829687 0.538889 0.829687 0.536111 0.823438 0.525 0.823438 0.522222 0.81875 0.513889 0.81875 0.511111 0.804688 0.486111 0.803125 0.486111 0.796875 0.475 0.795313 0.475 0.785937 0.458333 0.785937 0.455556 0.784375 0.452778 0.782812 0.452778 0.78125 0.45 0.78125 0.447222 0.779688 0.444444 0.779688 0.4 0.778125 0.397222 0.778125 0.391667 0.779688 0.388889 0.779688 0.380556 0.78125 0.377778 0.78125 0.372222 0.782812 0.369444 0.782812 0.366667 0.784375 0.363889 0.784375 0.361111 0.785937 0.358333 0.785937 0.352778 0.7875 0.35 0.7875 0.333333 0.785937 0.330556 0.785937 0.3 0.784375 0.297222 0.784375 0.291667 0.782812 0.288889 0.782812 0.286111 0.78125 0.283333 0.78125 0.280556 0.779688 0.277778 0.779688 0.275 0.776563 0.269444 0.776563 0.266667 0.771875 0.258333 0.770312 0.258333 0.76875 0.255556 0.767187 0.255556 0.765625 0.252778 0.764063 0.252778 0.760938 0.247222 0.760938 0.238889
72 0.459375 0.316667 0.459375 0.619444 0.464063 0.619444 0.465625 0.622222 0.476562 0.622222 0.478125 0.625 0.484375 0.625 0.485938 0.627778 0.490625 0.627778 0.492188 0.630556 0.495313 0.630556 0.496875 0.633333 0.501562 0.633333 0.504687 0.638889 0.504687 0.647222 0.515625 0.647222 0.515625 0.636111 0.517187 0.633333 0.517187 0.619444 0.51875 0.616667 0.51875 0.597222 0.520312 0.594444 0.520312 0.575 0.521875 0.572222 0.523438 0.572222 0.525 0.569444 0.520312 0.561111 0.520312 0.558333 0.521875 0.555556 0.526563 0.555556 0.528125 0.552778 0.532812 0.552778 0.532812 0.336111 0.526563 0.336111 0.525 0.333333 0.525 0.330556 0.523438 0.327778 0.523438 0.316667
0 0.703125 0.238889 0.703125 0.247222 0.695312 0.261111 0.69375 0.261111 0.6875 0.272222 0.685938 0.272222 0.684375 0.275 0.684375 0.277778 0.682813 0.280556 0.682813 0.283333 0.679688 0.288889 0.679688 0.291667 0.678125 0.294444 0.678125 0.302778 0.676562 0.305556 0.676562 0.313889 0.675 0.316667 0.675 0.327778 0.673437 0.330556 0.673437 0.35 0.671875 0.352778 0.671875 0.358333 0.670313 0.361111 0.670313 0.366667 0.66875 0.369444 0.66875 0.375 0.667188 0.377778 0.667188 0.386111 0.665625 0.388889 0.665625 0.397222 0.667188 0.4 0.667188 0.433333 0.66875 0.436111 0.66875 0.447222 0.670313 0.45 0.670313 0.461111 0.671875 0.463889 0.671875 0.477778 0.673437 0.480556 0.657812 0.508333 0.657812 0.511111 0.648438 0.527778 0.646875 0.527778 0.646875 0.530556 0.64375 0.536111 0.642187 0.536111 0.6375 0.544444 0.6375 0.547222 0.635938 0.55 0.635938 0.552778 0.63125 0.561111 0.63125 0.563889 0.629687 0.566667 0.629687 0.569444 0.628125 0.572222 0.628125 0.575 0.621875 0.586111 0.621875 0.588889 0.620313 0.591667 0.620313 0.594444 0.617188 0.6 0.617188 0.602778 0.614062 0.608333 0.614062 0.611111 0.609375 0.619444 0.607813 0.619444 0.604688 0.625 0.603125 0.625 0.596875 0.636111 0.596875 0.638889 0.595312 0.641667 0.595312 0.647222 0.59375 0.65 0.59375 0.655556 0.592188 0.658333 0.592188 0.663889 0.590625 0.666667 0.590625 0.669444 0.589063 0.672222 0.589063 0.675 0.5875 0.677778 0.5875 0.683333 0.585938 0.686111 0.585938 0.688889 0.584375 0.691667 0.584375 0.694444 0.58125 0.7 0.58125 0.702778 0.579687 0.705556 0.579687 0.713889 0.578125 0.716667 0.578125 0.719444 0.576563 0.722222 0.571875 0.722222 0.571875 0.813889 0.576563 0.813889 0.58125 0.822222 0.582812 0.822222 0.5875 0.830556 0.589063 0.830556 0.592188 0.836111 0.59375 0.836111 0.595312 0.838889 0.598437 0.838889 0.6 0.841667 0.601562 0.841667 0.603125 0.844444 0.60625 0.844444 0.607813 0.847222 0.610937 0.847222 0.6125 0.85 0.614062 0.85 0.615625 0.852778 0.615625 0.855556 0.617188 0.858333 0.617188 0.861111 0.61875 0.863889 0.61875 0.866667 0.620313 0.869444 0.620313 0.872222 0.621875 0.875 0.621875 0.877778 0.623438 0.880556 0.623438 0.886111 0.625 0.888889 0.625 0.897222 0.626562 0.9 0.626562 0.925 0.625 0.927778 0.625 0.969444 0.623438 0.972222 0.623438 0.986111 0.625 0.988889 0.625 1 0.796875 1 0.796875 0.961111 0.8 0.955556 0.801562 0.955556 0.803125 0.952778 0.810938 0.952778 0.8125 0.95 0.814062 0.95 0.817187 0.944444 0.81875 0.944444 0.820312 0.941667 0.820312 0.938889 0.823438 0.933333 0.823438 0.930556 0.825 0.927778 0.825 0.925 0.826563 0.922222 0.826563 0.919444 0.828125 0.916667 0.828125 0.913889 0.829687 0.911111 0.829687 0.908333 0.83125 0.905556 0.83125 0.902778 0.832812 0.9 0.832812 0.897222 0.834375 0.894444 0.834375 0.891667 0.835938 0.888889 0.835938 0.883333 0.8375 0.880556 0.8375 0.875 0.839063 0.872222 0.839063 0.869444 0.840625 0.866667 0.840625 0.861111 0.842188 0.858333 0.842188 0.85 0.84375 0.847222 0.84375 0.844444 0.842188 0.841667 0.842188 0.838889 0.84375 0.836111 0.84375 0.802778 0.845312 0.8 0.845312 0.786111 0.846875 0.783333 0.846875 0.775 0.848437 0.772222 0.848437 0.758333 0.85 0.755556 0.85 0.738889 0.851562 0.736111 0.851562 0.725 0.853125 0.722222 0.857813 0.722222 0.857813 0.625 0.853125 0.625 0.851562 0.622222 0.851562 0.619444 0.85 0.616667 0.85 0.605556 0.848437 0.602778 0.848437 0.597222 0.845312 0.591667 0.845312 0.588889 0.84375 0.586111 0.84375 0.583333 0.842188 0.580556 0.842188 0.577778 0.839063 0.572222 0.839063 0.569444 0.8375 0.566667 0.8375 0.563889 0.835938 0.561111 0.835938 0.558333 0.834375 0.555556 0.834375 0.552778 0.832812 0.55 0.832812 0.547222 0.83125 0.544444 0.83125 0.541667 0.829687 0.538889 0.829687 0.536111 0.823438 0.525 0.823438 0.522222 0.81875 0.513889 0.81875 0.511111 0.804688 0.486111 0.803125 0.486111 0.796875 0.475 0.795313 0.475 0.785937 0.458333 0.785937 0.455556 0.784375 0.452778 0.782812 0.452778 0.78125 0.45 0.78125 0.447222 0.779688 0.444444 0.779688 0.4 0.778125 0.397222 0.778125 0.391667 0.779688 0.388889 0.779688 0.380556 0.78125 0.377778 0.78125 0.372222 0.782812 0.369444 0.782812 0.366667 0.784375 0.363889 0.784375 0.361111 0.785937 0.358333 0.785937 0.352778 0.7875 0.35 0.7875 0.333333 0.785937 0.330556 0.785937 0.3 0.784375 0.297222 0.784375 0.291667 0.782812 0.288889 0.782812 0.286111 0.78125 0.283333 0.78125 0.280556 0.779688 0.277778 0.779688 0.275 0.776563 0.269444 0.776563 0.266667 0.771875 0.258333 0.770312 0.258333 0.76875 0.255556 0.767187 0.255556 0.765625 0.252778 0.764063 0.252778 0.760938 0.247222 0.760938 0.238889
72 0.459375 0.316667 0.459375 0.619444 0.464063 0.619444 0.465625 0.622222 0.476562 0.622222 0.478125 0.625 0.484375 0.625 0.485938 0.627778 0.490625 0.627778 0.492188 0.630556 0.495313 0.630556 0.496875 0.633333 0.501562 0.633333 0.504687 0.638889 0.504687 0.647222 0.515625 0.647222 0.515625 0.636111 0.517187 0.633333 0.517187 0.619444 0.51875 0.616667 0.51875 0.597222 0.520312 0.594444 0.520312 0.575 0.521875 0.572222 0.523438 0.572222 0.525 0.569444 0.520312 0.561111 0.520312 0.558333 0.521875 0.555556 0.526563 0.555556 0.528125 0.552778 0.532812 0.552778 0.532812 0.336111 0.526563 0.336111 0.525 0.333333 0.525 0.330556 0.523438 0.327778 0.523438 0.316667
0 0.703125 0.238889 0.703125 0.247222 0.695312 0.261111 0.69375 0.261111 0.6875 0.272222 0.685938 0.272222 0.684375 0.275 0.684375 0.277778 0.682813 0.280556 0.682813 0.283333 0.679688 0.288889 0.679688 0.291667 0.678125 0.294444 0.678125 0.302778 0.676562 0.305556 0.676562 0.313889 0.675 0.316667 0.675 0.327778 0.673437 0.330556 0.673437 0.35 0.671875 0.352778 0.671875 0.358333 0.670313 0.361111 0.670313 0.366667 0.66875 0.369444 0.66875 0.375 0.667188 0.377778 0.667188 0.386111 0.665625 0.388889 0.665625 0.397222 0.667188 0.4 0.667188 0.433333 0.66875 0.436111 0.66875 0.447222 0.670313 0.45 0.670313 0.461111 0.671875 0.463889 0.671875 0.477778 0.673437 0.480556 0.657812 0.508333 0.657812 0.511111 0.648438 0.527778 0.646875 0.527778 0.646875 0.530556 0.64375 0.536111 0.642187 0.536111 0.6375 0.544444 0.6375 0.547222 0.635938 0.55 0.635938 0.552778 0.63125 0.561111 0.63125 0.563889 0.629687 0.566667 0.629687 0.569444 0.628125 0.572222 0.628125 0.575 0.621875 0.586111 0.621875 0.588889 0.620313 0.591667 0.620313 0.594444 0.617188 0.6 0.617188 0.602778 0.614062 0.608333 0.614062 0.611111 0.609375 0.619444 0.607813 0.619444 0.604688 0.625 0.603125 0.625 0.596875 0.636111 0.596875 0.638889 0.595312 0.641667 0.595312 0.647222 0.59375 0.65 0.59375 0.655556 0.592188 0.658333 0.592188 0.663889 0.590625 0.666667 0.590625 0.669444 0.589063 0.672222 0.589063 0.675 0.5875 0.677778 0.5875 0.683333 0.585938 0.686111 0.585938 0.688889 0.584375 0.691667 0.584375 0.694444 0.58125 0.7 0.58125 0.702778 0.579687 0.705556 0.579687 0.713889 0.578125 0.716667 0.578125 0.719444 0.576563 0.722222 0.571875 0.722222 0.571875 0.813889 0.576563 0.813889 0.58125 0.822222 0.582812 0.822222 0.5875 0.830556 0.589063 0.830556 0.592188 0.836111 0.59375 0.836111 0.595312 0.838889 0.598437 0.838889 0.6 0.841667 0.601562 0.841667 0.603125 0.844444 0.60625 0.844444 0.607813 0.847222 0.610937 0.847222 0.6125 0.85 0.614062 0.85 0.615625 0.852778 0.615625 0.855556 0.617188 0.858333 0.617188 0.861111 0.61875 0.863889 0.61875 0.866667 0.620313 0.869444 0.620313 0.872222 0.621875 0.875 0.621875 0.877778 0.623438 0.880556 0.623438 0.886111 0.625 0.888889 0.625 0.897222 0.626562 0.9 0.626562 0.925 0.625 0.927778 0.625 0.969444 0.623438 0.972222 0.623438 0.986111 0.625 0.988889 0.625 1 0.796875 1 0.796875 0.961111 0.8 0.955556 0.801562 0.955556 0.803125 0.952778 0.810938 0.952778 0.8125 0.95 0.814062 0.95 0.817187 0.944444 0.81875 0.944444 0.820312 0.941667 0.820312 0.938889 0.823438 0.933333 0.823438 0.930556 0.825 0.927778 0.825 0.925 0.826563 0.922222 0.826563 0.919444 0.828125 0.916667 0.828125 0.913889 0.829687 0.911111 0.829687 0.908333 0.83125 0.905556 0.83125 0.902778 0.832812 0.9 0.832812 0.897222 0.834375 0.894444 0.834375 0.891667 0.835938 0.888889 0.835938 0.883333 0.8375 0.880556 0.8375 0.875 0.839063 0.872222 0.839063 0.869444 0.840625 0.866667 0.840625 0.861111 0.842188 0.858333 0.842188 0.85 0.84375 0.847222 0.84375 0.844444 0.842188 0.841667 0.842188 0.838889 0.84375 0.836111 0.84375 0.802778 0.845312 0.8 0.845312 0.786111 0.846875 0.783333 0.846875 0.775 0.848437 0.772222 0.848437 0.758333 0.85 0.755556 0.85 0.738889 0.851562 0.736111 0.851562 0.725 0.853125 0.722222 0.857813 0.722222 0.857813 0.625 0.853125 0.625 0.851562 0.622222 0.851562 0.619444 0.85 0.616667 0.85 0.605556 0.848437 0.602778 0.848437 0.597222 0.845312 0.591667 0.845312 0.588889 0.84375 0.586111 0.84375 0.583333 0.842188 0.580556 0.842188 0.577778 0.839063 0.572222 0.839063 0.569444 0.8375 0.566667 0.8375 0.563889 0.835938 0.561111 0.835938 0.558333 0.834375 0.555556 0.834375 0.552778 0.832812 0.55 0.832812 0.547222 0.83125 0.544444 0.83125 0.541667 0.829687 0.538889 0.829687 0.536111 0.823438 0.525 0.823438 0.522222 0.81875 0.513889 0.81875 0.511111 0.804688 0.486111 0.803125 0.486111 0.796875 0.475 0.795313 0.475 0.785937 0.458333 0.785937 0.455556 0.784375 0.452778 0.782812 0.452778 0.78125 0.45 0.78125 0.447222 0.779688 0.444444 0.779688 0.4 0.778125 0.397222 0.778125 0.391667 0.779688 0.388889 0.779688 0.380556 0.78125 0.377778 0.78125 0.372222 0.782812 0.369444 0.782812 0.366667 0.784375 0.363889 0.784375 0.361111 0.785937 0.358333 0.785937 0.352778 0.7875 0.35 0.7875 0.333333 0.785937 0.330556 0.785937 0.3 0.784375 0.297222 0.784375 0.291667 0.782812 0.288889 0.782812 0.286111 0.78125 0.283333 0.78125 0.280556 0.779688 0.277778 0.779688 0.275 0.776563 0.269444 0.776563 0.266667 0.771875 0.258333 0.770312 0.258333 0.76875 0.255556 0.767187 0.255556 0.765625 0.252778 0.764063 0.252778 0.760938 0.247222 0.760938 0.238889
72 0.459375 0.316667 0.459375 0.619444 0.464063 0.619444 0.465625 0.622222 0.476562 0.622222 0.478125 0.625 0.484375 0.625 0.485938 0.627778 0.490625 0.627778 0.492188 0.630556 0.495313 0.630556 0.496875 0.633333 0.501562 0.633333 0.504687 0.638889 0.504687 0.647222 0.515625 0.647222 0.515625 0.636111 0.517187 0.633333 0.517187 0.619444 0.51875 0.616667 0.51875 0.597222 0.520312 0.594444 0.520312 0.575 0.521875 0.572222 0.523438 0.572222 0.525 0.569444 0.520312 0.561111 0.520312 0.558333 0.521875 0.555556 0.526563 0.555556 0.528125 0.552778 0.532812 0.552778 0.532812 0.336111 0.526563 0.336111 0.525 0.333333 0.525 0.330556 0.523438 0.327778 0.523438 0.316667
0 0.703125 0.238889 0.703125 0.247222 0.695312 0.261111 0.69375 0.261111 0.6875 0.272222 0.685938 0.272222 0.684375 0.275 0.684375 0.277778 0.682813 0.280556 0.682813 0.283333 0.679688 0.288889 0.679688 0.291667 0.678125 0.294444 0.678125 0.302778 0.676562 0.305556 0.676562 0.313889 0.675 0.316667 0.675 0.327778 0.673437 0.330556 0.673437 0.35 0.671875 0.352778 0.671875 0.358333 0.670313 0.361111 0.670313 0.366667 0.66875 0.369444 0.66875 0.375 0.667188 0.377778 0.667188 0.386111 0.665625 0.388889 0.665625 0.397222 0.667188 0.4 0.667188 0.433333 0.66875 0.436111 0.66875 0.447222 0.670313 0.45 0.670313 0.461111 0.671875 0.463889 0.671875 0.477778 0.673437 0.480556 0.657812 0.508333 0.657812 0.511111 0.648438 0.527778 0.646875 0.527778 0.646875 0.530556 0.64375 0.536111 0.642187 0.536111 0.6375 0.544444 0.6375 0.547222 0.635938 0.55 0.635938 0.552778 0.63125 0.561111 0.63125 0.563889 0.629687 0.566667 0.629687 0.569444 0.628125 0.572222 0.628125 0.575 0.621875 0.586111 0.621875 0.588889 0.620313 0.591667 0.620313 0.594444 0.617188 0.6 0.617188 0.602778 0.614062 0.608333 0.614062 0.611111 0.609375 0.619444 0.607813 0.619444 0.604688 0.625 0.603125 0.625 0.596875 0.636111 0.596875 0.638889 0.595312 0.641667 0.595312 0.647222 0.59375 0.65 0.59375 0.655556 0.592188 0.658333 0.592188 0.663889 0.590625 0.666667 0.590625 0.669444 0.589063 0.672222 0.589063 0.675 0.5875 0.677778 0.5875 0.683333 0.585938 0.686111 0.585938 0.688889 0.584375 0.691667 0.584375 0.694444 0.58125 0.7 0.58125 0.702778 0.579687 0.705556 0.579687 0.713889 0.578125 0.716667 0.578125 0.719444 0.576563 0.722222 0.571875 0.722222 0.571875 0.813889 0.576563 0.813889 0.58125 0.822222 0.582812 0.822222 0.5875 0.830556 0.589063 0.830556 0.592188 0.836111 0.59375 0.836111 0.595312 0.838889 0.598437 0.838889 0.6 0.841667 0.601562 0.841667 0.603125 0.844444 0.60625 0.844444 0.607813 0.847222 0.610937 0.847222 0.6125 0.85 0.614062 0.85 0.615625 0.852778 0.615625 0.855556 0.617188 0.858333 0.617188 0.861111 0.61875 0.863889 0.61875 0.866667 0.620313 0.869444 0.620313 0.872222 0.621875 0.875 0.621875 0.877778 0.623438 0.880556 0.623438 0.886111 0.625 0.888889 0.625 0.897222 0.626562 0.9 0.626562 0.925 0.625 0.927778 0.625 0.969444 0.623438 0.972222 0.623438 0.986111 0.625 0.988889 0.625 1 0.796875 1 0.796875 0.961111 0.8 0.955556 0.801562 0.955556 0.803125 0.952778 0.810938 0.952778 0.8125 0.95 0.814062 0.95 0.817187 0.944444 0.81875 0.944444 0.820312 0.941667 0.820312 0.938889 0.823438 0.933333 0.823438 0.930556 0.825 0.927778 0.825 0.925 0.826563 0.922222 0.826563 0.919444 0.828125 0.916667 0.828125 0.913889 0.829687 0.911111 0.829687 0.908333 0.83125 0.905556 0.83125 0.902778 0.832812 0.9 0.832812 0.897222 0.834375 0.894444 0.834375 0.891667 0.835938 0.888889 0.835938 0.883333 0.8375 0.880556 0.8375 0.875 0.839063 0.872222 0.839063 0.869444 0.840625 0.866667 0.840625 0.861111 0.842188 0.858333 0.842188 0.85 0.84375 0.847222 0.84375 0.844444 0.842188 0.841667 0.842188 0.838889 0.84375 0.836111 0.84375 0.802778 0.845312 0.8 0.845312 0.786111 0.846875 0.783333 0.846875 0.775 0.848437 0.772222 0.848437 0.758333 0.85 0.755556 0.85 0.738889 0.851562 0.736111 0.851562 0.725 0.853125 0.722222 0.857813 0.722222 0.857813 0.625 0.853125 0.625 0.851562 0.622222 0.851562 0.619444 0.85 0.616667 0.85 0.605556 0.848437 0.602778 0.848437 0.597222 0.845312 0.591667 0.845312 0.588889 0.84375 0.586111 0.84375 0.583333 0.842188 0.580556 0.842188 0.577778 0.839063 0.572222 0.839063 0.569444 0.8375 0.566667 0.8375 0.563889 0.835938 0.561111 0.835938 0.558333 0.834375 0.555556 0.834375 0.552778 0.832812 0.55 0.832812 0.547222 0.83125 0.544444 0.83125 0.541667 0.829687 0.538889 0.829687 0.536111 0.823438 0.525 0.823438 0.522222 0.81875 0.513889 0.81875 0.511111 0.804688 0.486111 0.803125 0.486111 0.796875 0.475 0.795313 0.475 0.785937 0.458333 0.785937 0.455556 0.784375 0.452778 0.782812 0.452778 0.78125 0.45 0.78125 0.447222 0.779688 0.444444 0.779688 0.4 0.778125 0.397222 0.778125 0.391667 0.779688 0.388889 0.779688 0.380556 0.78125 0.377778 0.78125 0.372222 0.782812 0.369444 0.782812 0.366667 0.784375 0.363889 0.784375 0.361111 0.785937 0.358333 0.785937 0.352778 0.7875 0.35 0.7875 0.333333 0.785937 0.330556 0.785937 0.3 0.784375 0.297222 0.784375 0.291667 0.782812 0.288889 0.782812 0.286111 0.78125 0.283333 0.78125 0.280556 0.779688 0.277778 0.779688 0.275 0.776563 0.269444 0.776563 0.266667 0.771875 0.258333 0.770312 0.258333 0.76875 0.255556 0.767187 0.255556 0.765625 0.252778 0.764063 0.252778 0.760938 0.247222 0.760938 0.238889
72 0.459375 0.316667 0.459375 0.619444 0.464063 0.619444 0.465625 0.622222 0.476562 0.622222 0.478125 0.625 0.484375 0.625 0.485938 0.627778 0.490625 0.627778 0.492188 0.630556 0.495313 0.630556 0.496875 0.633333 0.501562 0.633333 0.504687 0.638889 0.504687 0.647222 0.515625 0.647222 0.515625 0.636111 0.517187 0.633333 0.517187 0.619444 0.51875 0.616667 0.51875 0.597222 0.520312 0.594444 0.520312 0.575 0.521875 0.572222 0.523438 0.572222 0.525 0.569444 0.520312 0.561111 0.520312 0.558333 0.521875 0.555556 0.526563 0.555556 0.528125 0.552778 0.532812 0.552778 0.532812 0.336111 0.526563 0.336111 0.525 0.333333 0.525 0.330556 0.523438 0.327778 0.523438 0.316667
