67 0.271875 0.15 0.271875 0.161111 0.270312 0.163889 0.270312 0.172222 0.26875 0.175 0.26875 0.258333 0.267188 0.261111 0.267188 0.319444 0.265625 0.322222 0.265625 0.383333 0.264062 0.386111 0.264062 0.413889 0.2625 0.416667 0.2625 0.452778 0.260938 0.455556 0.260938 0.55 0.259375 0.552778 0.259375 0.580556 0.257812 0.583333 0.257812 0.613889 0.25625 0.616667 0.25625 0.638889 0.254687 0.641667 0.254687 0.666667 0.253125 0.669444 0.253125 0.686111 0.248437 0.694444 0.248437 0.7 0.24375 0.708333 0.242188 0.708333 0.240625 0.711111 0.234375 0.711111 0.234375 0.841667 0.240625 0.841667 0.242188 0.844444 0.24375 0.844444 0.245312 0.847222 0.246875 0.847222 0.248437 0.85 0.253125 0.85 0.254687 0.852778 0.259375 0.852778 0.260938 0.855556 0.264062 0.855556 0.265625 0.858333 0.26875 0.858333 0.270312 0.861111 0.275 0.861111 0.276563 0.863889 0.282813 0.863889 0.284375 0.866667 0.295312 0.866667 0.296875 0.869444 0.307813 0.869444 0.309375 0.872222 0.325 0.872222 0.326562 0.875 0.342187 0.875 0.34375 0.872222 0.35625 0.872222 0.357812 0.869444 0.3625 0.869444 0.364062 0.866667 0.371875 0.866667 0.373437 0.863889 0.379687 0.863889 0.38125 0.861111 0.382812 0.861111 0.385938 0.855556 0.3875 0.855556 0.392188 0.847222 0.39375 0.847222 0.409375 0.819444 0.410937 0.819444 0.4125 0.816667 0.414062 0.816667 0.415625 0.813889 0.417188 0.813889 0.423438 0.802778 0.425 0.802778 0.43125 0.791667 0.432813 0.791667 0.4375 0.783333 0.439063 0.783333 0.440625 0.780556 0.442187 0.780556 0.44375 0.777778 0.446875 0.777778 0.448438 0.775 0.453125 0.775 0.454688 0.772222 0.478125 0.772222 0.479688 0.775 0.48125 0.775 0.482812 0.777778 0.484375 0.777778 0.485938 0.780556 0.4875 0.780556 0.489062 0.783333 0.489062 0.786111 0.492188 0.791667 0.492188 0.8 0.49375 0.802778 0.49375 0.811111 0.495313 0.813889 0.495313 0.825 0.49375 0.827778 0.49375 0.836111 0.492188 0.838889 0.492188 0.841667 0.490625 0.844444 0.490625 0.847222 0.489062 0.85 0.489062 0.852778 0.482812 0.863889 0.482812 0.866667 0.48125 0.869444 0.48125 0.872222 0.479688 0.875 0.479688 0.886111 0.478125 0.888889 0.478125 0.891667 0.476562 0.894444 0.476562 0.897222 0.471875 0.905556 0.471875 0.908333 0.470313 0.911111 0.470313 0.925 0.471875 0.927778 0.478125 0.927778 0.48125 0.933333 0.48125 0.936111 0.482812 0.938889 0.482812 0.947222 0.56875 0.947222 0.56875 0.938889 0.567187 0.936111 0.567187 0.933333 0.565625 0.930556 0.565625 0.922222 0.56875 0.916667 0.571875 0.916667 0.573438 0.913889 0.595312 0.913889 0.596875 0.916667 0.60625 0.916667 0.607813 0.919444 0.63125 0.919444 0.632812 0.922222 0.6625 0.922222 0.664062 0.925 0.68125 0.925 0.682813 0.927778 0.695312 0.927778 0.696875 0.930556 0.732813 0.930556 0.734375 0.933333 0.751562 0.933333 0.753125 0.936111 0.757812 0.936111 0.759375 0.938889 0.759375 0.947222 0.814062 0.947222 0.814062 0.938889 0.817187 0.933333 0.820312 0.933333 0.821875 0.930556 0.826563 0.930556 0.828125 0.927778 0.83125 0.927778 0.832812 0.925 0.834375 0.925 0.8375 0.919444 0.839063 0.919444 0.840625 0.916667 0.842188 0.916667 0.84375 0.913889 0.845312 0.913889 0.846875 0.911111 0.848437 0.911111 0.85 0.908333 0.851562 0.908333 0.853125 0.905556 0.854688 0.905556 0.860937 0.894444 0.8625 0.894444 0.865625 0.888889 0.865625 0.886111 0.867188 0.883333 0.867188 0.877778 0.86875 0.875 0.86875 0.869444 0.870313 0.866667 0.870313 0.858333 0.871875 0.855556 0.871875 0.813889 0.873438 0.811111 0.873438 0.791667 0.875 0.788889 0.875 0.769444 0.876562 0.766667 0.876562 0.747222 0.878125 0.744444 0.878125 0.680556 0.876562 0.677778 0.876562 0.647222 0.878125 0.644444 0.878125 0.583333 0.879687 0.580556 0.879687 0.527778 0.88125 0.525 0.88125 0.494444 0.882812 0.491667 0.882812 0.455556 0.884375 0.452778 0.884375 0.413889 0.885938 0.411111 0.885938 0.377778 0.8875 0.375 0.8875 0.355556 0.889063 0.352778 0.889063 0.344444 0.890625 0.341667 0.895312 0.341667 0.895312 0.205556 0.890625 0.205556 0.889063 0.202778 0.882812 0.202778 0.88125 0.2 0.873438 0.2 0.871875 0.197222 0.864062 0.197222 0.8625 0.194444 0.8375 0.194444 0.835938 0.191667 0.80625 0.191667 0.804688 0.188889 0.773438 0.188889 0.771875 0.186111 0.740625 0.186111 0.739062 0.183333 0.679688 0.183333 0.678125 0.180556 0.645312 0.180556 0.64375 0.177778 0.617188 0.177778 0.615625 0.175 0.548437 0.175 0.546875 0.172222 0.528125 0.172222 0.526563 0.169444 0.509375 0.169444 0.507812 0.166667 0.475 0.166667 0.473437 0.163889 0.453125 0.163889 0.451562 0.161111 0.442187 0.161111 0.440625 0.158333 0.440625 0.15
0 0.442187 0.772222 0.442187 0.780556 0.429688 0.802778 0.428125 0.802778 0.417188 0.822222 0.415625 0.822222 0.389062 0.869444 0.3875 0.869444 0.384375 0.875 0.384375 0.877778 0.376563 0.891667 0.375 0.891667 0.373437 0.894444 0.371875 0.894444 0.370313 0.897222 0.36875 0.897222 0.365625 0.902778 0.364062 0.902778 0.360938 0.908333 0.359375 0.908333 0.35625 0.913889 0.354688 0.913889 0.351562 0.919444 0.35 0.919444 0.346875 0.925 0.345313 0.925 0.34375 0.927778 0.342187 0.927778 0.340625 0.930556 0.339063 0.930556 0.3375 0.933333 0.335938 0.933333 0.334375 0.936111 0.332812 0.936111 0.33125 0.938889 0.328125 0.938889 0.326562 0.941667 0.323438 0.941667 0.321875 0.944444 0.317187 0.944444 0.315625 0.947222 0.3125 0.947222 0.310937 0.95 0.295312 0.95 0.29375 0.952778 0.2875 0.952778 0.285937 0.955556 0.28125 0.955556 0.279687 0.958333 0.278125 0.958333 0.276563 0.961111 0.271875 0.961111 0.270312 0.963889 0.26875 0.963889 0.267188 0.966667 0.265625 0.966667 0.264062 0.969444 0.260938 0.969444 0.259375 0.972222 0.240625 0.972222 0.240625 1 0.46875 1 0.46875 0.991667 0.467187 0.988889 0.467187 0.986111 0.464063 0.980556 0.464063 0.977778 0.4625 0.977778 0.457812 0.969444 0.45625 0.969444 0.454688 0.966667 0.448438 0.966667 0.446875 0.963889 0.445312 0.966667 0.439063 0.966667 0.4375 0.969444 0.435937 0.969444 0.434375 0.972222 0.43125 0.972222 0.429688 0.975 0.426562 0.975 0.423438 0.969444 0.425 0.966667 0.425 0.961111 0.429688 0.952778 0.429688 0.95 0.440625 0.930556 0.442187 0.930556 0.454688 0.908333 0.454688 0.905556 0.45625 0.902778 0.45625 0.9 0.473437 0.869444 0.475 0.869444 0.4875 0.847222 0.4875 0.844444 0.489062 0.841667 0.489062 0.838889 0.490625 0.836111 0.490625 0.833333 0.492188 0.830556 0.492188 0.805556 0.490625 0.802778 0.490625 0.8 0.489062 0.797222 0.489062 0.794444 0.4875 0.791667 0.4875 0.786111 0.485938 0.783333 0.485938 0.772222
67 0.009375 0.294444 0.009375 0.305556 0.0109375 0.308333 0.0109375 0.311111 0.0125 0.313889 0.0109375 0.316667 0.0109375 0.319444 0.009375 0.322222 0.009375 0.325 0.0078125 0.327778 0.0078125 0.330556 0.0046875 0.336111 0.0046875 0.352778 0.003125 0.355556 0.003125 0.358333 0.0015625 0.361111 0 0.361111 0 0.388889 0.003125 0.388889 0.0140625 0.408333 0.0140625 0.411111 0.015625 0.413889 0.015625 0.416667 0.01875 0.422222 0.01875 0.425 0.0234375 0.433333 0.0234375 0.436111 0.0296875 0.447222 0.0296875 0.45 0.03125 0.452778 0.03125 0.458333 0.0328125 0.461111 0.0328125 0.463889 0.034375 0.466667 0.034375 0.469444 0.0359375 0.472222 0.0359375 0.475 0.0375 0.477778 0.0375 0.483333 0.0390625 0.486111 0.0390625 0.494444 0.040625 0.497222 0.040625 0.502778 0.0421875 0.505556 0.0421875 0.511111 0.04375 0.513889 0.04375 0.522222 0.0453125 0.525 0.0453125 0.530556 0.046875 0.533333 0.046875 0.538889 0.0484375 0.541667 0.0484375 0.55 0.05 0.552778 0.05 0.558333 0.0515625 0.561111 0.0515625 0.569444 0.053125 0.572222 0.053125 0.575 0.0546875 0.577778 0.0546875 0.586111 0.05625 0.588889 0.05625 0.594444 0.0578125 0.597222 0.0578125 0.602778 0.059375 0.605556 0.059375 0.613889 0.0609375 0.616667 0.0609375 0.625 0.0625 0.627778 0.0625 0.638889 0.0640625 0.641667 0.0640625 0.652778 0.065625 0.655556 0.065625 0.663889 0.0671875 0.666667 0.0671875 0.669444 0.06875 0.672222 0.06875 0.677778 0.0703125 0.680556 0.0703125 0.688889 0.071875 0.691667 0.071875 0.722222 0.0734375 0.725 0.0734375 0.741667 0.075 0.744444 0.075 0.755556 0.0765625 0.758333 0.0765625 0.769444 0.232812 0.769444 0.232812 0.761111 0.225 0.747222 0.226562 0.744444 0.226562 0.736111 0.225 0.733333 0.225 0.727778 0.223438 0.725 0.223438 0.708333 0.221875 0.705556 0.221875 0.688889 0.220313 0.686111 0.220313 0.644444 0.221875 0.641667 0.221875 0.636111 0.223438 0.633333 0.223438 0.627778 0.225 0.625 0.225 0.622222 0.226562 0.619444 0.226562 0.616667 0.228125 0.613889 0.228125 0.608333 0.229687 0.605556 0.229687 0.602778 0.23125 0.6 0.23125 0.597222 0.234375 0.591667 0.239063 0.591667 0.239063 0.325 0.234375 0.325 0.229687 0.316667 0.228125 0.316667 0.226562 0.313889 0.223438 0.313889 0.221875 0.311111 0.210938 0.311111 0.209375 0.308333 0.207813 0.308333 0.20625 0.311111 0.198437 0.311111 0.196875 0.308333 0.195312 0.311111 0.176563 0.311111 0.175 0.308333 0.159375 0.308333 0.157813 0.305556 0.15625 0.308333 0.151562 0.308333 0.15 0.305556 0.1375 0.305556 0.135937 0.302778 0.135937 0.294444
67 0.271875 0.15 0.271875 0.161111 0.270312 0.163889 0.270312 0.172222 0.26875 0.175 0.26875 0.258333 0.267188 0.261111 0.267188 0.319444 0.265625 0.322222 0.265625 0.383333 0.264062 0.386111 0.264062 0.413889 0.2625 0.416667 0.2625 0.452778 0.260938 0.455556 0.260938 0.55 0.259375 0.552778 0.259375 0.580556 0.257812 0.583333 0.257812 0.613889 0.25625 0.616667 0.25625 0.638889 0.254687 0.641667 0.254687 0.666667 0.253125 0.669444 0.253125 0.686111 0.248437 0.694444 0.248437 0.7 0.24375 0.708333 0.242188 0.708333 0.240625 0.711111 0.234375 0.711111 0.234375 0.841667 0.240625 0.841667 0.242188 0.844444 0.24375 0.844444 0.245312 0.847222 0.246875 0.847222 0.248437 0.85 0.253125 0.85 0.254687 0.852778 0.259375 0.852778 0.260938 0.855556 0.264062 0.855556 0.265625 0.858333 0.26875 0.858333 0.270312 0.861111 0.275 0.861111 0.276563 0.863889 0.282813 0.863889 0.284375 0.866667 0.295312 0.866667 0.296875 0.869444 0.307813 0.869444 0.309375 0.872222 0.325 0.872222 0.326562 0.875 0.342187 0.875 0.34375 0.872222 0.35625 0.872222 0.357812 0.869444 0.3625 0.869444 0.364062 0.866667 0.371875 0.866667 0.373437 0.863889 0.379687 0.863889 0.38125 0.861111 0.382812 0.861111 0.385938 0.855556 0.3875 0.855556 0.392188 0.847222 0.39375 0.847222 0.409375 0.819444 0.410937 0.819444 0.4125 0.816667 0.414062 0.816667 0.415625 0.813889 0.417188 0.813889 0.423438 0.802778 0.425 0.802778 0.43125 0.791667 0.432813 0.791667 0.4375 0.783333 0.439063 0.783333 0.440625 0.780556 0.442187 0.780556 0.44375 0.777778 0.446875 0.777778 0.448438 0.775 0.453125 0.775 0.454688 0.772222 0.478125 0.772222 0.479688 0.775 0.48125 0.775 0.482812 0.777778 0.484375 0.777778 0.485938 0.780556 0.4875 0.780556 0.489062 0.783333 0.489062 0.786111 0.492188 0.791667 0.492188 0.8 0.49375 0.802778 0.49375 0.811111 0.495313 0.813889 0.495313 0.825 0.49375 0.827778 0.49375 0.836111 0.492188 0.838889 0.492188 0.841667 0.490625 0.844444 0.490625 0.847222 0.489062 0.85 0.489062 0.852778 0.482812 0.863889 0.482812 0.866667 0.48125 0.869444 0.48125 0.872222 0.479688 0.875 0.479688 0.886111 0.478125 0.888889 0.478125 0.891667 0.476562 0.894444 0.476562 0.897222 0.471875 0.905556 0.471875 0.908333 0.470313 0.911111 0.470313 0.925 0.471875 0.927778 0.478125 0.927778 0.48125 0.933333 0.48125 0.936111 0.482812 0.938889 0.482812 0.947222 0.56875 0.947222 0.56875 0.938889 0.567187 0.936111 0.567187 0.933333 0.565625 0.930556 0.565625 0.922222 0.56875 0.916667 0.571875 0.916667 0.573438 0.913889 0.595312 0.913889 0.596875 0.916667 0.60625 0.916667 0.607813 0.919444 0.63125 0.919444 0.632812 0.922222 0.6625 0.922222 0.664062 0.925 0.68125 0.925 0.682813 0.927778 0.695312 0.927778 0.696875 0.930556 0.732813 0.930556 0.734375 0.933333 0.751562 0.933333 0.753125 0.936111 0.757812 0.936111 0.759375 0.938889 0.759375 0.947222 0.814062 0.947222 0.814062 0.938889 0.817187 0.933333 0.820312 0.933333 0.821875 0.930556 0.826563 0.930556 0.828125 0.927778 0.83125 0.927778 0.832812 0.925 0.834375 0.925 0.8375 0.919444 0.839063 0.919444 0.840625 0.916667 0.842188 0.916667 0.84375 0.913889 0.845312 0.913889 0.846875 0.911111 0.848437 0.911111 0.85 0.908333 0.851562 0.908333 0.853125 0.905556 0.854688 0.905556 0.860937 0.894444 0.8625 0.894444 0.865625 0.888889 0.865625 0.886111 0.867188 0.883333 0.867188 0.877778 0.86875 0.875 0.86875 0.869444 0.870313 0.866667 0.870313 0.858333 0.871875 0.855556 0.871875 0.813889 0.873438 0.811111 0.873438 0.791667 0.875 0.788889 0.875 0.769444 0.876562 0.766667 0.876562 0.747222 0.878125 0.744444 0.878125 0.680556 0.876562 0.677778 0.876562 0.647222 0.878125 0.644444 0.878125 0.583333 0.879687 0.580556 0.879687 0.527778 0.88125 0.525 0.88125 0.494444 0.882812 0.491667 0.882812 0.455556 0.884375 0.452778 0.884375 0.413889 0.885938 0.411111 0.885938 0.377778 0.8875 0.375 0.8875 0.355556 0.889063 0.352778 0.889063 0.344444 0.890625 0.341667 0.895312 0.341667 0.895312 0.205556 0.890625 0.205556 0.889063 0.202778 0.882812 0.202778 0.88125 0.2 0.873438 0.2 0.871875 0.197222 0.864062 0.197222 0.8625 0.194444 0.8375 0.194444 0.835938 0.191667 0.80625 0.191667 0.804688 0.188889 0.773438 0.188889 0.771875 0.186111 0.740625 0.186111 0.739062 0.183333 0.679688 0.183333 0.678125 0.180556 0.645312 0.180556 0.64375 0.177778 0.617188 0.177778 0.615625 0.175 0.548437 0.175 0.546875 0.172222 0.528125 0.172222 0.526563 0.169444 0.509375 0.169444 0.507812 0.166667 0.475 0.166667 0.473437 0.163889 0.453125 0.163889 0.451562 0.161111 0.442187 0.161111 0.440625 0.158333 0.440625 0.15
0 0.442187 0.772222 0.442187 0.780556 0.429688 0.802778 0.428125 0.802778 0.417188 0.822222 0.415625 0.822222 0.389062 0.869444 0.3875 0.869444 0.384375 0.875 0.384375 0.877778 0.376563 0.891667 0.375 0.891667 0.373437 0.894444 0.371875 0.894444 0.370313 0.897222 0.36875 0.897222 0.365625 0.902778 0.364062 0.902778 0.360938 0.908333 0.359375 0.908333 0.35625 0.913889 0.354688 0.913889 0.351562 0.919444 0.35 0.919444 0.346875 0.925 0.345313 0.925 0.34375 0.927778 0.342187 0.927778 0.340625 0.930556 0.339063 0.930556 0.3375 0.933333 0.335938 0.933333 0.334375 0.936111 0.332812 0.936111 0.33125 0.938889 0.328125 0.938889 0.326562 0.941667 0.323438 0.941667 0.321875 0.944444 0.317187 0.944444 0.315625 0.947222 0.3125 0.947222 0.310937 0.95 0.295312 0.95 0.29375 0.952778 0.2875 0.952778 0.285937 0.955556 0.28125 0.955556 0.279687 0.958333 0.278125 0.958333 0.276563 0.961111 0.271875 0.961111 0.270312 0.963889 0.26875 0.963889 0.267188 0.966667 0.265625 0.966667 0.264062 0.969444 0.260938 0.969444 0.259375 0.972222 0.240625 0.972222 0.240625 1 0.46875 1 0.46875 0.991667 0.467187 0.988889 0.467187 0.986111 0.464063 0.980556 0.464063 0.977778 0.4625 0.977778 0.457812 0.969444 0.45625 0.969444 0.454688 0.966667 0.448438 0.966667 0.446875 0.963889 0.445312 0.966667 0.439063 0.966667 0.4375 0.969444 0.435937 0.969444 0.434375 0.972222 0.43125 0.972222 0.429688 0.975 0.426562 0.975 0.423438 0.969444 0.425 0.966667 0.425 0.961111 0.429688 0.952778 0.429688 0.95 0.440625 0.930556 0.442187 0.930556 0.454688 0.908333 0.454688 0.905556 0.45625 0.902778 0.45625 0.9 0.473437 0.869444 0.475 0.869444 0.4875 0.847222 0.4875 0.844444 0.489062 0.841667 0.489062 0.838889 0.490625 0.836111 0.490625 0.833333 0.492188 0.830556 0.492188 0.805556 0.490625 0.802778 0.490625 0.8 0.489062 0.797222 0.489062 0.794444 0.4875 0.791667 0.4875 0.786111 0.485938 0.783333 0.485938 0.772222
67 0.009375 0.294444 0.009375 0.305556 0.0109375 0.308333 0.0109375 0.311111 0.0125 0.313889 0.0109375 0.316667 0.0109375 0.319444 0.009375 0.322222 0.009375 0.325 0.0078125 0.327778 0.0078125 0.330556 0.0046875 0.336111 0.0046875 0.352778 0.003125 0.355556 0.003125 0.358333 0.0015625 0.361111 0 0.361111 0 0.388889 0.003125 0.388889 0.0140625 0.408333 0.0140625 0.411111 0.015625 0.413889 0.015625 0.416667 0.01875 0.422222 0.01875 0.425 0.0234375 0.433333 0.0234375 0.436111 0.0296875 0.447222 0.0296875 0.45 0.03125 0.452778 0.03125 0.458333 0.0328125 0.461111 0.0328125 0.463889 0.034375 0.466667 0.034375 0.469444 0.0359375 0.472222 0.0359375 0.475 0.0375 0.477778 0.0375 0.483333 0.0390625 0.486111 0.0390625 0.494444 0.040625 0.497222 0.040625 0.502778 0.0421875 0.505556 0.0421875 0.511111 0.04375 0.513889 0.04375 0.522222 0.0453125 0.525 0.0453125 0.530556 0.046875 0.533333 0.046875 0.538889 0.0484375 0.541667 0.0484375 0.55 0.05 0.552778 0.05 0.558333 0.0515625 0.561111 0.0515625 0.569444 0.053125 0.572222 0.053125 0.575 0.0546875 0.577778 0.0546875 0.586111 0.05625 0.588889 0.05625 0.594444 0.0578125 0.597222 0.0578125 0.602778 0.059375 0.605556 0.059375 0.613889 0.0609375 0.616667 0.0609375 0.625 0.0625 0.627778 0.0625 0.638889 0.0640625 0.641667 0.0640625 0.652778 0.065625 0.655556 0.065625 0.663889 0.0671875 0.666667 0.0671875 0.669444 0.06875 0.672222 0.06875 0.677778 0.0703125 0.680556 0.0703125 0.688889 0.071875 0.691667 0.071875 0.722222 0.0734375 0.725 0.0734375 0.741667 0.075 0.744444 0.075 0.755556 0.0765625 0.758333 0.0765625 0.769444 0.232812 0.769444 0.232812 0.761111 0.225 0.747222 0.226562 0.744444 0.226562 0.736111 0.225 0.733333 0.225 0.727778 0.223438 0.725 0.223438 0.708333 0.221875 0.705556 0.221875 0.688889 0.220313 0.686111 0.220313 0.644444 0.221875 0.641667 0.221875 0.636111 0.223438 0.633333 0.223438 0.627778 0.225 0.625 0.225 0.622222 0.226562 0.619444 0.226562 0.616667 0.228125 0.613889 0.228125 0.608333 0.229687 0.605556 0.229687 0.602778 0.23125 0.6 0.23125 0.597222 0.234375 0.591667 0.239063 0.591667 0.239063 0.325 0.234375 0.325 0.229687 0.316667 0.228125 0.316667 0.226562 0.313889 0.223438 0.313889 0.221875 0.311111 0.210938 0.311111 0.209375 0.308333 0.207813 0.308333 0.20625 0.311111 0.198437 0.311111 0.196875 0.308333 0.195312 0.311111 0.176563 0.311111 0.175 0.308333 0.159375 0.308333 0.157813 0.305556 0.15625 0.308333 0.151562 0.308333 0.15 0.305556 0.1375 0.305556 0.135937 0.302778 0.135937 0.294444
67 0.271875 0.15 0.271875 0.161111 0.270312 0.163889 0.270312 0.172222 0.26875 0.175 0.26875 0.258333 0.267188 0.261111 0.267188 0.319444 0.265625 0.322222 0.265625 0.383333 0.264062 0.386111 0.264062 0.413889 0.2625 0.416667 0.2625 0.452778 0.260938 0.455556 0.260938 0.55 0.259375 0.552778 0.259375 0.580556 0.257812 0.583333 0.257812 0.613889 0.25625 0.616667 0.25625 0.638889 0.254687 0.641667 0.254687 0.666667 0.253125 0.669444 0.253125 0.686111 0.248437 0.694444 0.248437 0.7 0.24375 0.708333 0.242188 0.708333 0.240625 0.711111 0.234375 0.711111 0.234375 0.841667 0.240625 0.841667 0.242188 0.844444 0.24375 0.844444 0.245312 0.847222 0.246875 0.847222 0.248437 0.85 0.253125 0.85 0.254687 0.852778 0.259375 0.852778 0.260938 0.855556 0.264062 0.855556 0.265625 0.858333 0.26875 0.858333 0.270312 0.861111 0.275 0.861111 0.276563 0.863889 0.282813 0.863889 0.284375 0.866667 0.295312 0.866667 0.296875 0.869444 0.307813 0.869444 0.309375 0.872222 0.325 0.872222 0.326562 0.875 0.342187 0.875 0.34375 0.872222 0.35625 0.872222 0.357812 0.869444 0.3625 0.869444 0.364062 0.866667 0.371875 0.866667 0.373437 0.863889 0.379687 0.863889 0.38125 0.861111 0.382812 0.861111 0.385938 0.855556 0.3875 0.855556 0.392188 0.847222 0.39375 0.847222 0.409375 0.819444 0.410937 0.819444 0.4125 0.816667 0.414062 0.816667 0.415625 0.813889 0.417188 0.813889 0.423438 0.802778 0.425 0.802778 0.43125 0.791667 0.432813 0.791667 0.4375 0.783333 0.439063 0.783333 0.440625 0.780556 0.442187 0.780556 0.44375 0.777778 0.446875 0.777778 0.448438 0.775 0.453125 0.775 0.454688 0.772222 0.478125 0.772222 0.479688 0.775 0.48125 0.775 0.482812 0.777778 0.484375 0.777778 0.485938 0.780556 0.4875 0.780556 0.489062 0.783333 0.489062 0.786111 0.492188 0.791667 0.492188 0.8 0.49375 0.802778 0.49375 0.811111 0.495313 0.813889 0.495313 0.825 0.49375 0.827778 0.49375 0.836111 0.492188 0.838889 0.492188 0.841667 0.490625 0.844444 0.490625 0.847222 0.489062 0.85 0.489062 0.852778 0.482812 0.863889 0.482812 0.866667 0.48125 0.869444 0.48125 0.872222 0.479688 0.875 0.479688 0.886111 0.478125 0.888889 0.478125 0.891667 0.476562 0.894444 0.476562 0.897222 0.471875 0.905556 0.471875 0.908333 0.470313 0.911111 0.470313 0.925 0.471875 0.927778 0.478125 0.927778 0.48125 0.933333 0.48125 0.936111 0.482812 0.938889 0.482812 0.947222 0.56875 0.947222 0.56875 0.938889 0.567187 0.936111 0.567187 0.933333 0.565625 0.930556 0.565625 0.922222 0.56875 0.916667 0.571875 0.916667 0.573438 0.913889 0.595312 0.913889 0.596875 0.916667 0.60625 0.916667 0.607813 0.919444 0.63125 0.919444 0.632812 0.922222 0.6625 0.922222 0.664062 0.925 0.68125 0.925 0.682813 0.927778 0.695312 0.927778 0.696875 0.930556 0.732813 0.930556 0.734375 0.933333 0.751562 0.933333 0.753125 0.936111 0.757812 0.936111 0.759375 0.938889 0.759375 0.947222 0.814062 0.947222 0.814062 0.938889 0.817187 0.933333 0.820312 0.933333 0.821875 0.930556 0.826563 0.930556 0.828125 0.927778 0.83125 0.927778 0.832812 0.925 0.834375 0.925 0.8375 0.919444 0.839063 0.919444 0.840625 0.916667 0.842188 0.916667 0.84375 0.913889 0.845312 0.913889 0.846875 0.911111 0.848437 0.911111 0.85 0.908333 0.851562 0.908333 0.853125 0.905556 0.854688 0.905556 0.860937 0.894444 0.8625 0.894444 0.865625 0.888889 0.865625 0.886111 0.867188 0.883333 0.867188 0.877778 0.86875 0.875 0.86875 0.869444 0.870313 0.866667 0.870313 0.858333 0.871875 0.855556 0.871875 0.813889 0.873438 0.811111 0.873438 0.791667 0.875 0.788889 0.875 0.769444 0.876562 0.766667 0.876562 0.747222 0.878125 0.744444 0.878125 0.680556 0.876562 0.677778 0.876562 0.647222 0.878125 0.644444 0.878125 0.583333 0.879687 0.580556 0.879687 0.527778 0.88125 0.525 0.88125 0.494444 0.882812 0.491667 0.882812 0.455556 0.884375 0.452778 0.884375 0.413889 0.885938 0.411111 0.885938 0.377778 0.8875 0.375 0.8875 0.355556 0.889063 0.352778 0.889063 0.344444 0.890625 0.341667 0.895312 0.341667 0.895312 0.205556 0.890625 0.205556 0.889063 0.202778 0.882812 0.202778 0.88125 0.2 0.873438 0.2 0.871875 0.197222 0.864062 0.197222 0.8625 0.194444 0.8375 0.194444 0.835938 0.191667 0.80625 0.191667 0.804688 0.188889 0.773438 0.188889 0.771875 0.186111 0.740625 0.186111 0.739062 0.183333 0.679688 0.183333 0.678125 0.180556 0.645312 0.180556 0.64375 0.177778 0.617188 0.177778 0.615625 0.175 0.548437 0.175 0.546875 0.172222 0.528125 0.172222 0.526563 0.169444 0.509375 0.169444 0.507812 0.166667 0.475 0.166667 0.473437 0.163889 0.453125 0.163889 0.451562 0.161111 0.442187 0.161111 0.440625 0.158333 0.440625 0.15
0 0.442187 0.772222 0.442187 0.780556 0.429688 0.802778 0.428125 0.802778 0.417188 0.822222 0.415625 0.822222 0.389062 0.869444 0.3875 0.869444 0.384375 0.875 0.384375 0.877778 0.376563 0.891667 0.375 0.891667 0.373437 0.894444 0.371875 0.894444 0.370313 0.897222 0.36875 0.897222 0.365625 0.902778 0.364062 0.902778 0.360938 0.908333 0.359375 0.908333 0.35625 0.913889 0.354688 0.913889 0.351562 0.919444 0.35 0.919444 0.346875 0.925 0.345313 0.925 0.34375 0.927778 0.342187 0.927778 0.340625 0.930556 0.339063 0.930556 0.3375 0.933333 0.335938 0.933333 0.334375 0.936111 0.332812 0.936111 0.33125 0.938889 0.328125 0.938889 0.326562 0.941667 0.323438 0.941667 0.321875 0.944444 0.317187 0.944444 0.315625 0.947222 0.3125 0.947222 0.310937 0.95 0.295312 0.95 0.29375 0.952778 0.2875 0.952778 0.285937 0.955556 0.28125 0.955556 0.279687 0.958333 0.278125 0.958333 0.276563 0.961111 0.271875 0.961111 0.270312 0.963889 0.26875 0.963889 0.267188 0.966667 0.265625 0.966667 0.264062 0.969444 0.260938 0.969444 0.259375 0.972222 0.240625 0.972222 0.240625 1 0.46875 1 0.46875 0.991667 0.467187 0.988889 0.467187 0.986111 0.464063 0.980556 0.464063 0.977778 0.4625 0.977778 0.457812 0.969444 0.45625 0.969444 0.454688 0.966667 0.448438 0.966667 0.446875 0.963889 0.445312 0.966667 0.439063 0.966667 0.4375 0.969444 0.435937 0.969444 0.434375 0.972222 0.43125 0.972222 0.429688 0.975 0.426562 0.975 0.423438 0.969444 0.425 0.966667 0.425 0.961111 0.429688 0.952778 0.429688 0.95 0.440625 0.930556 0.442187 0.930556 0.454688 0.908333 0.454688 0.905556 0.45625 0.902778 0.45625 0.9 0.473437 0.869444 0.475 0.869444 0.4875 0.847222 0.4875 0.844444 0.489062 0.841667 0.489062 0.838889 0.490625 0.836111 0.490625 0.833333 0.492188 0.830556 0.492188 0.805556 0.490625 0.802778 0.490625 0.8 0.489062 0.797222 0.489062 0.794444 0.4875 0.791667 0.4875 0.786111 0.485938 0.783333 0.485938 0.772222
67 0.009375 0.294444 0.009375 0.305556 0.0109375 0.308333 0.0109375 0.311111 0.0125 0.313889 0.0109375 0.316667 0.0109375 0.319444 0.009375 0.322222 0.009375 0.325 0.0078125 0.327778 0.0078125 0.330556 0.0046875 0.336111 0.0046875 0.352778 0.003125 0.355556 0.003125 0.358333 0.0015625 0.361111 0 0.361111 0 0.388889 0.003125 0.388889 0.0140625 0.408333 0.0140625 0.411111 0.015625 0.413889 0.015625 0.416667 0.01875 0.422222 0.01875 0.425 0.0234375 0.433333 0.0234375 0.436111 0.0296875 0.447222 0.0296875 0.45 0.03125 0.452778 0.03125 0.458333 0.0328125 0.461111 0.0328125 0.463889 0.034375 0.466667 0.034375 0.469444 0.0359375 0.472222 0.0359375 0.475 0.0375 0.477778 0.0375 0.483333 0.0390625 0.486111 0.0390625 0.494444 0.040625 0.497222 0.040625 0.502778 0.0421875 0.505556 0.0421875 0.511111 0.04375 0.513889 0.04375 0.522222 0.0453125 0.525 0.0453125 0.530556 0.046875 0.533333 0.046875 0.538889 0.0484375 0.541667 0.0484375 0.55 0.05 0.552778 0.05 0.558333 0.0515625 0.561111 0.0515625 0.569444 0.053125 0.572222 0.053125 0.575 0.0546875 0.577778 0.0546875 0.586111 0.05625 0.588889 0.05625 0.594444 0.0578125 0.597222 0.0578125 0.602778 0.059375 0.605556 0.059375 0.613889 0.0609375 0.616667 0.0609375 0.625 0.0625 0.627778 0.0625 0.638889 0.0640625 0.641667 0.0640625 0.652778 0.065625 0.655556 0.065625 0.663889 0.0671875 0.666667 0.0671875 0.669444 0.06875 0.672222 0.06875 0.677778 0.0703125 0.680556 0.0703125 0.688889 0.071875 0.691667 0.071875 0.722222 0.0734375 0.725 0.0734375 0.741667 0.075 0.744444 0.075 0.755556 0.0765625 0.758333 0.0765625 0.769444 0.232812 0.769444 0.232812 0.761111 0.225 0.747222 0.226562 0.744444 0.226562 0.736111 0.225 0.733333 0.225 0.727778 0.223438 0.725 0.223438 0.708333 0.221875 0.705556 0.221875 0.688889 0.220313 0.686111 0.220313 0.644444 0.221875 0.641667 0.221875 0.636111 0.223438 0.633333 0.223438 0.627778 0.225 0.625 0.225 0.622222 0.226562 0.619444 0.226562 0.616667 0.228125 0.613889 0.228125 0.608333 0.229687 0.605556 0.229687 0.602778 0.23125 0.6 0.23125 0.597222 0.234375 0.591667 0.239063 0.591667 0.239063 0.325 0.234375 0.325 0.229687 0.316667 0.228125 0.316667 0.226562 0.313889 0.223438 0.313889 0.221875 0.311111 0.210938 0.311111 0.209375 0.308333 0.207813 0.308333 0.20625 0.311111 0.198437 0.311111 0.196875 0.308333 0.195312 0.311111 0.176563 0.311111 0.175 0.308333 0.159375 0.308333 0.157813 0.305556 0.15625 0.308333 0.151562 0.308333 0.15 0.305556 0.1375 0.305556 0.135937 0.302778 0.135937 0.294444
67 0.271875 0.15 0.271875 0.161111 0.270312 0.163889 0.270312 0.172222 0.26875 0.175 0.26875 0.258333 0.267188 0.261111 0.267188 0.319444 0.265625 0.322222 0.265625 0.383333 0.264062 0.386111 0.264062 0.413889 0.2625 0.416667 0.2625 0.452778 0.260938 0.455556 0.260938 0.55 0.259375 0.552778 0.259375 0.580556 0.257812 0.583333 0.257812 0.613889 0.25625 0.616667 0.25625 0.638889 0.254687 0.641667 0.254687 0.666667 0.253125 0.669444 0.253125 0.686111 0.248437 0.694444 0.248437 0.7 0.24375 0.708333 0.242188 0.708333 0.240625 0.711111 0.234375 0.711111 0.234375 0.841667 0.240625 0.841667 0.242188 0.844444 0.24375 0.844444 0.245312 0.847222 0.246875 0.847222 0.248437 0.85 0.253125 0.85 0.254687 0.852778 0.259375 0.852778 0.260938 0.855556 0.264062 0.855556 0.265625 0.858333 0.26875 0.858333 0.270312 0.861111 0.275 0.861111 0.276563 0.863889 0.282813 0.863889 0.284375 0.866667 0.295312 0.866667 0.296875 0.869444 0.307813 0.869444 0.309375 0.872222 0.325 0.872222 0.326562 0.875 0.342187 0.875 0.34375 0.872222 0.35625 0.872222 0.357812 0.869444 0.3625 0.869444 0.364062 0.866667 0.371875 0.866667 0.373437 0.863889 0.379687 0.863889 0.38125 0.861111 0.382812 0.861111 0.385938 0.855556 0.3875 0.855556 0.392188 0.847222 0.39375 0.847222 0.409375 0.819444 0.410937 0.819444 0.4125 0.816667 0.414062 0.816667 0.415625 0.813889 0.417188 0.813889 0.423438 0.802778 0.425 0.802778 0.43125 0.791667 0.432813 0.791667 0.4375 0.783333 0.439063 0.783333 0.440625 0.780556 0.442187 0.780556 0.44375 0.777778 0.446875 0.777778 0.448438 0.775 0.453125 0.775 0.454688 0.772222 0.478125 0.772222 0.479688 0.775 0.48125 0.775 0.482812 0.777778 0.484375 0.777778 0.485938 0.780556 0.4875 0.780556 0.489062 0.783333 0.489062 0.786111 0.492188 0.791667 0.492188 0.8 0.49375 0.802778 0.49375 0.811111 0.495313 0.813889 0.495313 0.825 0.49375 0.827778 0.49375 0.836111 0.492188 0.838889 0.492188 0.841667 0.490625 0.844444 0.490625 0.847222 0.489062 0.85 0.489062 0.852778 0.482812 0.863889 0.482812 0.866667 0.48125 0.869444 0.48125 0.872222 0.479688 0.875 0.479688 0.886111 0.478125 0.888889 0.478125 0.891667 0.476562 0.894444 0.476562 0.897222 0.471875 0.905556 0.471875 0.908333 0.470313 0.911111 0.470313 0.925 0.471875 0.927778 0.478125 0.927778 0.48125 0.933333 0.48125 0.936111 0.482812 0.938889 0.482812 0.947222 0.56875 0.947222 0.56875 0.938889 0.567187 0.936111 0.567187 0.933333 0.565625 0.930556 0.565625 0.922222 0.56875 0.916667 0.571875 0.916667 0.573438 0.913889 0.595312 0.913889 0.596875 0.916667 0.60625 0.916667 0.607813 0.919444 0.63125 0.919444 0.632812 0.922222 0.6625 0.922222 0.664062 0.925 0.68125 0.925 0.682813 0.927778 0.695312 0.927778 0.696875 0.930556 0.732813 0.930556 0.734375 0.933333 0.751562 0.933333 0.753125 0.936111 0.757812 0.936111 0.759375 0.938889 0.759375 0.947222 0.814062 0.947222 0.814062 0.938889 0.817187 0.933333 0.820312 0.933333 0.821875 0.930556 0.826563 0.930556 0.828125 0.927778 0.83125 0.927778 0.832812 0.925 0.834375 0.925 0.8375 0.919444 0.839063 0.919444 0.840625 0.916667 0.842188 0.916667 0.84375 0.913889 0.845312 0.913889 0.846875 0.911111 0.848437 0.911111 0.85 0.908333 0.851562 0.908333 0.853125 0.905556 0.854688 0.905556 0.860937 0.894444 0.8625 0.894444 0.865625 0.888889 0.865625 0.886111 0.867188 0.883333 0.867188 0.877778 0.86875 0.875 0.86875 0.869444 0.870313 0.866667 0.870313 0.858333 0.871875 0.855556 0.871875 0.813889 0.873438 0.811111 0.873438 0.791667 0.875 0.788889 0.875 0.769444 0.876562 0.766667 0.876562 0.747222 0.878125 0.744444 0.878125 0.680556 0.876562 0.677778 0.876562 0.647222 0.878125 0.644444 0.878125 0.583333 0.879687 0.580556 0.879687 0.527778 0.88125 0.525 0.88125 0.494444 0.882812 0.491667 0.882812 0.455556 0.884375 0.452778 0.884375 0.413889 0.885938 0.411111 0.885938 0.377778 0.8875 0.375 0.8875 0.355556 0.889063 0.352778 0.889063 0.344444 0.890625 0.341667 0.895312 0.341667 0.895312 0.205556 0.890625 0.205556 0.889063 0.202778 0.882812 0.202778 0.88125 0.2 0.873438 0.2 0.871875 0.197222 0.864062 0.197222 0.8625 0.194444 0.8375 0.194444 0.835938 0.191667 0.80625 0.191667 0.804688 0.188889 0.773438 0.188889 0.771875 0.186111 0.740625 0.186111 0.739062 0.183333 0.679688 0.183333 0.678125 0.180556 0.645312 0.180556 0.64375 0.177778 0.617188 0.177778 0.615625 0.175 0.548437 0.175 0.546875 0.172222 0.528125 0.172222 0.526563 0.169444 0.509375 0.169444 0.507812 0.166667 0.475 0.166667 0.473437 0.163889 0.453125 0.163889 0.451562 0.161111 0.442187 0.161111 0.440625 0.158333 0.440625 0.15
0 0.442187 0.772222 0.442187 0.780556 0.429688 0.802778 0.428125 0.802778 0.417188 0.822222 0.415625 0.822222 0.389062 0.869444 0.3875 0.869444 0.384375 0.875 0.384375 0.877778 0.376563 0.891667 0.375 0.891667 0.373437 0.894444 0.371875 0.894444 0.370313 0.897222 0.36875 0.897222 0.365625 0.902778 0.364062 0.902778 0.360938 0.908333 0.359375 0.908333 0.35625 0.913889 0.354688 0.913889 0.351562 0.919444 0.35 0.919444 0.346875 0.925 0.345313 0.925 0.34375 0.927778 0.342187 0.927778 0.340625 0.930556 0.339063 0.930556 0.3375 0.933333 0.335938 0.933333 0.334375 0.936111 0.332812 0.936111 0.33125 0.938889 0.328125 0.938889 0.326562 0.941667 0.323438 0.941667 0.321875 0.944444 0.317187 0.944444 0.315625 0.947222 0.3125 0.947222 0.310937 0.95 0.295312 0.95 0.29375 0.952778 0.2875 0.952778 0.285937 0.955556 0.28125 0.955556 0.279687 0.958333 0.278125 0.958333 0.276563 0.961111 0.271875 0.961111 0.270312 0.963889 0.26875 0.963889 0.267188 0.966667 0.265625 0.966667 0.264062 0.969444 0.260938 0.969444 0.259375 0.972222 0.240625 0.972222 0.240625 1 0.46875 1 0.46875 0.991667 0.467187 0.988889 0.467187 0.986111 0.464063 0.980556 0.464063 0.977778 0.4625 0.977778 0.457812 0.969444 0.45625 0.969444 0.454688 0.966667 0.448438 0.966667 0.446875 0.963889 0.445312 0.966667 0.439063 0.966667 0.4375 0.969444 0.435937 0.969444 0.434375 0.972222 0.43125 0.972222 0.429688 0.975 0.426562 0.975 0.423438 0.969444 0.425 0.966667 0.425 0.961111 0.429688 0.952778 0.429688 0.95 0.440625 0.930556 0.442187 0.930556 0.454688 0.908333 0.454688 0.905556 0.45625 0.902778 0.45625 0.9 0.473437 0.869444 0.475 0.869444 0.4875 0.847222 0.4875 0.844444 0.489062 0.841667 0.489062 0.838889 0.490625 0.836111 0.490625 0.833333 0.492188 0.830556 0.492188 0.805556 0.490625 0.802778 0.490625 0.8 0.489062 0.797222 0.489062 0.794444 0.4875 0.791667 0.4875 0.786111 0.485938 0.783333 0.485938 0.772222
67 0.009375 0.294444 0.009375 0.305556 0.0109375 0.308333 0.0109375 0.311111 0.0125 0.313889 0.0109375 0.316667 0.0109375 0.319444 0.009375 0.322222 0.009375 0.325 0.0078125 0.327778 0.0078125 0.330556 0.0046875 0.336111 0.0046875 0.352778 0.003125 0.355556 0.003125 0.358333 0.0015625 0.361111 0 0.361111 0 0.388889 0.003125 0.388889 0.0140625 0.408333 0.0140625 0.411111 0.015625 0.413889 0.015625 0.416667 0.01875 0.422222 0.01875 0.425 0.0234375 0.433333 0.0234375 0.436111 0.0296875 0.447222 0.0296875 0.45 0.03125 0.452778 0.03125 0.458333 0.0328125 0.461111 0.0328125 0.463889 0.034375 0.466667 0.034375 0.469444 0.0359375 0.472222 0.0359375 0.475 0.0375 0.477778 0.0375 0.483333 0.0390625 0.486111 0.0390625 0.494444 0.040625 0.497222 0.040625 0.502778 0.0421875 0.505556 0.0421875 0.511111 0.04375 0.513889 0.04375 0.522222 0.0453125 0.525 0.0453125 0.530556 0.046875 0.533333 0.046875 0.538889 0.0484375 0.541667 0.0484375 0.55 0.05 0.552778 0.05 0.558333 0.0515625 0.561111 0.0515625 0.569444 0.053125 0.572222 0.053125 0.575 0.0546875 0.577778 0.0546875 0.586111 0.05625 0.588889 0.05625 0.594444 0.0578125 0.597222 0.0578125 0.602778 0.059375 0.605556 0.059375 0.613889 0.0609375 0.616667 0.0609375 0.625 0.0625 0.627778 0.0625 0.638889 0.0640625 0.641667 0.0640625 0.652778 0.065625 0.655556 0.065625 0.663889 0.0671875 0.666667 0.0671875 0.669444 0.06875 0.672222 0.06875 0.677778 0.0703125 0.680556 0.0703125 0.688889 0.071875 0.691667 0.071875 0.722222 0.0734375 0.725 0.0734375 0.741667 0.075 0.744444 0.075 0.755556 0.0765625 0.758333 0.0765625 0.769444 0.232812 0.769444 0.232812 0.761111 0.225 0.747222 0.226562 0.744444 0.226562 0.736111 0.225 0.733333 0.225 0.727778 0.223438 0.725 0.223438 0.708333 0.221875 0.705556 0.221875 0.688889 0.220313 0.686111 0.220313 0.644444 0.221875 0.641667 0.221875 0.636111 0.223438 0.633333 0.223438 0.627778 0.225 0.625 0.225 0.622222 0.226562 0.619444 0.226562 0.616667 0.228125 0.613889 0.228125 0.608333 0.229687 0.605556 0.229687 0.602778 0.23125 0.6 0.23125 0.597222 0.234375 0.591667 0.239063 0.591667 0.239063 0.325 0.234375 0.325 0.229687 0.316667 0.228125 0.316667 0.226562 0.313889 0.223438 0.313889 0.221875 0.311111 0.210938 0.311111 0.209375 0.308333 0.207813 0.308333 0.20625 0.311111 0.198437 0.311111 0.196875 0.308333 0.195312 0.311111 0.176563 0.311111 0.175 0.308333 0.159375 0.308333 0.157813 0.305556 0.15625 0.308333 0.151562 0.308333 0.15 0.305556 0.1375 0.305556 0.135937 0.302778 0.135937 0.294444
67 0.271875 0.15 0.271875 0.161111 0.270312 0.163889 0.270312 0.172222 0.26875 0.175 0.26875 0.258333 0.267188 0.261111 0.267188 0.319444 0.265625 0.322222 0.265625 0.383333 0.264062 0.386111 0.264062 0.413889 0.2625 0.416667 0.2625 0.452778 0.260938 0.455556 0.260938 0.55 0.259375 0.552778 0.259375 0.580556 0.257812 0.583333 0.257812 0.613889 0.25625 0.616667 0.25625 0.638889 0.254687 0.641667 0.254687 0.666667 0.253125 0.669444 0.253125 0.686111 0.248437 0.694444 0.248437 0.7 0.24375 0.708333 0.242188 0.708333 0.240625 0.711111 0.234375 0.711111 0.234375 0.841667 0.240625 0.841667 0.242188 0.844444 0.24375 0.844444 0.245312 0.847222 0.246875 0.847222 0.248437 0.85 0.253125 0.85 0.254687 0.852778 0.259375 0.852778 0.260938 0.855556 0.264062 0.855556 0.265625 0.858333 0.26875 0.858333 0.270312 0.861111 0.275 0.861111 0.276563 0.863889 0.282813 0.863889 0.284375 0.866667 0.295312 0.866667 0.296875 0.869444 0.307813 0.869444 0.309375 0.872222 0.325 0.872222 0.326562 0.875 0.342187 0.875 0.34375 0.872222 0.35625 0.872222 0.357812 0.869444 0.3625 0.869444 0.364062 0.866667 0.371875 0.866667 0.373437 0.863889 0.379687 0.863889 0.38125 0.861111 0.382812 0.861111 0.385938 0.855556 0.3875 0.855556 0.392188 0.847222 0.39375 0.847222 0.409375 0.819444 0.410937 0.819444 0.4125 0.816667 0.414062 0.816667 0.415625 0.813889 0.417188 0.813889 0.423438 0.802778 0.425 0.802778 0.43125 0.791667 0.432813 0.791667 0.4375 0.783333 0.439063 0.783333 0.440625 0.780556 0.442187 0.780556 0.44375 0.777778 0.446875 0.777778 0.448438 0.775 0.453125 0.775 0.454688 0.772222 0.478125 0.772222 0.479688 0.775 0.48125 0.775 0.482812 0.777778 0.484375 0.777778 0.485938 0.780556 0.4875 0.780556 0.489062 0.783333 0.489062 0.786111 0.492188 0.791667 0.492188 0.8 0.49375 0.802778 0.49375 0.811111 0.495313 0.813889 0.495313 0.825 0.49375 0.827778 0.49375 0.836111 0.492188 0.838889 0.492188 0.841667 0.490625 0.844444 0.490625 0.847222 0.489062 0.85 0.489062 0.852778 0.482812 0.863889 0.482812 0.866667 0.48125 0.869444 0.48125 0.872222 0.479688 0.875 0.479688 0.886111 0.478125 0.888889 0.478125 0.891667 0.476562 0.894444 0.476562 0.897222 0.471875 0.905556 0.471875 0.908333 0.470313 0.911111 0.470313 0.925 0.471875 0.927778 0.478125 0.927778 0.48125 0.933333 0.48125 0.936111 0.482812 0.938889 0.482812 0.947222 0.56875 0.947222 0.56875 0.938889 0.567187 0.936111 0.567187 0.933333 0.565625 0.930556 0.565625 0.922222 0.56875 0.916667 0.571875 0.916667 0.573438 0.913889 0.595312 0.913889 0.596875 0.916667 0.60625 0.916667 0.607813 0.919444 0.63125 0.919444 0.632812 0.922222 0.6625 0.922222 0.664062 0.925 0.68125 0.925 0.682813 0.927778 0.695312 0.927778 0.696875 0.930556 0.732813 0.930556 0.734375 0.933333 0.751562 0.933333 0.753125 0.936111 0.757812 0.936111 0.759375 0.938889 0.759375 0.947222 0.814062 0.947222 0.814062 0.938889 0.817187 0.933333 0.820312 0.933333 0.821875 0.930556 0.826563 0.930556 0.828125 0.927778 0.83125 0.927778 0.832812 0.925 0.834375 0.925 0.8375 0.919444 0.839063 0.919444 0.840625 0.916667 0.842188 0.916667 0.84375 0.913889 0.845312 0.913889 0.846875 0.911111 0.848437 0.911111 0.85 0.908333 0.851562 0.908333 0.853125 0.905556 0.854688 0.905556 0.860937 0.894444 0.8625 0.894444 0.865625 0.888889 0.865625 0.886111 0.867188 0.883333 0.867188 0.877778 0.86875 0.875 0.86875 0.869444 0.870313 0.866667 0.870313 0.858333 0.871875 0.855556 0.871875 0.813889 0.873438 0.811111 0.873438 0.791667 0.875 0.788889 0.875 0.769444 0.876562 0.766667 0.876562 0.747222 0.878125 0.744444 0.878125 0.680556 0.876562 0.677778 0.876562 0.647222 0.878125 0.644444 0.878125 0.583333 0.879687 0.580556 0.879687 0.527778 0.88125 0.525 0.88125 0.494444 0.882812 0.491667 0.882812 0.455556 0.884375 0.452778 0.884375 0.413889 0.885938 0.411111 0.885938 0.377778 0.8875 0.375 0.8875 0.355556 0.889063 0.352778 0.889063 0.344444 0.890625 0.341667 0.895312 0.341667 0.895312 0.205556 0.890625 0.205556 0.889063 0.202778 0.882812 0.202778 0.88125 0.2 0.873438 0.2 0.871875 0.197222 0.864062 0.197222 0.8625 0.194444 0.8375 0.194444 0.835938 0.191667 0.80625 0.191667 0.804688 0.188889 0.773438 0.188889 0.771875 0.186111 0.740625 0.186111 0.739062 0.183333 0.679688 0.183333 0.678125 0.180556 0.645312 0.180556 0.64375 0.177778 0.617188 0.177778 0.615625 0.175 0.548437 0.175 0.546875 0.172222 0.528125 0.172222 0.526563 0.169444 0.509375 0.169444 0.507812 0.166667 0.475 0.166667 0.473437 0.163889 0.453125 0.163889 0.451562 0.161111 0.442187 0.161111 0.440625 0.158333 0.440625 0.15
0 0.442187 0.772222 0.442187 0.780556 0.429688 0.802778 0.428125 0.802778 0.417188 0.822222 0.415625 0.822222 0.389062 0.869444 0.3875 0.869444 0.384375 0.875 0.384375 0.877778 0.376563 0.891667 0.375 0.891667 0.373437 0.894444 0.371875 0.894444 0.370313 0.897222 0.36875 0.897222 0.365625 0.902778 0.364062 0.902778 0.360938 0.908333 0.359375 0.908333 0.35625 0.913889 0.354688 0.913889 0.351562 0.919444 0.35 0.919444 0.346875 0.925 0.345313 0.925 0.34375 0.927778 0.342187 0.927778 0.340625 0.930556 0.339063 0.930556 0.3375 0.933333 0.335938 0.933333 0.334375 0.936111 0.332812 0.936111 0.33125 0.938889 0.328125 0.938889 0.326562 0.941667 0.323438 0.941667 0.321875 0.944444 0.317187 0.944444 0.315625 0.947222 0.3125 0.947222 0.310937 0.95 0.295312 0.95 0.29375 0.952778 0.2875 0.952778 0.285937 0.955556 0.28125 0.955556 0.279687 0.958333 0.278125 0.958333 0.276563 0.961111 0.271875 0.961111 0.270312 0.963889 0.26875 0.963889 0.267188 0.966667 0.265625 0.966667 0.264062 0.969444 0.260938 0.969444 0.259375 0.972222 0.240625 0.972222 0.240625 1 0.46875 1 0.46875 0.991667 0.467187 0.988889 0.467187 0.986111 0.464063 0.980556 0.464063 0.977778 0.4625 0.977778 0.457812 0.969444 0.45625 0.969444 0.454688 0.966667 0.448438 0.966667 0.446875 0.963889 0.445312 0.966667 0.439063 0.966667 0.4375 0.969444 0.435937 0.969444 0.434375 0.972222 0.43125 0.972222 0.429688 0.975 0.426562 0.975 0.423438 0.969444 0.425 0.966667 0.425 0.961111 0.429688 0.952778 0.429688 0.95 0.440625 0.930556 0.442187 0.930556 0.454688 0.908333 0.454688 0.905556 0.45625 0.902778 0.45625 0.9 0.473437 0.869444 0.475 0.869444 0.4875 0.847222 0.4875 0.844444 0.489062 0.841667 0.489062 0.838889 0.490625 0.836111 0.490625 0.833333 0.492188 0.830556 0.492188 0.805556 0.490625 0.802778 0.490625 0.8 0.489062 0.797222 0.489062 0.794444 0.4875 0.791667 0.4875 0.786111 0.485938 0.783333 0.485938 0.772222
67 0.009375 0.294444 0.009375 0.305556 0.0109375 0.308333 0.0109375 0.311111 0.0125 0.313889 0.0109375 0.316667 0.0109375 0.319444 0.009375 0.322222 0.009375 0.325 0.0078125 0.327778 0.0078125 0.330556 0.0046875 0.336111 0.0046875 0.352778 0.003125 0.355556 0.003125 0.358333 0.0015625 0.361111 0 0.361111 0 0.388889 0.003125 0.388889 0.0140625 0.408333 0.0140625 0.411111 0.015625 0.413889 0.015625 0.416667 0.01875 0.422222 0.01875 0.425 0.0234375 0.433333 0.0234375 0.436111 0.0296875 0.447222 0.0296875 0.45 0.03125 0.452778 0.03125 0.458333 0.0328125 0.461111 0.0328125 0.463889 0.034375 0.466667 0.034375 0.469444 0.0359375 0.472222 0.0359375 0.475 0.0375 0.477778 0.0375 0.483333 0.0390625 0.486111 0.0390625 0.494444 0.040625 0.497222 0.040625 0.502778 0.0421875 0.505556 0.0421875 0.511111 0.04375 0.513889 0.04375 0.522222 0.0453125 0.525 0.0453125 0.530556 0.046875 0.533333 0.046875 0.538889 0.0484375 0.541667 0.0484375 0.55 0.05 0.552778 0.05 0.558333 0.0515625 0.561111 0.0515625 0.569444 0.053125 0.572222 0.053125 0.575 0.0546875 0.577778 0.0546875 0.586111 0.05625 0.588889 0.05625 0.594444 0.0578125 0.597222 0.0578125 0.602778 0.059375 0.605556 0.059375 0.613889 0.0609375 0.616667 0.0609375 0.625 0.0625 0.627778 0.0625 0.638889 0.0640625 0.641667 0.0640625 0.652778 0.065625 0.655556 0.065625 0.663889 0.0671875 0.666667 0.0671875 0.669444 0.06875 0.672222 0.06875 0.677778 0.0703125 0.680556 0.0703125 0.688889 0.071875 0.691667 0.071875 0.722222 0.0734375 0.725 0.0734375 0.741667 0.075 0.744444 0.075 0.755556 0.0765625 0.758333 0.0765625 0.769444 0.232812 0.769444 0.232812 0.761111 0.225 0.747222 0.226562 0.744444 0.226562 0.736111 0.225 0.733333 0.225 0.727778 0.223438 0.725 0.223438 0.708333 0.221875 0.705556 0.221875 0.688889 0.220313 0.686111 0.220313 0.644444 0.221875 0.641667 0.221875 0.636111 0.223438 0.633333 0.223438 0.627778 0.225 0.625 0.225 0.622222 0.226562 0.619444 0.226562 0.616667 0.228125 0.613889 0.228125 0.608333 0.229687 0.605556 0.229687 0.602778 0.23125 0.6 0.23125 0.597222 0.234375 0.591667 0.239063 0.591667 0.239063 0.325 0.234375 0.325 0.229687 0.316667 0.228125 0.316667 0.226562 0.313889 0.223438 0.313889 0.221875 0.311111 0.210938 0.311111 0.209375 0.308333 0.207813 0.308333 0.20625 0.311111 0.198437 0.311111 0.196875 0.308333 0.195312 0.311111 0.176563 0.311111 0.175 0.308333 0.159375 0.308333 0.157813 0.305556 0.15625 0.308333 0.151562 0.308333 0.15 0.305556 0.1375 0.305556 0.135937 0.302778 0.135937 0.294444
67 0.271875 0.15 0.271875 0.161111 0.270312 0.163889 0.270312 0.172222 0.26875 0.175 0.26875 0.258333 0.267188 0.261111 0.267188 0.319444 0.265625 0.322222 0.265625 0.383333 0.264062 0.386111 0.264062 0.413889 0.2625 0.416667 0.2625 0.452778 0.260938 0.455556 0.260938 0.55 0.259375 0.552778 0.259375 0.580556 0.257812 0.583333 0.257812 0.613889 0.25625 0.616667 0.25625 0.638889 0.254687 0.641667 0.254687 0.666667 0.253125 0.669444 0.253125 0.686111 0.248437 0.694444 0.248437 0.7 0.24375 0.708333 0.242188 0.708333 0.240625 0.711111 0.234375 0.711111 0.234375 0.841667 0.240625 0.841667 0.242188 0.844444 0.24375 0.844444 0.245312 0.847222 0.246875 0.847222 0.248437 0.85 0.253125 0.85 0.254687 0.852778 0.259375 0.852778 0.260938 0.855556 0.264062 0.855556 0.265625 0.858333 0.26875 0.858333 0.270312 0.861111 0.275 0.861111 0.276563 0.863889 0.282813 0.863889 0.284375 0.866667 0.295312 0.866667 0.296875 0.869444 0.307813 0.869444 0.309375 0.872222 0.325 0.872222 0.326562 0.875 0.342187 0.875 0.34375 0.872222 0.35625 0.872222 0.357812 0.869444 0.3625 0.869444 0.364062 0.866667 0.371875 0.866667 0.373437 0.863889 0.379687 0.863889 0.38125 0.861111 0.382812 0.861111 0.385938 0.855556 0.3875 0.855556 0.392188 0.847222 0.39375 0.847222 0.409375 0.819444 0.410937 0.819444 0.4125 0.816667 0.414062 0.816667 0.415625 0.813889 0.417188 0.813889 0.423438 0.802778 0.425 0.802778 0.43125 0.791667 0.432813 0.791667 0.4375 0.783333 0.439063 0.783333 0.440625 0.780556 0.442187 0.780556 0.44375 0.777778 0.446875 0.777778 0.448438 0.775 0.453125 0.775 0.454688 0.772222 0.478125 0.772222 0.479688 0.775 0.48125 0.775 0.482812 0.777778 0.484375 0.777778 0.485938 0.780556 0.4875 0.780556 0.489062 0.783333 0.489062 0.786111 0.492188 0.791667 0.492188 0.8 0.49375 0.802778 0.49375 0.811111 0.495313 0.813889 0.495313 0.825 0.49375 0.827778 0.49375 0.836111 0.492188 0.838889 0.492188 0.841667 0.490625 0.844444 0.490625 0.847222 0.489062 0.85 0.489062 0.852778 0.482812 0.863889 0.482812 0.866667 0.48125 0.869444 0.48125 0.872222 0.479688 0.875 0.479688 0.886111 0.478125 0.888889 0.478125 0.891667 0.476562 0.894444 0.476562 0.897222 0.471875 0.905556 0.471875 0.908333 0.470313 0.911111 0.470313 0.925 0.471875 0.927778 0.478125 0.927778 0.48125 0.933333 0.48125 0.936111 0.482812 0.938889 0.482812 0.947222 0.56875 0.947222 0.56875 0.938889 0.567187 0.936111 0.567187 0.933333 0.565625 0.930556 0.565625 0.922222 0.56875 0.916667 0.571875 0.916667 0.573438 0.913889 0.595312 0.913889 0.596875 0.916667 0.60625 0.916667 0.607813 0.919444 0.63125 0.919444 0.632812 0.922222 0.6625 0.922222 0.664062 0.925 0.68125 0.925 0.682813 0.927778 0.695312 0.927778 0.696875 0.930556 0.732813 0.930556 0.734375 0.933333 0.751562 0.933333 0.753125 0.936111 0.757812 0.936111 0.759375 0.938889 0.759375 0.947222 0.814062 0.947222 0.814062 0.938889 0.817187 0.933333 0.820312 0.933333 0.821875 0.930556 0.826563 0.930556 0.828125 0.927778 0.83125 0.927778 0.832812 0.925 0.834375 0.925 0.8375 0.919444 0.839063 0.919444 0.840625 0.916667 0.842188 0.916667 0.84375 0.913889 0.845312 0.913889 0.846875 0.911111 0.848437 0.911111 0.85 0.908333 0.851562 0.908333 0.853125 0.905556 0.854688 0.905556 0.860937 0.894444 0.8625 0.894444 0.865625 0.888889 0.865625 0.886111 0.867188 0.883333 0.867188 0.877778 0.86875 0.875 0.86875 0.869444 0.870313 0.866667 0.870313 0.858333 0.871875 0.855556 0.871875 0.813889 0.873438 0.811111 0.873438 0.791667 0.875 0.788889 0.875 0.769444 0.876562 0.766667 0.876562 0.747222 0.878125 0.744444 0.878125 0.680556 0.876562 0.677778 0.876562 0.647222 0.878125 0.644444 0.878125 0.583333 0.879687 0.580556 0.879687 0.527778 0.88125 0.525 0.88125 0.494444 0.882812 0.491667 0.882812 0.455556 0.884375 0.452778 0.884375 0.413889 0.885938 0.411111 0.885938 0.377778 0.8875 0.375 0.8875 0.355556 0.889063 0.352778 0.889063 0.344444 0.890625 0.341667 0.895312 0.341667 0.895312 0.205556 0.890625 0.205556 0.889063 0.202778 0.882812 0.202778 0.88125 0.2 0.873438 0.2 0.871875 0.197222 0.864062 0.197222 0.8625 0.194444 0.8375 0.194444 0.835938 0.191667 0.80625 0.191667 0.804688 0.188889 0.773438 0.188889 0.771875 0.186111 0.740625 0.186111 0.739062 0.183333 0.679688 0.183333 0.678125 0.180556 0.645312 0.180556 0.64375 0.177778 0.617188 0.177778 0.615625 0.175 0.548437 0.175 0.546875 0.172222 0.528125 0.172222 0.526563 0.169444 0.509375 0.169444 0.507812 0.166667 0.475 0.166667 0.473437 0.163889 0.453125 0.163889 0.451562 0.161111 0.442187 0.161111 0.440625 0.158333 0.440625 0.15
0 0.442187 0.772222 0.442187 0.780556 0.429688 0.802778 0.428125 0.802778 0.417188 0.822222 0.415625 0.822222 0.389062 0.869444 0.3875 0.869444 0.384375 0.875 0.384375 0.877778 0.376563 0.891667 0.375 0.891667 0.373437 0.894444 0.371875 0.894444 0.370313 0.897222 0.36875 0.897222 0.365625 0.902778 0.364062 0.902778 0.360938 0.908333 0.359375 0.908333 0.35625 0.913889 0.354688 0.913889 0.351562 0.919444 0.35 0.919444 0.346875 0.925 0.345313 0.925 0.34375 0.927778 0.342187 0.927778 0.340625 0.930556 0.339063 0.930556 0.3375 0.933333 0.335938 0.933333 0.334375 0.936111 0.332812 0.936111 0.33125 0.938889 0.328125 0.938889 0.326562 0.941667 0.323438 0.941667 0.321875 0.944444 0.317187 0.944444 0.315625 0.947222 0.3125 0.947222 0.310937 0.95 0.295312 0.95 0.29375 0.952778 0.2875 0.952778 0.285937 0.955556 0.28125 0.955556 0.279687 0.958333 0.278125 0.958333 0.276563 0.961111 0.271875 0.961111 0.270312 0.963889 0.26875 0.963889 0.267188 0.966667 0.265625 0.966667 0.264062 0.969444 0.260938 0.969444 0.259375 0.972222 0.240625 0.972222 0.240625 1 0.46875 1 0.46875 0.991667 0.467187 0.988889 0.467187 0.986111 0.464063 0.980556 0.464063 0.977778 0.4625 0.977778 0.457812 0.969444 0.45625 0.969444 0.454688 0.966667 0.448438 0.966667 0.446875 0.963889 0.445312 0.966667 0.439063 0.966667 0.4375 0.969444 0.435937 0.969444 0.434375 0.972222 0.43125 0.972222 0.429688 0.975 0.426562 0.975 0.423438 0.969444 0.425 0.966667 0.425 0.961111 0.429688 0.952778 0.429688 0.95 0.440625 0.930556 0.442187 0.930556 0.454688 0.908333 0.454688 0.905556 0.45625 0.902778 0.45625 0.9 0.473437 0.869444 0.475 0.869444 0.4875 0.847222 0.4875 0.844444 0.489062 0.841667 0.489062 0.838889 0.490625 0.836111 0.490625 0.833333 0.492188 0.830556 0.492188 0.805556 0.490625 0.802778 0.490625 0.8 0.489062 0.797222 0.489062 0.794444 0.4875 0.791667 0.4875 0.786111 0.485938 0.783333 0.485938 0.772222
67 0.009375 0.294444 0.009375 0.305556 0.0109375 0.308333 0.0109375 0.311111 0.0125 0.313889 0.0109375 0.316667 0.0109375 0.319444 0.009375 0.322222 0.009375 0.325 0.0078125 0.327778 0.0078125 0.330556 0.0046875 0.336111 0.0046875 0.352778 0.003125 0.355556 0.003125 0.358333 0.0015625 0.361111 0 0.361111 0 0.388889 0.003125 0.388889 0.0140625 0.408333 0.0140625 0.411111 0.015625 0.413889 0.015625 0.416667 0.01875 0.422222 0.01875 0.425 0.0234375 0.433333 0.0234375 0.436111 0.0296875 0.447222 0.0296875 0.45 0.03125 0.452778 0.03125 0.458333 0.0328125 0.461111 0.0328125 0.463889 0.034375 0.466667 0.034375 0.469444 0.0359375 0.472222 0.0359375 0.475 0.0375 0.477778 0.0375 0.483333 0.0390625 0.486111 0.0390625 0.494444 0.040625 0.497222 0.040625 0.502778 0.0421875 0.505556 0.0421875 0.511111 0.04375 0.513889 0.04375 0.522222 0.0453125 0.525 0.0453125 0.530556 0.046875 0.533333 0.046875 0.538889 0.0484375 0.541667 0.0484375 0.55 0.05 0.552778 0.05 0.558333 0.0515625 0.561111 0.0515625 0.569444 0.053125 0.572222 0.053125 0.575 0.0546875 0.577778 0.0546875 0.586111 0.05625 0.588889 0.05625 0.594444 0.0578125 0.597222 0.0578125 0.602778 0.059375 0.605556 0.059375 0.613889 0.0609375 0.616667 0.0609375 0.625 0.0625 0.627778 0.0625 0.638889 0.0640625 0.641667 0.0640625 0.652778 0.065625 0.655556 0.065625 0.663889 0.0671875 0.666667 0.0671875 0.669444 0.06875 0.672222 0.06875 0.677778 0.0703125 0.680556 0.0703125 0.688889 0.071875 0.691667 0.071875 0.722222 0.0734375 0.725 0.0734375 0.741667 0.075 0.744444 0.075 0.755556 0.0765625 0.758333 0.0765625 0.769444 0.232812 0.769444 0.232812 0.761111 0.225 0.747222 0.226562 0.744444 0.226562 0.736111 0.225 0.733333 0.225 0.727778 0.223438 0.725 0.223438 0.708333 0.221875 0.705556 0.221875 0.688889 0.220313 0.686111 0.220313 0.644444 0.221875 0.641667 0.221875 0.636111 0.223438 0.633333 0.223438 0.627778 0.225 0.625 0.225 0.622222 0.226562 0.619444 0.226562 0.616667 0.228125 0.613889 0.228125 0.608333 0.229687 0.605556 0.229687 0.602778 0.23125 0.6 0.23125 0.597222 0.234375 0.591667 0.239063 0.591667 0.239063 0.325 0.234375 0.325 0.229687 0.316667 0.228125 0.316667 0.226562 0.313889 0.223438 0.313889 0.221875 0.311111 0.210938 0.311111 0.209375 0.308333 0.207813 0.308333 0.20625 0.311111 0.198437 0.311111 0.196875 0.308333 0.195312 0.311111 0.176563 0.311111 0.175 0.308333 0.159375 0.308333 0.157813 0.305556 0.15625 0.308333 0.151562 0.308333 0.15 0.305556 0.1375 0.305556 0.135937 0.302778 0.135937 0.294444
67 0.271875 0.15 0.271875 0.161111 0.270312 0.163889 0.270312 0.172222 0.26875 0.175 0.26875 0.258333 0.267188 0.261111 0.267188 0.319444 0.265625 0.322222 0.265625 0.383333 0.264062 0.386111 0.264062 0.413889 0.2625 0.416667 0.2625 0.452778 0.260938 0.455556 0.260938 0.55 0.259375 0.552778 0.259375 0.580556 0.257812 0.583333 0.257812 0.613889 0.25625 0.616667 0.25625 0.638889 0.254687 0.641667 0.254687 0.666667 0.253125 0.669444 0.253125 0.686111 0.248437 0.694444 0.248437 0.7 0.24375 0.708333 0.242188 0.708333 0.240625 0.711111 0.234375 0.711111 0.234375 0.841667 0.240625 0.841667 0.242188 0.844444 0.24375 0.844444 0.245312 0.847222 0.246875 0.847222 0.248437 0.85 0.253125 0.85 0.254687 0.852778 0.259375 0.852778 0.260938 0.855556 0.264062 0.855556 0.265625 0.858333 0.26875 0.858333 0.270312 0.861111 0.275 0.861111 0.276563 0.863889 0.282813 0.863889 0.284375 0.866667 0.295312 0.866667 0.296875 0.869444 0.307813 0.869444 0.309375 0.872222 0.325 0.872222 0.326562 0.875 0.342187 0.875 0.34375 0.872222 0.35625 0.872222 0.357812 0.869444 0.3625 0.869444 0.364062 0.866667 0.371875 0.866667 0.373437 0.863889 0.379687 0.863889 0.38125 0.861111 0.382812 0.861111 0.385938 0.855556 0.3875 0.855556 0.392188 0.847222 0.39375 0.847222 0.409375 0.819444 0.410937 0.819444 0.4125 0.816667 0.414062 0.816667 0.415625 0.813889 0.417188 0.813889 0.423438 0.802778 0.425 0.802778 0.43125 0.791667 0.432813 0.791667 0.4375 0.783333 0.439063 0.783333 0.440625 0.780556 0.442187 0.780556 0.44375 0.777778 0.446875 0.777778 0.448438 0.775 0.453125 0.775 0.454688 0.772222 0.478125 0.772222 0.479688 0.775 0.48125 0.775 0.482812 0.777778 0.484375 0.777778 0.485938 0.780556 0.4875 0.780556 0.489062 0.783333 0.489062 0.786111 0.492188 0.791667 0.492188 0.8 0.49375 0.802778 0.49375 0.811111 0.495313 0.813889 0.495313 0.825 0.49375 0.827778 0.49375 0.836111 0.492188 0.838889 0.492188 0.841667 0.490625 0.844444 0.490625 0.847222 0.489062 0.85 0.489062 0.852778 0.482812 0.863889 0.482812 0.866667 0.48125 0.869444 0.48125 0.872222 0.479688 0.875 0.479688 0.886111 0.478125 0.888889 0.478125 0.891667 0.476562 0.894444 0.476562 0.897222 0.471875 0.905556 0.471875 0.908333 0.470313 0.911111 0.470313 0.925 0.471875 0.927778 0.478125 0.927778 0.48125 0.933333 0.48125 0.936111 0.482812 0.938889 0.482812 0.947222 0.56875 0.947222 0.56875 0.938889 0.567187 0.936111 0.567187 0.933333 0.565625 0.930556 0.565625 0.922222 0.56875 0.916667 0.571875 0.916667 0.573438 0.913889 0.595312 0.913889 0.596875 0.916667 0.60625 0.916667 0.607813 0.919444 0.63125 0.919444 0.632812 0.922222 0.6625 0.922222 0.664062 0.925 0.68125 0.925 0.682813 0.927778 0.695312 0.927778 0.696875 0.930556 0.732813 0.930556 0.734375 0.933333 0.751562 0.933333 0.753125 0.936111 0.757812 0.936111 0.759375 0.938889 0.759375 0.947222 0.814062 0.947222 0.814062 0.938889 0.817187 0.933333 0.820312 0.933333 0.821875 0.930556 0.826563 0.930556 0.828125 0.927778 0.83125 0.927778 0.832812 0.925 0.834375 0.925 0.8375 0.919444 0.839063 0.919444 0.840625 0.916667 0.842188 0.916667 0.84375 0.913889 0.845312 0.913889 0.846875 0.911111 0.848437 0.911111 0.85 0.908333 0.851562 0.908333 0.853125 0.905556 0.854688 0.905556 0.860937 0.894444 0.8625 0.894444 0.865625 0.888889 0.865625 0.886111 0.867188 0.883333 0.867188 0.877778 0.86875 0.875 0.86875 0.869444 0.870313 0.866667 0.870313 0.858333 0.871875 0.855556 0.871875 0.813889 0.873438 0.811111 0.873438 0.791667 0.875 0.788889 0.875 0.769444 0.876562 0.766667 0.876562 0.747222 0.878125 0.744444 0.878125 0.680556 0.876562 0.677778 0.876562 0.647222 0.878125 0.644444 0.878125 0.583333 0.879687 0.580556 0.879687 0.527778 0.88125 0.525 0.88125 0.494444 0.882812 0.491667 0.882812 0.455556 0.884375 0.452778 0.884375 0.413889 0.885938 0.411111 0.885938 0.377778 0.8875 0.375 0.8875 0.355556 0.889063 0.352778 0.889063 0.344444 0.890625 0.341667 0.895312 0.341667 0.895312 0.205556 0.890625 0.205556 0.889063 0.202778 0.882812 0.202778 0.88125 0.2 0.873438 0.2 0.871875 0.197222 0.864062 0.197222 0.8625 0.194444 0.8375 0.194444 0.835938 0.191667 0.80625 0.191667 0.804688 0.188889 0.773438 0.188889 0.771875 0.186111 0.740625 0.186111 0.739062 0.183333 0.679688 0.183333 0.678125 0.180556 0.645312 0.180556 0.64375 0.177778 0.617188 0.177778 0.615625 0.175 0.548437 0.175 0.546875 0.172222 0.528125 0.172222 0.526563 0.169444 0.509375 0.169444 0.507812 0.166667 0.475 0.166667 0.473437 0.163889 0.453125 0.163889 0.451562 0.161111 0.442187 0.161111 0.440625 0.158333 0.440625 0.15
0 0.442187 0.772222 0.442187 0.780556 0.429688 0.802778 0.428125 0.802778 0.417188 0.822222 0.415625 0.822222 0.389062 0.869444 0.3875 0.869444 0.384375 0.875 0.384375 0.877778 0.376563 0.891667 0.375 0.891667 0.373437 0.894444 0.371875 0.894444 0.370313 0.897222 0.36875 0.897222 0.365625 0.902778 0.364062 0.902778 0.360938 0.908333 0.359375 0.908333 0.35625 0.913889 0.354688 0.913889 0.351562 0.919444 0.35 0.919444 0.346875 0.925 0.345313 0.925 0.34375 0.927778 0.342187 0.927778 0.340625 0.930556 0.339063 0.930556 0.3375 0.933333 0.335938 0.933333 0.334375 0.936111 0.332812 0.936111 0.33125 0.938889 0.328125 0.938889 0.326562 0.941667 0.323438 0.941667 0.321875 0.944444 0.317187 0.944444 0.315625 0.947222 0.3125 0.947222 0.310937 0.95 0.295312 0.95 0.29375 0.952778 0.2875 0.952778 0.285937 0.955556 0.28125 0.955556 0.279687 0.958333 0.278125 0.958333 0.276563 0.961111 0.271875 0.961111 0.270312 0.963889 0.26875 0.963889 0.267188 0.966667 0.265625 0.966667 0.264062 0.969444 0.260938 0.969444 0.259375 0.972222 0.240625 0.972222 0.240625 1 0.46875 1 0.46875 0.991667 0.467187 0.988889 0.467187 0.986111 0.464063 0.980556 0.464063 0.977778 0.4625 0.977778 0.457812 0.969444 0.45625 0.969444 0.454688 0.966667 0.448438 0.966667 0.446875 0.963889 0.445312 0.966667 0.439063 0.966667 0.4375 0.969444 0.435937 0.969444 0.434375 0.972222 0.43125 0.972222 0.429688 0.975 0.426562 0.975 0.423438 0.969444 0.425 0.966667 0.425 0.961111 0.429688 0.952778 0.429688 0.95 0.440625 0.930556 0.442187 0.930556 0.454688 0.908333 0.454688 0.905556 0.45625 0.902778 0.45625 0.9 0.473437 0.869444 0.475 0.869444 0.4875 0.847222 0.4875 0.844444 0.489062 0.841667 0.489062 0.838889 0.490625 0.836111 0.490625 0.833333 0.492188 0.830556 0.492188 0.805556 0.490625 0.802778 0.490625 0.8 0.489062 0.797222 0.489062 0.794444 0.4875 0.791667 0.4875 0.786111 0.485938 0.783333 0.485938 0.772222
67 0.009375 0.294444 0.009375 0.305556 0.0109375 0.308333 0.0109375 0.311111 0.0125 0.313889 0.0109375 0.316667 0.0109375 0.319444 0.009375 0.322222 0.009375 0.325 0.0078125 0.327778 0.0078125 0.330556 0.0046875 0.336111 0.0046875 0.352778 0.003125 0.355556 0.003125 0.358333 0.0015625 0.361111 0 0.361111 0 0.388889 0.003125 0.388889 0.0140625 0.408333 0.0140625 0.411111 0.015625 0.413889 0.015625 0.416667 0.01875 0.422222 0.01875 0.425 0.0234375 0.433333 0.0234375 0.436111 0.0296875 0.447222 0.0296875 0.45 0.03125 0.452778 0.03125 0.458333 0.0328125 0.461111 0.0328125 0.463889 0.034375 0.466667 0.034375 0.469444 0.0359375 0.472222 0.0359375 0.475 0.0375 0.477778 0.0375 0.483333 0.0390625 0.486111 0.0390625 0.494444 0.040625 0.497222 0.040625 0.502778 0.0421875 0.505556 0.0421875 0.511111 0.04375 0.513889 0.04375 0.522222 0.0453125 0.525 0.0453125 0.530556 0.046875 0.533333 0.046875 0.538889 0.0484375 0.541667 0.0484375 0.55 0.05 0.552778 0.05 0.558333 0.0515625 0.561111 0.0515625 0.569444 0.053125 0.572222 0.053125 0.575 0.0546875 0.577778 0.0546875 0.586111 0.05625 0.588889 0.05625 0.594444 0.0578125 0.597222 0.0578125 0.602778 0.059375 0.605556 0.059375 0.613889 0.0609375 0.616667 0.0609375 0.625 0.0625 0.627778 0.0625 0.638889 0.0640625 0.641667 0.0640625 0.652778 0.065625 0.655556 0.065625 0.663889 0.0671875 0.666667 0.0671875 0.669444 0.06875 0.672222 0.06875 0.677778 0.0703125 0.680556 0.0703125 0.688889 0.071875 0.691667 0.071875 0.722222 0.0734375 0.725 0.0734375 0.741667 0.075 0.744444 0.075 0.755556 0.0765625 0.758333 0.0765625 0.769444 0.232812 0.769444 0.232812 0.761111 0.225 0.747222 0.226562 0.744444 0.226562 0.736111 0.225 0.733333 0.225 0.727778 0.223438 0.725 0.223438 0.708333 0.221875 0.705556 0.221875 0.688889 0.220313 0.686111 0.220313 0.644444 0.221875 0.641667 0.221875 0.636111 0.223438 0.633333 0.223438 0.627778 0.225 0.625 0.225 0.622222 0.226562 0.619444 0.226562 0.616667 0.228125 0.613889 0.228125 0.608333 0.229687 0.605556 0.229687 0.602778 0.23125 0.6 0.23125 0.597222 0.234375 0.591667 0.239063 0.591667 0.239063 0.325 0.234375 0.325 0.229687 0.316667 0.228125 0.316667 0.226562 0.313889 0.223438 0.313889 0.221875 0.311111 0.210938 0.311111 0.209375 0.308333 0.207813 0.308333 0.20625 0.311111 0.198437 0.311111 0.196875 0.308333 0.195312 0.311111 0.176563 0.311111 0.175 0.308333 0.159375 0.308333 0.157813 0.305556 0.15625 0.308333 0.151562 0.308333 0.15 0.305556 0.1375 0.305556 0.135937 0.302778 0.135937 0.294444
67 0.271875 0.15 0.271875 0.161111 0.270312 0.163889 0.270312 0.172222 0.26875 0.175 0.26875 0.258333 0.267188 0.261111 0.267188 0.319444 0.265625 0.322222 0.265625 0.383333 0.264062 0.386111 0.264062 0.413889 0.2625 0.416667 0.2625 0.452778 0.260938 0.455556 0.260938 0.55 0.259375 0.552778 0.259375 0.580556 0.257812 0.583333 0.257812 0.613889 0.25625 0.616667 0.25625 0.638889 0.254687 0.641667 0.254687 0.666667 0.253125 0.669444 0.253125 0.686111 0.248437 0.694444 0.248437 0.7 0.24375 0.708333 0.242188 0.708333 0.240625 0.711111 0.234375 0.711111 0.234375 0.841667 0.240625 0.841667 0.242188 0.844444 0.24375 0.844444 0.245312 0.847222 0.246875 0.847222 0.248437 0.85 0.253125 0.85 0.254687 0.852778 0.259375 0.852778 0.260938 0.855556 0.264062 0.855556 0.265625 0.858333 0.26875 0.858333 0.270312 0.861111 0.275 0.861111 0.276563 0.863889 0.282813 0.863889 0.284375 0.866667 0.295312 0.866667 0.296875 0.869444 0.307813 0.869444 0.309375 0.872222 0.325 0.872222 0.326562 0.875 0.342187 0.875 0.34375 0.872222 0.35625 0.872222 0.357812 0.869444 0.3625 0.869444 0.364062 0.866667 0.371875 0.866667 0.373437 0.863889 0.379687 0.863889 0.38125 0.861111 0.382812 0.861111 0.385938 0.855556 0.3875 0.855556 0.392188 0.847222 0.39375 0.847222 0.409375 0.819444 0.410937 0.819444 0.4125 0.816667 0.414062 0.816667 0.415625 0.813889 0.417188 0.813889 0.423438 0.802778 0.425 0.802778 0.43125 0.791667 0.432813 0.791667 0.4375 0.783333 0.439063 0.783333 0.440625 0.780556 0.442187 0.780556 0.44375 0.777778 0.446875 0.777778 0.448438 0.775 0.453125 0.775 0.454688 0.772222 0.478125 0.772222 0.479688 0.775 0.48125 0.775 0.482812 0.777778 0.484375 0.777778 0.485938 0.780556 0.4875 0.780556 0.489062 0.783333 0.489062 0.786111 0.492188 0.791667 0.492188 0.8 0.49375 0.802778 0.49375 0.811111 0.495313 0.813889 0.495313 0.825 0.49375 0.827778 0.49375 0.836111 0.492188 0.838889 0.492188 0.841667 0.490625 0.844444 0.490625 0.847222 0.489062 0.85 0.489062 0.852778 0.482812 0.863889 0.482812 0.866667 0.48125 0.869444 0.48125 0.872222 0.479688 0.875 0.479688 0.886111 0.478125 0.888889 0.478125 0.891667 0.476562 0.894444 0.476562 0.897222 0.471875 0.905556 0.471875 0.908333 0.470313 0.911111 0.470313 0.925 0.471875 0.927778 0.478125 0.927778 0.48125 0.933333 0.48125 0.936111 0.482812 0.938889 0.482812 0.947222 0.56875 0.947222 0.56875 0.938889 0.567187 0.936111 0.567187 0.933333 0.565625 0.930556 0.565625 0.922222 0.56875 0.916667 0.571875 0.916667 0.573438 0.913889 0.595312 0.913889 0.596875 0.916667 0.60625 0.916667 0.607813 0.919444 0.63125 0.919444 0.632812 0.922222 0.6625 0.922222 0.664062 0.925 0.68125 0.925 0.682813 0.927778 0.695312 0.927778 0.696875 0.930556 0.732813 0.930556 0.734375 0.933333 0.751562 0.933333 0.753125 0.936111 0.757812 0.936111 0.759375 0.938889 0.759375 0.947222 0.814062 0.947222 0.814062 0.938889 0.817187 0.933333 0.820312 0.933333 0.821875 0.930556 0.826563 0.930556 0.828125 0.927778 0.83125 0.927778 0.832812 0.925 0.834375 0.925 0.8375 0.919444 0.839063 0.919444 0.840625 0.916667 0.842188 0.916667 0.84375 0.913889 0.845312 0.913889 0.846875 0.911111 0.848437 0.911111 0.85 0.908333 0.851562 0.908333 0.853125 0.905556 0.854688 0.905556 0.860937 0.894444 0.8625 0.894444 0.865625 0.888889 0.865625 0.886111 0.867188 0.883333 0.867188 0.877778 0.86875 0.875 0.86875 0.869444 0.870313 0.866667 0.870313 0.858333 0.871875 0.855556 0.871875 0.813889 0.873438 0.811111 0.873438 0.791667 0.875 0.788889 0.875 0.769444 0.876562 0.766667 0.876562 0.747222 0.878125 0.744444 0.878125 0.680556 0.876562 0.677778 0.876562 0.647222 0.878125 0.644444 0.878125 0.583333 0.879687 0.580556 0.879687 0.527778 0.88125 0.525 0.88125 0.494444 0.882812 0.491667 0.882812 0.455556 0.884375 0.452778 0.884375 0.413889 0.885938 0.411111 0.885938 0.377778 0.8875 0.375 0.8875 0.355556 0.889063 0.352778 0.889063 0.344444 0.890625 0.341667 0.895312 0.341667 0.895312 0.205556 0.890625 0.205556 0.889063 0.202778 0.882812 0.202778 0.88125 0.2 0.873438 0.2 0.871875 0.197222 0.864062 0.197222 0.8625 0.194444 0.8375 0.194444 0.835938 0.191667 0.80625 0.191667 0.804688 0.188889 0.773438 0.188889 0.771875 0.186111 0.740625 0.186111 0.739062 0.183333 0.679688 0.183333 0.678125 0.180556 0.645312 0.180556 0.64375 0.177778 0.617188 0.177778 0.615625 0.175 0.548437 0.175 0.546875 0.172222 0.528125 0.172222 0.526563 0.169444 0.509375 0.169444 0.507812 0.166667 0.475 0.166667 0.473437 0.163889 0.453125 0.163889 0.451562 0.161111 0.442187 0.161111 0.440625 0.158333 0.440625 0.15
0 0.442187 0.772222 0.442187 0.780556 0.429688 0.802778 0.428125 0.802778 0.417188 0.822222 0.415625 0.822222 0.389062 0.869444 0.3875 0.869444 0.384375 0.875 0.384375 0.877778 0.376563 0.891667 0.375 0.891667 0.373437 0.894444 0.371875 0.894444 0.370313 0.897222 0.36875 0.897222 0.365625 0.902778 0.364062 0.902778 0.360938 0.908333 0.359375 0.908333 0.35625 0.913889 0.354688 0.913889 0.351562 0.919444 0.35 0.919444 0.346875 0.925 0.345313 0.925 0.34375 0.927778 0.342187 0.927778 0.340625 0.930556 0.339063 0.930556 0.3375 0.933333 0.335938 0.933333 0.334375 0.936111 0.332812 0.936111 0.33125 0.938889 0.328125 0.938889 0.326562 0.941667 0.323438 0.941667 0.321875 0.944444 0.317187 0.944444 0.315625 0.947222 0.3125 0.947222 0.310937 0.95 0.295312 0.95 0.29375 0.952778 0.2875 0.952778 0.285937 0.955556 0.28125 0.955556 0.279687 0.958333 0.278125 0.958333 0.276563 0.961111 0.271875 0.961111 0.270312 0.963889 0.26875 0.963889 0.267188 0.966667 0.265625 0.966667 0.264062 0.969444 0.260938 0.969444 0.259375 0.972222 0.240625 0.972222 0.240625 1 0.46875 1 0.46875 0.991667 0.467187 0.988889 0.467187 0.986111 0.464063 0.980556 0.464063 0.977778 0.4625 0.977778 0.457812 0.969444 0.45625 0.969444 0.454688 0.966667 0.448438 0.966667 0.446875 0.963889 0.445312 0.966667 0.439063 0.966667 0.4375 0.969444 0.435937 0.969444 0.434375 0.972222 0.43125 0.972222 0.429688 0.975 0.426562 0.975 0.423438 0.969444 0.425 0.966667 0.425 0.961111 0.429688 0.952778 0.429688 0.95 0.440625 0.930556 0.442187 0.930556 0.454688 0.908333 0.454688 0.905556 0.45625 0.902778 0.45625 0.9 0.473437 0.869444 0.475 0.869444 0.4875 0.847222 0.4875 0.844444 0.489062 0.841667 0.489062 0.838889 0.490625 0.836111 0.490625 0.833333 0.492188 0.830556 0.492188 0.805556 0.490625 0.802778 0.490625 0.8 0.489062 0.797222 0.489062 0.794444 0.4875 0.791667 0.4875 0.786111 0.485938 0.783333 0.485938 0.772222
67 0.009375 0.294444 0.009375 0.305556 0.0109375 0.308333 0.0109375 0.311111 0.0125 0.313889 0.0109375 0.316667 0.0109375 0.319444 0.009375 0.322222 0.009375 0.325 0.0078125 0.327778 0.0078125 0.330556 0.0046875 0.336111 0.0046875 0.352778 0.003125 0.355556 0.003125 0.358333 0.0015625 0.361111 0 0.361111 0 0.388889 0.003125 0.388889 0.0140625 0.408333 0.0140625 0.411111 0.015625 0.413889 0.015625 0.416667 0.01875 0.422222 0.01875 0.425 0.0234375 0.433333 0.0234375 0.436111 0.0296875 0.447222 0.0296875 0.45 0.03125 0.452778 0.03125 0.458333 0.0328125 0.461111 0.0328125 0.463889 0.034375 0.466667 0.034375 0.469444 0.0359375 0.472222 0.0359375 0.475 0.0375 0.477778 0.0375 0.483333 0.0390625 0.486111 0.0390625 0.494444 0.040625 0.497222 0.040625 0.502778 0.0421875 0.505556 0.0421875 0.511111 0.04375 0.513889 0.04375 0.522222 0.0453125 0.525 0.0453125 0.530556 0.046875 0.533333 0.046875 0.538889 0.0484375 0.541667 0.0484375 0.55 0.05 0.552778 0.05 0.558333 0.0515625 0.561111 0.0515625 0.569444 0.053125 0.572222 0.053125 0.575 0.0546875 0.577778 0.0546875 0.586111 0.05625 0.588889 0.05625 0.594444 0.0578125 0.597222 0.0578125 0.602778 0.059375 0.605556 0.059375 0.613889 0.0609375 0.616667 0.0609375 0.625 0.0625 0.627778 0.0625 0.638889 0.0640625 0.641667 0.0640625 0.652778 0.065625 0.655556 0.065625 0.663889 0.0671875 0.666667 0.0671875 0.669444 0.06875 0.672222 0.06875 0.677778 0.0703125 0.680556 0.0703125 0.688889 0.071875 0.691667 0.071875 0.722222 0.0734375 0.725 0.0734375 0.741667 0.075 0.744444 0.075 0.755556 0.0765625 0.758333 0.0765625 0.769444 0.232812 0.769444 0.232812 0.761111 0.225 0.747222 0.226562 0.744444 0.226562 0.736111 0.225 0.733333 0.225 0.727778 0.223438 0.725 0.223438 0.708333 0.221875 0.705556 0.221875 0.688889 0.220313 0.686111 0.220313 0.644444 0.221875 0.641667 0.221875 0.636111 0.223438 0.633333 0.223438 0.627778 0.225 0.625 0.225 0.622222 0.226562 0.619444 0.226562 0.616667 0.228125 0.613889 0.228125 0.608333 0.229687 0.605556 0.229687 0.602778 0.23125 0.6 0.23125 0.597222 0.234375 0.591667 0.239063 0.591667 0.239063 0.325 0.234375 0.325 0.229687 0.316667 0.228125 0.316667 0.226562 0.313889 0.223438 0.313889 0.221875 0.311111 0.210938 0.311111 0.209375 0.308333 0.207813 0.308333 0.20625 0.311111 0.198437 0.311111 0.196875 0.308333 0.195312 0.311111 0.176563 0.311111 0.175 0.308333 0.159375 0.308333 0.157813 0.305556 0.15625 0.308333 0.151562 0.308333 0.15 0.305556 0.1375 0.305556 0.135937 0.302778 0.135937 0.294444
