62 0.159375 0.0388889 0.159375 0.836111 0.164062 0.836111 0.170312 0.847222 0.170312 0.85 0.184375 0.875 0.1875 0.875 0.189063 0.877778 0.192188 0.877778 0.19375 0.880556 0.195312 0.880556 0.196875 0.883333 0.204688 0.883333 0.20625 0.886111 0.2125 0.886111 0.214062 0.888889 0.221875 0.888889 0.223438 0.891667 0.265625 0.891667 0.267188 0.894444 0.271875 0.894444 0.273438 0.897222 0.278125 0.897222 0.279687 0.9 0.284375 0.9 0.285937 0.902778 0.3 0.902778 0.301562 0.905556 0.317187 0.905556 0.31875 0.908333 0.328125 0.908333 0.329688 0.911111 0.342187 0.911111 0.34375 0.913889 0.359375 0.913889 0.360938 0.916667 0.390625 0.916667 0.392188 0.919444 0.40625 0.919444 0.407813 0.922222 0.420312 0.922222 0.421875 0.925 0.44375 0.925 0.445312 0.927778 0.460938 0.927778 0.4625 0.925 0.489062 0.925 0.490625 0.927778 0.498437 0.927778 0.5 0.930556 0.5125 0.930556 0.514063 0.933333 0.520312 0.933333 0.521875 0.936111 0.53125 0.936111 0.532812 0.938889 0.551562 0.938889 0.553125 0.941667 0.564062 0.941667 0.565625 0.944444 0.576563 0.944444 0.578125 0.947222 0.590625 0.947222 0.592188 0.95 0.603125 0.95 0.604688 0.952778 0.61875 0.952778 0.620313 0.955556 0.634375 0.955556 0.635938 0.958333 0.659375 0.958333 0.660937 0.961111 0.673437 0.961111 0.675 0.963889 0.682813 0.963889 0.684375 0.966667 0.696875 0.966667 0.698438 0.969444 0.704687 0.969444 0.70625 0.972222 0.70625 0.980556 0.840625 0.980556 0.840625 0.972222 0.845312 0.963889 0.846875 0.963889 0.848437 0.961111 0.851562 0.961111 0.853125 0.958333 0.854688 0.958333 0.85625 0.955556 0.859375 0.955556 0.860937 0.952778 0.8625 0.952778 0.864062 0.95 0.865625 0.95 0.870313 0.941667 0.871875 0.941667 0.873438 0.938889 0.875 0.938889 0.879687 0.930556 0.88125 0.930556 0.8875 0.919444 0.8875 0.916667 0.889063 0.913889 0.889063 0.911111 0.890625 0.908333 0.890625 0.886111 0.892187 0.883333 0.892187 0.830556 0.89375 0.827778 0.89375 0.786111 0.895312 0.783333 0.895312 0.769444 0.896875 0.766667 0.896875 0.755556 0.898438 0.752778 0.898438 0.725 0.9 0.722222 0.9 0.705556 0.901563 0.702778 0.901563 0.683333 0.9 0.680556 0.9 0.602778 0.901563 0.6 0.901563 0.538889 0.903125 0.536111 0.903125 0.491667 0.904688 0.488889 0.904688 0.452778 0.90625 0.45 0.90625 0.422222 0.907812 0.419444 0.907812 0.358333 0.909375 0.355556 0.909375 0.316667 0.910937 0.313889 0.910937 0.288889 0.9125 0.286111 0.9125 0.266667 0.914062 0.263889 0.914062 0.261111 0.915625 0.258333 0.920313 0.258333 0.920313 0.0888889 0.915625 0.0888889 0.914062 0.0861111 0.910937 0.0861111 0.909375 0.0833333 0.904688 0.0833333 0.903125 0.0805556 0.890625 0.0805556 0.889063 0.0777778 0.870313 0.0777778 0.86875 0.075 0.853125 0.075 0.851562 0.0722222 0.85 0.075 0.846875 0.075 0.845312 0.0722222 0.83125 0.0722222 0.829687 0.0694444 0.79375 0.0694444 0.792188 0.0666667 0.767187 0.0666667 0.765625 0.0638889 0.746875 0.0638889 0.745313 0.0611111 0.629687 0.0611111 0.628125 0.0583333 0.589063 0.0583333 0.5875 0.0555556 0.535937 0.0555556 0.534375 0.0527778 0.532812 0.0527778 0.53125 0.0555556 0.521875 0.0555556 0.520312 0.0527778 0.484375 0.0527778 0.482812 0.05 0.46875 0.05 0.467187 0.0472222 0.467187 0.0388889
67 0.159375 0.0388889 0.159375 0.836111 0.164062 0.836111 0.170312 0.847222 0.170312 0.85 0.184375 0.875 0.1875 0.875 0.189063 0.877778 0.192188 0.877778 0.19375 0.880556 0.195312 0.880556 0.196875 0.883333 0.204688 0.883333 0.20625 0.886111 0.2125 0.886111 0.214062 0.888889 0.221875 0.888889 0.223438 0.891667 0.265625 0.891667 0.267188 0.894444 0.271875 0.894444 0.273438 0.897222 0.278125 0.897222 0.279687 0.9 0.284375 0.9 0.285937 0.902778 0.3 0.902778 0.301562 0.905556 0.317187 0.905556 0.31875 0.908333 0.328125 0.908333 0.329688 0.911111 0.342187 0.911111 0.34375 0.913889 0.359375 0.913889 0.360938 0.916667 0.390625 0.916667 0.392188 0.919444 0.40625 0.919444 0.407813 0.922222 0.420312 0.922222 0.421875 0.925 0.44375 0.925 0.445312 0.927778 0.460938 0.927778 0.4625 0.925 0.489062 0.925 0.490625 0.927778 0.498437 0.927778 0.5 0.930556 0.5125 0.930556 0.514063 0.933333 0.520312 0.933333 0.521875 0.936111 0.53125 0.936111 0.532812 0.938889 0.551562 0.938889 0.553125 0.941667 0.564062 0.941667 0.565625 0.944444 0.576563 0.944444 0.578125 0.947222 0.590625 0.947222 0.592188 0.95 0.603125 0.95 0.604688 0.952778 0.61875 0.952778 0.620313 0.955556 0.634375 0.955556 0.635938 0.958333 0.659375 0.958333 0.660937 0.961111 0.673437 0.961111 0.675 0.963889 0.682813 0.963889 0.684375 0.966667 0.696875 0.966667 0.698438 0.969444 0.704687 0.969444 0.70625 0.972222 0.70625 0.980556 0.840625 0.980556 0.840625 0.972222 0.845312 0.963889 0.846875 0.963889 0.848437 0.961111 0.851562 0.961111 0.853125 0.958333 0.854688 0.958333 0.85625 0.955556 0.859375 0.955556 0.860937 0.952778 0.8625 0.952778 0.864062 0.95 0.865625 0.95 0.870313 0.941667 0.871875 0.941667 0.873438 0.938889 0.875 0.938889 0.879687 0.930556 0.88125 0.930556 0.8875 0.919444 0.8875 0.916667 0.889063 0.913889 0.889063 0.911111 0.890625 0.908333 0.890625 0.886111 0.892187 0.883333 0.892187 0.830556 0.89375 0.827778 0.89375 0.786111 0.895312 0.783333 0.895312 0.769444 0.896875 0.766667 0.896875 0.755556 0.898438 0.752778 0.898438 0.725 0.9 0.722222 0.9 0.705556 0.901563 0.702778 0.901563 0.683333 0.9 0.680556 0.9 0.602778 0.901563 0.6 0.901563 0.538889 0.903125 0.536111 0.903125 0.491667 0.904688 0.488889 0.904688 0.452778 0.90625 0.45 0.90625 0.422222 0.907812 0.419444 0.907812 0.358333 0.909375 0.355556 0.909375 0.316667 0.910937 0.313889 0.910937 0.288889 0.9125 0.286111 0.9125 0.266667 0.914062 0.263889 0.914062 0.261111 0.915625 0.258333 0.920313 0.258333 0.920313 0.0888889 0.915625 0.0888889 0.914062 0.0861111 0.910937 0.0861111 0.909375 0.0833333 0.904688 0.0833333 0.903125 0.0805556 0.890625 0.0805556 0.889063 0.0777778 0.870313 0.0777778 0.86875 0.075 0.853125 0.075 0.851562 0.0722222 0.85 0.075 0.846875 0.075 0.845312 0.0722222 0.83125 0.0722222 0.829687 0.0694444 0.79375 0.0694444 0.792188 0.0666667 0.767187 0.0666667 0.765625 0.0638889 0.746875 0.0638889 0.745313 0.0611111 0.629687 0.0611111 0.628125 0.0583333 0.589063 0.0583333 0.5875 0.0555556 0.535937 0.0555556 0.534375 0.0527778 0.532812 0.0527778 0.53125 0.0555556 0.521875 0.0555556 0.520312 0.0527778 0.484375 0.0527778 0.482812 0.05 0.46875 0.05 0.467187 0.0472222 0.467187 0.0388889
62 0.159375 0.0388889 0.159375 0.836111 0.164062 0.836111 0.170312 0.847222 0.170312 0.85 0.184375 0.875 0.1875 0.875 0.189063 0.877778 0.192188 0.877778 0.19375 0.880556 0.195312 0.880556 0.196875 0.883333 0.204688 0.883333 0.20625 0.886111 0.2125 0.886111 0.214062 0.888889 0.221875 0.888889 0.223438 0.891667 0.265625 0.891667 0.267188 0.894444 0.271875 0.894444 0.273438 0.897222 0.278125 0.897222 0.279687 0.9 0.284375 0.9 0.285937 0.902778 0.3 0.902778 0.301562 0.905556 0.317187 0.905556 0.31875 0.908333 0.328125 0.908333 0.329688 0.911111 0.342187 0.911111 0.34375 0.913889 0.359375 0.913889 0.360938 0.916667 0.390625 0.916667 0.392188 0.919444 0.40625 0.919444 0.407813 0.922222 0.420312 0.922222 0.421875 0.925 0.44375 0.925 0.445312 0.927778 0.460938 0.927778 0.4625 0.925 0.489062 0.925 0.490625 0.927778 0.498437 0.927778 0.5 0.930556 0.5125 0.930556 0.514063 0.933333 0.520312 0.933333 0.521875 0.936111 0.53125 0.936111 0.532812 0.938889 0.551562 0.938889 0.553125 0.941667 0.564062 0.941667 0.565625 0.944444 0.576563 0.944444 0.578125 0.947222 0.590625 0.947222 0.592188 0.95 0.603125 0.95 0.604688 0.952778 0.61875 0.952778 0.620313 0.955556 0.634375 0.955556 0.635938 0.958333 0.659375 0.958333 0.660937 0.961111 0.673437 0.961111 0.675 0.963889 0.682813 0.963889 0.684375 0.966667 0.696875 0.966667 0.698438 0.969444 0.704687 0.969444 0.70625 0.972222 0.70625 0.980556 0.840625 0.980556 0.840625 0.972222 0.845312 0.963889 0.846875 0.963889 0.848437 0.961111 0.851562 0.961111 0.853125 0.958333 0.854688 0.958333 0.85625 0.955556 0.859375 0.955556 0.860937 0.952778 0.8625 0.952778 0.864062 0.95 0.865625 0.95 0.870313 0.941667 0.871875 0.941667 0.873438 0.938889 0.875 0.938889 0.879687 0.930556 0.88125 0.930556 0.8875 0.919444 0.8875 0.916667 0.889063 0.913889 0.889063 0.911111 0.890625 0.908333 0.890625 0.886111 0.892187 0.883333 0.892187 0.830556 0.89375 0.827778 0.89375 0.786111 0.895312 0.783333 0.895312 0.769444 0.896875 0.766667 0.896875 0.755556 0.898438 0.752778 0.898438 0.725 0.9 0.722222 0.9 0.705556 0.901563 0.702778 0.901563 0.683333 0.9 0.680556 0.9 0.602778 0.901563 0.6 0.901563 0.538889 0.903125 0.536111 0.903125 0.491667 0.904688 0.488889 0.904688 0.452778 0.90625 0.45 0.90625 0.422222 0.907812 0.419444 0.907812 0.358333 0.909375 0.355556 0.909375 0.316667 0.910937 0.313889 0.910937 0.288889 0.9125 0.286111 0.9125 0.266667 0.914062 0.263889 0.914062 0.261111 0.915625 0.258333 0.920313 0.258333 0.920313 0.0888889 0.915625 0.0888889 0.914062 0.0861111 0.910937 0.0861111 0.909375 0.0833333 0.904688 0.0833333 0.903125 0.0805556 0.890625 0.0805556 0.889063 0.0777778 0.870313 0.0777778 0.86875 0.075 0.853125 0.075 0.851562 0.0722222 0.85 0.075 0.846875 0.075 0.845312 0.0722222 0.83125 0.0722222 0.829687 0.0694444 0.79375 0.0694444 0.792188 0.0666667 0.767187 0.0666667 0.765625 0.0638889 0.746875 0.0638889 0.745313 0.0611111 0.629687 0.0611111 0.628125 0.0583333 0.589063 0.0583333 0.5875 0.0555556 0.535937 0.0555556 0.534375 0.0527778 0.532812 0.0527778 0.53125 0.0555556 0.521875 0.0555556 0.520312 0.0527778 0.484375 0.0527778 0.482812 0.05 0.46875 0.05 0.467187 0.0472222 0.467187 0.0388889
67 0.159375 0.0388889 0.159375 0.836111 0.164062 0.836111 0.170312 0.847222 0.170312 0.85 0.184375 0.875 0.1875 0.875 0.189063 0.877778 0.192188 0.877778 0.19375 0.880556 0.195312 0.880556 0.196875 0.883333 0.204688 0.883333 0.20625 0.886111 0.2125 0.886111 0.214062 0.888889 0.221875 0.888889 0.223438 0.891667 0.265625 0.891667 0.267188 0.894444 0.271875 0.894444 0.273438 0.897222 0.278125 0.897222 0.279687 0.9 0.284375 0.9 0.285937 0.902778 0.3 0.902778 0.301562 0.905556 0.317187 0.905556 0.31875 0.908333 0.328125 0.908333 0.329688 0.911111 0.342187 0.911111 0.34375 0.913889 0.359375 0.913889 0.360938 0.916667 0.390625 0.916667 0.392188 0.919444 0.40625 0.919444 0.407813 0.922222 0.420312 0.922222 0.421875 0.925 0.44375 0.925 0.445312 0.927778 0.460938 0.927778 0.4625 0.925 0.489062 0.925 0.490625 0.927778 0.498437 0.927778 0.5 0.930556 0.5125 0.930556 0.514063 0.933333 0.520312 0.933333 0.521875 0.936111 0.53125 0.936111 0.532812 0.938889 0.551562 0.938889 0.553125 0.941667 0.564062 0.941667 0.565625 0.944444 0.576563 0.944444 0.578125 0.947222 0.590625 0.947222 0.592188 0.95 0.603125 0.95 0.604688 0.952778 0.61875 0.952778 0.620313 0.955556 0.634375 0.955556 0.635938 0.958333 0.659375 0.958333 0.660937 0.961111 0.673437 0.961111 0.675 0.963889 0.682813 0.963889 0.684375 0.966667 0.696875 0.966667 0.698438 0.969444 0.704687 0.969444 0.70625 0.972222 0.70625 0.980556 0.840625 0.980556 0.840625 0.972222 0.845312 0.963889 0.846875 0.963889 0.848437 0.961111 0.851562 0.961111 0.853125 0.958333 0.854688 0.958333 0.85625 0.955556 0.859375 0.955556 0.860937 0.952778 0.8625 0.952778 0.864062 0.95 0.865625 0.95 0.870313 0.941667 0.871875 0.941667 0.873438 0.938889 0.875 0.938889 0.879687 0.930556 0.88125 0.930556 0.8875 0.919444 0.8875 0.916667 0.889063 0.913889 0.889063 0.911111 0.890625 0.908333 0.890625 0.886111 0.892187 0.883333 0.892187 0.830556 0.89375 0.827778 0.89375 0.786111 0.895312 0.783333 0.895312 0.769444 0.896875 0.766667 0.896875 0.755556 0.898438 0.752778 0.898438 0.725 0.9 0.722222 0.9 0.705556 0.901563 0.702778 0.901563 0.683333 0.9 0.680556 0.9 0.602778 0.901563 0.6 0.901563 0.538889 0.903125 0.536111 0.903125 0.491667 0.904688 0.488889 0.904688 0.452778 0.90625 0.45 0.90625 0.422222 0.907812 0.419444 0.907812 0.358333 0.909375 0.355556 0.909375 0.316667 0.910937 0.313889 0.910937 0.288889 0.9125 0.286111 0.9125 0.266667 0.914062 0.263889 0.914062 0.261111 0.915625 0.258333 0.920313 0.258333 0.920313 0.0888889 0.915625 0.0888889 0.914062 0.0861111 0.910937 0.0861111 0.909375 0.0833333 0.904688 0.0833333 0.903125 0.0805556 0.890625 0.0805556 0.889063 0.0777778 0.870313 0.0777778 0.86875 0.075 0.853125 0.075 0.851562 0.0722222 0.85 0.075 0.846875 0.075 0.845312 0.0722222 0.83125 0.0722222 0.829687 0.0694444 0.79375 0.0694444 0.792188 0.0666667 0.767187 0.0666667 0.765625 0.0638889 0.746875 0.0638889 0.745313 0.0611111 0.629687 0.0611111 0.628125 0.0583333 0.589063 0.0583333 0.5875 0.0555556 0.535937 0.0555556 0.534375 0.0527778 0.532812 0.0527778 0.53125 0.0555556 0.521875 0.0555556 0.520312 0.0527778 0.484375 0.0527778 0.482812 0.05 0.46875 0.05 0.467187 0.0472222 0.467187 0.0388889
62 0.159375 0.0388889 0.159375 0.836111 0.164062 0.836111 0.170312 0.847222 0.170312 0.85 0.184375 0.875 0.1875 0.875 0.189063 0.877778 0.192188 0.877778 0.19375 0.880556 0.195312 0.880556 0.196875 0.883333 0.204688 0.883333 0.20625 0.886111 0.2125 0.886111 0.214062 0.888889 0.221875 0.888889 0.223438 0.891667 0.265625 0.891667 0.267188 0.894444 0.271875 0.894444 0.273438 0.897222 0.278125 0.897222 0.279687 0.9 0.284375 0.9 0.285937 0.902778 0.3 0.902778 0.301562 0.905556 0.317187 0.905556 0.31875 0.908333 0.328125 0.908333 0.329688 0.911111 0.342187 0.911111 0.34375 0.913889 0.359375 0.913889 0.360938 0.916667 0.390625 0.916667 0.392188 0.919444 0.40625 0.919444 0.407813 0.922222 0.420312 0.922222 0.421875 0.925 0.44375 0.925 0.445312 0.927778 0.460938 0.927778 0.4625 0.925 0.489062 0.925 0.490625 0.927778 0.498437 0.927778 0.5 0.930556 0.5125 0.930556 0.514063 0.933333 0.520312 0.933333 0.521875 0.936111 0.53125 0.936111 0.532812 0.938889 0.551562 0.938889 0.553125 0.941667 0.564062 0.941667 0.565625 0.944444 0.576563 0.944444 0.578125 0.947222 0.590625 0.947222 0.592188 0.95 0.603125 0.95 0.604688 0.952778 0.61875 0.952778 0.620313 0.955556 0.634375 0.955556 0.635938 0.958333 0.659375 0.958333 0.660937 0.961111 0.673437 0.961111 0.675 0.963889 0.682813 0.963889 0.684375 0.966667 0.696875 0.966667 0.698438 0.969444 0.704687 0.969444 0.70625 0.972222 0.70625 0.980556 0.840625 0.980556 0.840625 0.972222 0.845312 0.963889 0.846875 0.963889 0.848437 0.961111 0.851562 0.961111 0.853125 0.958333 0.854688 0.958333 0.85625 0.955556 0.859375 0.955556 0.860937 0.952778 0.8625 0.952778 0.864062 0.95 0.865625 0.95 0.870313 0.941667 0.871875 0.941667 0.873438 0.938889 0.875 0.938889 0.879687 0.930556 0.88125 0.930556 0.8875 0.919444 0.8875 0.916667 0.889063 0.913889 0.889063 0.911111 0.890625 0.908333 0.890625 0.886111 0.892187 0.883333 0.892187 0.830556 0.89375 0.827778 0.89375 0.786111 0.895312 0.783333 0.895312 0.769444 0.896875 0.766667 0.896875 0.755556 0.898438 0.752778 0.898438 0.725 0.9 0.722222 0.9 0.705556 0.901563 0.702778 0.901563 0.683333 0.9 0.680556 0.9 0.602778 0.901563 0.6 0.901563 0.538889 0.903125 0.536111 0.903125 0.491667 0.904688 0.488889 0.904688 0.452778 0.90625 0.45 0.90625 0.422222 0.907812 0.419444 0.907812 0.358333 0.909375 0.355556 0.909375 0.316667 0.910937 0.313889 0.910937 0.288889 0.9125 0.286111 0.9125 0.266667 0.914062 0.263889 0.914062 0.261111 0.915625 0.258333 0.920313 0.258333 0.920313 0.0888889 0.915625 0.0888889 0.914062 0.0861111 0.910937 0.0861111 0.909375 0.0833333 0.904688 0.0833333 0.903125 0.0805556 0.890625 0.0805556 0.889063 0.0777778 0.870313 0.0777778 0.86875 0.075 0.853125 0.075 0.851562 0.0722222 0.85 0.075 0.846875 0.075 0.845312 0.0722222 0.83125 0.0722222 0.829687 0.0694444 0.79375 0.0694444 0.792188 0.0666667 0.767187 0.0666667 0.765625 0.0638889 0.746875 0.0638889 0.745313 0.0611111 0.629687 0.0611111 0.628125 0.0583333 0.589063 0.0583333 0.5875 0.0555556 0.535937 0.0555556 0.534375 0.0527778 0.532812 0.0527778 0.53125 0.0555556 0.521875 0.0555556 0.520312 0.0527778 0.484375 0.0527778 0.482812 0.05 0.46875 0.05 0.467187 0.0472222 0.467187 0.0388889
67 0.159375 0.0388889 0.159375 0.836111 0.164062 0.836111 0.170312 0.847222 0.170312 0.85 0.184375 0.875 0.1875 0.875 0.189063 0.877778 0.192188 0.877778 0.19375 0.880556 0.195312 0.880556 0.196875 0.883333 0.204688 0.883333 0.20625 0.886111 0.2125 0.886111 0.214062 0.888889 0.221875 0.888889 0.223438 0.891667 0.265625 0.891667 0.267188 0.894444 0.271875 0.894444 0.273438 0.897222 0.278125 0.897222 0.279687 0.9 0.284375 0.9 0.285937 0.902778 0.3 0.902778 0.301562 0.905556 0.317187 0.905556 0.31875 0.908333 0.328125 0.908333 0.329688 0.911111 0.342187 0.911111 0.34375 0.913889 0.359375 0.913889 0.360938 0.916667 0.390625 0.916667 0.392188 0.919444 0.40625 0.919444 0.407813 0.922222 0.420312 0.922222 0.421875 0.925 0.44375 0.925 0.445312 0.927778 0.460938 0.927778 0.4625 0.925 0.489062 0.925 0.490625 0.927778 0.498437 0.927778 0.5 0.930556 0.5125 0.930556 0.514063 0.933333 0.520312 0.933333 0.521875 0.936111 0.53125 0.936111 0.532812 0.938889 0.551562 0.938889 0.553125 0.941667 0.564062 0.941667 0.565625 0.944444 0.576563 0.944444 0.578125 0.947222 0.590625 0.947222 0.592188 0.95 0.603125 0.95 0.604688 0.952778 0.61875 0.952778 0.620313 0.955556 0.634375 0.955556 0.635938 0.958333 0.659375 0.958333 0.660937 0.961111 0.673437 0.961111 0.675 0.963889 0.682813 0.963889 0.684375 0.966667 0.696875 0.966667 0.698438 0.969444 0.704687 0.969444 0.70625 0.972222 0.70625 0.980556 0.840625 0.980556 0.840625 0.972222 0.845312 0.963889 0.846875 0.963889 0.848437 0.961111 0.851562 0.961111 0.853125 0.958333 0.854688 0.958333 0.85625 0.955556 0.859375 0.955556 0.860937 0.952778 0.8625 0.952778 0.864062 0.95 0.865625 0.95 0.870313 0.941667 0.871875 0.941667 0.873438 0.938889 0.875 0.938889 0.879687 0.930556 0.88125 0.930556 0.8875 0.919444 0.8875 0.916667 0.889063 0.913889 0.889063 0.911111 0.890625 0.908333 0.890625 0.886111 0.892187 0.883333 0.892187 0.830556 0.89375 0.827778 0.89375 0.786111 0.895312 0.783333 0.895312 0.769444 0.896875 0.766667 0.896875 0.755556 0.898438 0.752778 0.898438 0.725 0.9 0.722222 0.9 0.705556 0.901563 0.702778 0.901563 0.683333 0.9 0.680556 0.9 0.602778 0.901563 0.6 0.901563 0.538889 0.903125 0.536111 0.903125 0.491667 0.904688 0.488889 0.904688 0.452778 0.90625 0.45 0.90625 0.422222 0.907812 0.419444 0.907812 0.358333 0.909375 0.355556 0.909375 0.316667 0.910937 0.313889 0.910937 0.288889 0.9125 0.286111 0.9125 0.266667 0.914062 0.263889 0.914062 0.261111 0.915625 0.258333 0.920313 0.258333 0.920313 0.0888889 0.915625 0.0888889 0.914062 0.0861111 0.910937 0.0861111 0.909375 0.0833333 0.904688 0.0833333 0.903125 0.0805556 0.890625 0.0805556 0.889063 0.0777778 0.870313 0.0777778 0.86875 0.075 0.853125 0.075 0.851562 0.0722222 0.85 0.075 0.846875 0.075 0.845312 0.0722222 0.83125 0.0722222 0.829687 0.0694444 0.79375 0.0694444 0.792188 0.0666667 0.767187 0.0666667 0.765625 0.0638889 0.746875 0.0638889 0.745313 0.0611111 0.629687 0.0611111 0.628125 0.0583333 0.589063 0.0583333 0.5875 0.0555556 0.535937 0.0555556 0.534375 0.0527778 0.532812 0.0527778 0.53125 0.0555556 0.521875 0.0555556 0.520312 0.0527778 0.484375 0.0527778 0.482812 0.05 0.46875 0.05 0.467187 0.0472222 0.467187 0.0388889
62 0.159375 0.0388889 0.159375 0.836111 0.164062 0.836111 0.170312 0.847222 0.170312 0.85 0.184375 0.875 0.1875 0.875 0.189063 0.877778 0.192188 0.877778 0.19375 0.880556 0.195312 0.880556 0.196875 0.883333 0.204688 0.883333 0.20625 0.886111 0.2125 0.886111 0.214062 0.888889 0.221875 0.888889 0.223438 0.891667 0.265625 0.891667 0.267188 0.894444 0.271875 0.894444 0.273438 0.897222 0.278125 0.897222 0.279687 0.9 0.284375 0.9 0.285937 0.902778 0.3 0.902778 0.301562 0.905556 0.317187 0.905556 0.31875 0.908333 0.328125 0.908333 0.329688 0.911111 0.342187 0.911111 0.34375 0.913889 0.359375 0.913889 0.360938 0.916667 0.390625 0.916667 0.392188 0.919444 0.40625 0.919444 0.407813 0.922222 0.420312 0.922222 0.421875 0.925 0.44375 0.925 0.445312 0.927778 0.460938 0.927778 0.4625 0.925 0.489062 0.925 0.490625 0.927778 0.498437 0.927778 0.5 0.930556 0.5125 0.930556 0.514063 0.933333 0.520312 0.933333 0.521875 0.936111 0.53125 0.936111 0.532812 0.938889 0.551562 0.938889 0.553125 0.941667 0.564062 0.941667 0.565625 0.944444 0.576563 0.944444 0.578125 0.947222 0.590625 0.947222 0.592188 0.95 0.603125 0.95 0.604688 0.952778 0.61875 0.952778 0.620313 0.955556 0.634375 0.955556 0.635938 0.958333 0.659375 0.958333 0.660937 0.961111 0.673437 0.961111 0.675 0.963889 0.682813 0.963889 0.684375 0.966667 0.696875 0.966667 0.698438 0.969444 0.704687 0.969444 0.70625 0.972222 0.70625 0.980556 0.840625 0.980556 0.840625 0.972222 0.845312 0.963889 0.846875 0.963889 0.848437 0.961111 0.851562 0.961111 0.853125 0.958333 0.854688 0.958333 0.85625 0.955556 0.859375 0.955556 0.860937 0.952778 0.8625 0.952778 0.864062 0.95 0.865625 0.95 0.870313 0.941667 0.871875 0.941667 0.873438 0.938889 0.875 0.938889 0.879687 0.930556 0.88125 0.930556 0.8875 0.919444 0.8875 0.916667 0.889063 0.913889 0.889063 0.911111 0.890625 0.908333 0.890625 0.886111 0.892187 0.883333 0.892187 0.830556 0.89375 0.827778 0.89375 0.786111 0.895312 0.783333 0.895312 0.769444 0.896875 0.766667 0.896875 0.755556 0.898438 0.752778 0.898438 0.725 0.9 0.722222 0.9 0.705556 0.901563 0.702778 0.901563 0.683333 0.9 0.680556 0.9 0.602778 0.901563 0.6 0.901563 0.538889 0.903125 0.536111 0.903125 0.491667 0.904688 0.488889 0.904688 0.452778 0.90625 0.45 0.90625 0.422222 0.907812 0.419444 0.907812 0.358333 0.909375 0.355556 0.909375 0.316667 0.910937 0.313889 0.910937 0.288889 0.9125 0.286111 0.9125 0.266667 0.914062 0.263889 0.914062 0.261111 0.915625 0.258333 0.920313 0.258333 0.920313 0.0888889 0.915625 0.0888889 0.914062 0.0861111 0.910937 0.0861111 0.909375 0.0833333 0.904688 0.0833333 0.903125 0.0805556 0.890625 0.0805556 0.889063 0.0777778 0.870313 0.0777778 0.86875 0.075 0.853125 0.075 0.851562 0.0722222 0.85 0.075 0.846875 0.075 0.845312 0.0722222 0.83125 0.0722222 0.829687 0.0694444 0.79375 0.0694444 0.792188 0.0666667 0.767187 0.0666667 0.765625 0.0638889 0.746875 0.0638889 0.745313 0.0611111 0.629687 0.0611111 0.628125 0.0583333 0.589063 0.0583333 0.5875 0.0555556 0.535937 0.0555556 0.534375 0.0527778 0.532812 0.0527778 0.53125 0.0555556 0.521875 0.0555556 0.520312 0.0527778 0.484375 0.0527778 0.482812 0.05 0.46875 0.05 0.467187 0.0472222 0.467187 0.0388889
67 0.159375 0.0388889 0.159375 0.836111 0.164062 0.836111 0.170312 0.847222 0.170312 0.85 0.184375 0.875 0.1875 0.875 0.189063 0.877778 0.192188 0.877778 0.19375 0.880556 0.195312 0.880556 0.196875 0.883333 0.204688 0.883333 0.20625 0.886111 0.2125 0.886111 0.214062 0.888889 0.221875 0.888889 0.223438 0.891667 0.265625 0.891667 0.267188 0.894444 0.271875 0.894444 0.273438 0.897222 0.278125 0.897222 0.279687 0.9 0.284375 0.9 0.285937 0.902778 0.3 0.902778 0.301562 0.905556 0.317187 0.905556 0.31875 0.908333 0.328125 0.908333 0.329688 0.911111 0.342187 0.911111 0.34375 0.913889 0.359375 0.913889 0.360938 0.916667 0.390625 0.916667 0.392188 0.919444 0.40625 0.919444 0.407813 0.922222 0.420312 0.922222 0.421875 0.925 0.44375 0.925 0.445312 0.927778 0.460938 0.927778 0.4625 0.925 0.489062 0.925 0.490625 0.927778 0.498437 0.927778 0.5 0.930556 0.5125 0.930556 0.514063 0.933333 0.520312 0.933333 0.521875 0.936111 0.53125 0.936111 0.532812 0.938889 0.551562 0.938889 0.553125 0.941667 0.564062 0.941667 0.565625 0.944444 0.576563 0.944444 0.578125 0.947222 0.590625 0.947222 0.592188 0.95 0.603125 0.95 0.604688 0.952778 0.61875 0.952778 0.620313 0.955556 0.634375 0.955556 0.635938 0.958333 0.659375 0.958333 0.660937 0.961111 0.673437 0.961111 0.675 0.963889 0.682813 0.963889 0.684375 0.966667 0.696875 0.966667 0.698438 0.969444 0.704687 0.969444 0.70625 0.972222 0.70625 0.980556 0.840625 0.980556 0.840625 0.972222 0.845312 0.963889 0.846875 0.963889 0.848437 0.961111 0.851562 0.961111 0.853125 0.958333 0.854688 0.958333 0.85625 0.955556 0.859375 0.955556 0.860937 0.952778 0.8625 0.952778 0.864062 0.95 0.865625 0.95 0.870313 0.941667 0.871875 0.941667 0.873438 0.938889 0.875 0.938889 0.879687 0.930556 0.88125 0.930556 0.8875 0.919444 0.8875 0.916667 0.889063 0.913889 0.889063 0.911111 0.890625 0.908333 0.890625 0.886111 0.892187 0.883333 0.892187 0.830556 0.89375 0.827778 0.89375 0.786111 0.895312 0.783333 0.895312 0.769444 0.896875 0.766667 0.896875 0.755556 0.898438 0.752778 0.898438 0.725 0.9 0.722222 0.9 0.705556 0.901563 0.702778 0.901563 0.683333 0.9 0.680556 0.9 0.602778 0.901563 0.6 0.901563 0.538889 0.903125 0.536111 0.903125 0.491667 0.904688 0.488889 0.904688 0.452778 0.90625 0.45 0.90625 0.422222 0.907812 0.419444 0.907812 0.358333 0.909375 0.355556 0.909375 0.316667 0.910937 0.313889 0.910937 0.288889 0.9125 0.286111 0.9125 0.266667 0.914062 0.263889 0.914062 0.261111 0.915625 0.258333 0.920313 0.258333 0.920313 0.0888889 0.915625 0.0888889 0.914062 0.0861111 0.910937 0.0861111 0.909375 0.0833333 0.904688 0.0833333 0.903125 0.0805556 0.890625 0.0805556 0.889063 0.0777778 0.870313 0.0777778 0.86875 0.075 0.853125 0.075 0.851562 0.0722222 0.85 0.075 0.846875 0.075 0.845312 0.0722222 0.83125 0.0722222 0.829687 0.0694444 0.79375 0.0694444 0.792188 0.0666667 0.767187 0.0666667 0.765625 0.0638889 0.746875 0.0638889 0.745313 0.0611111 0.629687 0.0611111 0.628125 0.0583333 0.589063 0.0583333 0.5875 0.0555556 0.535937 0.0555556 0.534375 0.0527778 0.532812 0.0527778 0.53125 0.0555556 0.521875 0.0555556 0.520312 0.0527778 0.484375 0.0527778 0.482812 0.05 0.46875 0.05 0.467187 0.0472222 0.467187 0.0388889
62 0.159375 0.0388889 0.159375 0.836111 0.164062 0.836111 0.170312 0.847222 0.170312 0.85 0.184375 0.875 0.1875 0.875 0.189063 0.877778 0.192188 0.877778 0.19375 0.880556 0.195312 0.880556 0.196875 0.883333 0.204688 0.883333 0.20625 0.886111 0.2125 0.886111 0.214062 0.888889 0.221875 0.888889 0.223438 0.891667 0.265625 0.891667 0.267188 0.894444 0.271875 0.894444 0.273438 0.897222 0.278125 0.897222 0.279687 0.9 0.284375 0.9 0.285937 0.902778 0.3 0.902778 0.301562 0.905556 0.317187 0.905556 0.31875 0.908333 0.328125 0.908333 0.329688 0.911111 0.342187 0.911111 0.34375 0.913889 0.359375 0.913889 0.360938 0.916667 0.390625 0.916667 0.392188 0.919444 0.40625 0.919444 0.407813 0.922222 0.420312 0.922222 0.421875 0.925 0.44375 0.925 0.445312 0.927778 0.460938 0.927778 0.4625 0.925 0.489062 0.925 0.490625 0.927778 0.498437 0.927778 0.5 0.930556 0.5125 0.930556 0.514063 0.933333 0.520312 0.933333 0.521875 0.936111 0.53125 0.936111 0.532812 0.938889 0.551562 0.938889 0.553125 0.941667 0.564062 0.941667 0.565625 0.944444 0.576563 0.944444 0.578125 0.947222 0.590625 0.947222 0.592188 0.95 0.603125 0.95 0.604688 0.952778 0.61875 0.952778 0.620313 0.955556 0.634375 0.955556 0.635938 0.958333 0.659375 0.958333 0.660937 0.961111 0.673437 0.961111 0.675 0.963889 0.682813 0.963889 0.684375 0.966667 0.696875 0.966667 0.698438 0.969444 0.704687 0.969444 0.70625 0.972222 0.70625 0.980556 0.840625 0.980556 0.840625 0.972222 0.845312 0.963889 0.846875 0.963889 0.848437 0.961111 0.851562 0.961111 0.853125 0.958333 0.854688 0.958333 0.85625 0.955556 0.859375 0.955556 0.860937 0.952778 0.8625 0.952778 0.864062 0.95 0.865625 0.95 0.870313 0.941667 0.871875 0.941667 0.873438 0.938889 0.875 0.938889 0.879687 0.930556 0.88125 0.930556 0.8875 0.919444 0.8875 0.916667 0.889063 0.913889 0.889063 0.911111 0.890625 0.908333 0.890625 0.886111 0.892187 0.883333 0.892187 0.830556 0.89375 0.827778 0.89375 0.786111 0.895312 0.783333 0.895312 0.769444 0.896875 0.766667 0.896875 0.755556 0.898438 0.752778 0.898438 0.725 0.9 0.722222 0.9 0.705556 0.901563 0.702778 0.901563 0.683333 0.9 0.680556 0.9 0.602778 0.901563 0.6 0.901563 0.538889 0.903125 0.536111 0.903125 0.491667 0.904688 0.488889 0.904688 0.452778 0.90625 0.45 0.90625 0.422222 0.907812 0.419444 0.907812 0.358333 0.909375 0.355556 0.909375 0.316667 0.910937 0.313889 0.910937 0.288889 0.9125 0.286111 0.9125 0.266667 0.914062 0.263889 0.914062 0.261111 0.915625 0.258333 0.920313 0.258333 0.920313 0.0888889 0.915625 0.0888889 0.914062 0.0861111 0.910937 0.0861111 0.909375 0.0833333 0.904688 0.0833333 0.903125 0.0805556 0.890625 0.0805556 0.889063 0.0777778 0.870313 0.0777778 0.86875 0.075 0.853125 0.075 0.851562 0.0722222 0.85 0.075 0.846875 0.075 0.845312 0.0722222 0.83125 0.0722222 0.829687 0.0694444 0.79375 0.0694444 0.792188 0.0666667 0.767187 0.0666667 0.765625 0.0638889 0.746875 0.0638889 0.745313 0.0611111 0.629687 0.0611111 0.628125 0.0583333 0.589063 0.0583333 0.5875 0.0555556 0.535937 0.0555556 0.534375 0.0527778 0.532812 0.0527778 0.53125 0.0555556 0.521875 0.0555556 0.520312 0.0527778 0.484375 0.0527778 0.482812 0.05 0.46875 0.05 0.467187 0.0472222 0.467187 0.0388889
67 0.159375 0.0388889 0.159375 0.836111 0.164062 0.836111 0.170312 0.847222 0.170312 0.85 0.184375 0.875 0.1875 0.875 0.189063 0.877778 0.192188 0.877778 0.19375 0.880556 0.195312 0.880556 0.196875 0.883333 0.204688 0.883333 0.20625 0.886111 0.2125 0.886111 0.214062 0.888889 0.221875 0.888889 0.223438 0.891667 0.265625 0.891667 0.267188 0.894444 0.271875 0.894444 0.273438 0.897222 0.278125 0.897222 0.279687 0.9 0.284375 0.9 0.285937 0.902778 0.3 0.902778 0.301562 0.905556 0.317187 0.905556 0.31875 0.908333 0.328125 0.908333 0.329688 0.911111 0.342187 0.911111 0.34375 0.913889 0.359375 0.913889 0.360938 0.916667 0.390625 0.916667 0.392188 0.919444 0.40625 0.919444 0.407813 0.922222 0.420312 0.922222 0.421875 0.925 0.44375 0.925 0.445312 0.927778 0.460938 0.927778 0.4625 0.925 0.489062 0.925 0.490625 0.927778 0.498437 0.927778 0.5 0.930556 0.5125 0.930556 0.514063 0.933333 0.520312 0.933333 0.521875 0.936111 0.53125 0.936111 0.532812 0.938889 0.551562 0.938889 0.553125 0.941667 0.564062 0.941667 0.565625 0.944444 0.576563 0.944444 0.578125 0.947222 0.590625 0.947222 0.592188 0.95 0.603125 0.95 0.604688 0.952778 0.61875 0.952778 0.620313 0.955556 0.634375 0.955556 0.635938 0.958333 0.659375 0.958333 0.660937 0.961111 0.673437 0.961111 0.675 0.963889 0.682813 0.963889 0.684375 0.966667 0.696875 0.966667 0.698438 0.969444 0.704687 0.969444 0.70625 0.972222 0.70625 0.980556 0.840625 0.980556 0.840625 0.972222 0.845312 0.963889 0.846875 0.963889 0.848437 0.961111 0.851562 0.961111 0.853125 0.958333 0.854688 0.958333 0.85625 0.955556 0.859375 0.955556 0.860937 0.952778 0.8625 0.952778 0.864062 0.95 0.865625 0.95 0.870313 0.941667 0.871875 0.941667 0.873438 0.938889 0.875 0.938889 0.879687 0.930556 0.88125 0.930556 0.8875 0.919444 0.8875 0.916667 0.889063 0.913889 0.889063 0.911111 0.890625 0.908333 0.890625 0.886111 0.892187 0.883333 0.892187 0.830556 0.89375 0.827778 0.89375 0.786111 0.895312 0.783333 0.895312 0.769444 0.896875 0.766667 0.896875 0.755556 0.898438 0.752778 0.898438 0.725 0.9 0.722222 0.9 0.705556 0.901563 0.702778 0.901563 0.683333 0.9 0.680556 0.9 0.602778 0.901563 0.6 0.901563 0.538889 0.903125 0.536111 0.903125 0.491667 0.904688 0.488889 0.904688 0.452778 0.90625 0.45 0.90625 0.422222 0.907812 0.419444 0.907812 0.358333 0.909375 0.355556 0.909375 0.316667 0.910937 0.313889 0.910937 0.288889 0.9125 0.286111 0.9125 0.266667 0.914062 0.263889 0.914062 0.261111 0.915625 0.258333 0.920313 0.258333 0.920313 0.0888889 0.915625 0.0888889 0.914062 0.0861111 0.910937 0.0861111 0.909375 0.0833333 0.904688 0.0833333 0.903125 0.0805556 0.890625 0.0805556 0.889063 0.0777778 0.870313 0.0777778 0.86875 0.075 0.853125 0.075 0.851562 0.0722222 0.85 0.075 0.846875 0.075 0.845312 0.0722222 0.83125 0.0722222 0.829687 0.0694444 0.79375 0.0694444 0.792188 0.0666667 0.767187 0.0666667 0.765625 0.0638889 0.746875 0.0638889 0.745313 0.0611111 0.629687 0.0611111 0.628125 0.0583333 0.589063 0.0583333 0.5875 0.0555556 0.535937 0.0555556 0.534375 0.0527778 0.532812 0.0527778 0.53125 0.0555556 0.521875 0.0555556 0.520312 0.0527778 0.484375 0.0527778 0.482812 0.05 0.46875 0.05 0.467187 0.0472222 0.467187 0.0388889
62 0.159375 0.0388889 0.159375 0.836111 0.164062 0.836111 0.170312 0.847222 0.170312 0.85 0.184375 0.875 0.1875 0.875 0.189063 0.877778 0.192188 0.877778 0.19375 0.880556 0.195312 0.880556 0.196875 0.883333 0.204688 0.883333 0.20625 0.886111 0.2125 0.886111 0.214062 0.888889 0.221875 0.888889 0.223438 0.891667 0.265625 0.891667 0.267188 0.894444 0.271875 0.894444 0.273438 0.897222 0.278125 0.897222 0.279687 0.9 0.284375 0.9 0.285937 0.902778 0.3 0.902778 0.301562 0.905556 0.317187 0.905556 0.31875 0.908333 0.328125 0.908333 0.329688 0.911111 0.342187 0.911111 0.34375 0.913889 0.359375 0.913889 0.360938 0.916667 0.390625 0.916667 0.392188 0.919444 0.40625 0.919444 0.407813 0.922222 0.420312 0.922222 0.421875 0.925 0.44375 0.925 0.445312 0.927778 0.460938 0.927778 0.4625 0.925 0.489062 0.925 0.490625 0.927778 0.498437 0.927778 0.5 0.930556 0.5125 0.930556 0.514063 0.933333 0.520312 0.933333 0.521875 0.936111 0.53125 0.936111 0.532812 0.938889 0.551562 0.938889 0.553125 0.941667 0.564062 0.941667 0.565625 0.944444 0.576563 0.944444 0.578125 0.947222 0.590625 0.947222 0.592188 0.95 0.603125 0.95 0.604688 0.952778 0.61875 0.952778 0.620313 0.955556 0.634375 0.955556 0.635938 0.958333 0.659375 0.958333 0.660937 0.961111 0.673437 0.961111 0.675 0.963889 0.682813 0.963889 0.684375 0.966667 0.696875 0.966667 0.698438 0.969444 0.704687 0.969444 0.70625 0.972222 0.70625 0.980556 0.840625 0.980556 0.840625 0.972222 0.845312 0.963889 0.846875 0.963889 0.848437 0.961111 0.851562 0.961111 0.853125 0.958333 0.854688 0.958333 0.85625 0.955556 0.859375 0.955556 0.860937 0.952778 0.8625 0.952778 0.864062 0.95 0.865625 0.95 0.870313 0.941667 0.871875 0.941667 0.873438 0.938889 0.875 0.938889 0.879687 0.930556 0.88125 0.930556 0.8875 0.919444 0.8875 0.916667 0.889063 0.913889 0.889063 0.911111 0.890625 0.908333 0.890625 0.886111 0.892187 0.883333 0.892187 0.830556 0.89375 0.827778 0.89375 0.786111 0.895312 0.783333 0.895312 0.769444 0.896875 0.766667 0.896875 0.755556 0.898438 0.752778 0.898438 0.725 0.9 0.722222 0.9 0.705556 0.901563 0.702778 0.901563 0.683333 0.9 0.680556 0.9 0.602778 0.901563 0.6 0.901563 0.538889 0.903125 0.536111 0.903125 0.491667 0.904688 0.488889 0.904688 0.452778 0.90625 0.45 0.90625 0.422222 0.907812 0.419444 0.907812 0.358333 0.909375 0.355556 0.909375 0.316667 0.910937 0.313889 0.910937 0.288889 0.9125 0.286111 0.9125 0.266667 0.914062 0.263889 0.914062 0.261111 0.915625 0.258333 0.920313 0.258333 0.920313 0.0888889 0.915625 0.0888889 0.914062 0.0861111 0.910937 0.0861111 0.909375 0.0833333 0.904688 0.0833333 0.903125 0.0805556 0.890625 0.0805556 0.889063 0.0777778 0.870313 0.0777778 0.86875 0.075 0.853125 0.075 0.851562 0.0722222 0.85 0.075 0.846875 0.075 0.845312 0.0722222 0.83125 0.0722222 0.829687 0.0694444 0.79375 0.0694444 0.792188 0.0666667 0.767187 0.0666667 0.765625 0.0638889 0.746875 0.0638889 0.745313 0.0611111 0.629687 0.0611111 0.628125 0.0583333 0.589063 0.0583333 0.5875 0.0555556 0.535937 0.0555556 0.534375 0.0527778 0.532812 0.0527778 0.53125 0.0555556 0.521875 0.0555556 0.520312 0.0527778 0.484375 0.0527778 0.482812 0.05 0.46875 0.05 0.467187 0.0472222 0.467187 0.0388889
67 0.159375 0.0388889 0.159375 0.836111 0.164062 0.836111 0.170312 0.847222 0.170312 0.85 0.184375 0.875 0.1875 0.875 0.189063 0.877778 0.192188 0.877778 0.19375 0.880556 0.195312 0.880556 0.196875 0.883333 0.204688 0.883333 0.20625 0.886111 0.2125 0.886111 0.214062 0.888889 0.221875 0.888889 0.223438 0.891667 0.265625 0.891667 0.267188 0.894444 0.271875 0.894444 0.273438 0.897222 0.278125 0.897222 0.279687 0.9 0.284375 0.9 0.285937 0.902778 0.3 0.902778 0.301562 0.905556 0.317187 0.905556 0.31875 0.908333 0.328125 0.908333 0.329688 0.911111 0.342187 0.911111 0.34375 0.913889 0.359375 0.913889 0.360938 0.916667 0.390625 0.916667 0.392188 0.919444 0.40625 0.919444 0.407813 0.922222 0.420312 0.922222 0.421875 0.925 0.44375 0.925 0.445312 0.927778 0.460938 0.927778 0.4625 0.925 0.489062 0.925 0.490625 0.927778 0.498437 0.927778 0.5 0.930556 0.5125 0.930556 0.514063 0.933333 0.520312 0.933333 0.521875 0.936111 0.53125 0.936111 0.532812 0.938889 0.551562 0.938889 0.553125 0.941667 0.564062 0.941667 0.565625 0.944444 0.576563 0.944444 0.578125 0.947222 0.590625 0.947222 0.592188 0.95 0.603125 0.95 0.604688 0.952778 0.61875 0.952778 0.620313 0.955556 0.634375 0.955556 0.635938 0.958333 0.659375 0.958333 0.660937 0.961111 0.673437 0.961111 0.675 0.963889 0.682813 0.963889 0.684375 0.966667 0.696875 0.966667 0.698438 0.969444 0.704687 0.969444 0.70625 0.972222 0.70625 0.980556 0.840625 0.980556 0.840625 0.972222 0.845312 0.963889 0.846875 0.963889 0.848437 0.961111 0.851562 0.961111 0.853125 0.958333 0.854688 0.958333 0.85625 0.955556 0.859375 0.955556 0.860937 0.952778 0.8625 0.952778 0.864062 0.95 0.865625 0.95 0.870313 0.941667 0.871875 0.941667 0.873438 0.938889 0.875 0.938889 0.879687 0.930556 0.88125 0.930556 0.8875 0.919444 0.8875 0.916667 0.889063 0.913889 0.889063 0.911111 0.890625 0.908333 0.890625 0.886111 0.892187 0.883333 0.892187 0.830556 0.89375 0.827778 0.89375 0.786111 0.895312 0.783333 0.895312 0.769444 0.896875 0.766667 0.896875 0.755556 0.898438 0.752778 0.898438 0.725 0.9 0.722222 0.9 0.705556 0.901563 0.702778 0.901563 0.683333 0.9 0.680556 0.9 0.602778 0.901563 0.6 0.901563 0.538889 0.903125 0.536111 0.903125 0.491667 0.904688 0.488889 0.904688 0.452778 0.90625 0.45 0.90625 0.422222 0.907812 0.419444 0.907812 0.358333 0.909375 0.355556 0.909375 0.316667 0.910937 0.313889 0.910937 0.288889 0.9125 0.286111 0.9125 0.266667 0.914062 0.263889 0.914062 0.261111 0.915625 0.258333 0.920313 0.258333 0.920313 0.0888889 0.915625 0.0888889 0.914062 0.0861111 0.910937 0.0861111 0.909375 0.0833333 0.904688 0.0833333 0.903125 0.0805556 0.890625 0.0805556 0.889063 0.0777778 0.870313 0.0777778 0.86875 0.075 0.853125 0.075 0.851562 0.0722222 0.85 0.075 0.846875 0.075 0.845312 0.0722222 0.83125 0.0722222 0.829687 0.0694444 0.79375 0.0694444 0.792188 0.0666667 0.767187 0.0666667 0.765625 0.0638889 0.746875 0.0638889 0.745313 0.0611111 0.629687 0.0611111 0.628125 0.0583333 0.589063 0.0583333 0.5875 0.0555556 0.535937 0.0555556 0.534375 0.0527778 0.532812 0.0527778 0.53125 0.0555556 0.521875 0.0555556 0.520312 0.0527778 0.484375 0.0527778 0.482812 0.05 0.46875 0.05 0.467187 0.0472222 0.467187 0.0388889
62 0.159375 0.0388889 0.159375 0.836111 0.164062 0.836111 0.170312 0.847222 0.170312 0.85 0.184375 0.875 0.1875 0.875 0.189063 0.877778 0.192188 0.877778 0.19375 0.880556 0.195312 0.880556 0.196875 0.883333 0.204688 0.883333 0.20625 0.886111 0.2125 0.886111 0.214062 0.888889 0.221875 0.888889 0.223438 0.891667 0.265625 0.891667 0.267188 0.894444 0.271875 0.894444 0.273438 0.897222 0.278125 0.897222 0.279687 0.9 0.284375 0.9 0.285937 0.902778 0.3 0.902778 0.301562 0.905556 0.317187 0.905556 0.31875 0.908333 0.328125 0.908333 0.329688 0.911111 0.342187 0.911111 0.34375 0.913889 0.359375 0.913889 0.360938 0.916667 0.390625 0.916667 0.392188 0.919444 0.40625 0.919444 0.407813 0.922222 0.420312 0.922222 0.421875 0.925 0.44375 0.925 0.445312 0.927778 0.460938 0.927778 0.4625 0.925 0.489062 0.925 0.490625 0.927778 0.498437 0.927778 0.5 0.930556 0.5125 0.930556 0.514063 0.933333 0.520312 0.933333 0.521875 0.936111 0.53125 0.936111 0.532812 0.938889 0.551562 0.938889 0.553125 0.941667 0.564062 0.941667 0.565625 0.944444 0.576563 0.944444 0.578125 0.947222 0.590625 0.947222 0.592188 0.95 0.603125 0.95 0.604688 0.952778 0.61875 0.952778 0.620313 0.955556 0.634375 0.955556 0.635938 0.958333 0.659375 0.958333 0.660937 0.961111 0.673437 0.961111 0.675 0.963889 0.682813 0.963889 0.684375 0.966667 0.696875 0.966667 0.698438 0.969444 0.704687 0.969444 0.70625 0.972222 0.70625 0.980556 0.840625 0.980556 0.840625 0.972222 0.845312 0.963889 0.846875 0.963889 0.848437 0.961111 0.851562 0.961111 0.853125 0.958333 0.854688 0.958333 0.85625 0.955556 0.859375 0.955556 0.860937 0.952778 0.8625 0.952778 0.864062 0.95 0.865625 0.95 0.870313 0.941667 0.871875 0.941667 0.873438 0.938889 0.875 0.938889 0.879687 0.930556 0.88125 0.930556 0.8875 0.919444 0.8875 0.916667 0.889063 0.913889 0.889063 0.911111 0.890625 0.908333 0.890625 0.886111 0.892187 0.883333 0.892187 0.830556 0.89375 0.827778 0.89375 0.786111 0.895312 0.783333 0.895312 0.769444 0.896875 0.766667 0.896875 0.755556 0.898438 0.752778 0.898438 0.725 0.9 0.722222 0.9 0.705556 0.901563 0.702778 0.901563 0.683333 0.9 0.680556 0.9 0.602778 0.901563 0.6 0.901563 0.538889 0.903125 0.536111 0.903125 0.491667 0.904688 0.488889 0.904688 0.452778 0.90625 0.45 0.90625 0.422222 0.907812 0.419444 0.907812 0.358333 0.909375 0.355556 0.909375 0.316667 0.910937 0.313889 0.910937 0.288889 0.9125 0.286111 0.9125 0.266667 0.914062 0.263889 0.914062 0.261111 0.915625 0.258333 0.920313 0.258333 0.920313 0.0888889 0.915625 0.0888889 0.914062 0.0861111 0.910937 0.0861111 0.909375 0.0833333 0.904688 0.0833333 0.903125 0.0805556 0.890625 0.0805556 0.889063 0.0777778 0.870313 0.0777778 0.86875 0.075 0.853125 0.075 0.851562 0.0722222 0.85 0.075 0.846875 0.075 0.845312 0.0722222 0.83125 0.0722222 0.829687 0.0694444 0.79375 0.0694444 0.792188 0.0666667 0.767187 0.0666667 0.765625 0.0638889 0.746875 0.0638889 0.745313 0.0611111 0.629687 0.0611111 0.628125 0.0583333 0.589063 0.0583333 0.5875 0.0555556 0.535937 0.0555556 0.534375 0.0527778 0.532812 0.0527778 0.53125 0.0555556 0.521875 0.0555556 0.520312 0.0527778 0.484375 0.0527778 0.482812 0.05 0.46875 0.05 0.467187 0.0472222 0.467187 0.0388889
67 0.159375 0.0388889 0.159375 0.836111 0.164062 0.836111 0.170312 0.847222 0.170312 0.85 0.184375 0.875 0.1875 0.875 0.189063 0.877778 0.192188 0.877778 0.19375 0.880556 0.195312 0.880556 0.196875 0.883333 0.204688 0.883333 0.20625 0.886111 0.2125 0.886111 0.214062 0.888889 0.221875 0.888889 0.223438 0.891667 0.265625 0.891667 0.267188 0.894444 0.271875 0.894444 0.273438 0.897222 0.278125 0.897222 0.279687 0.9 0.284375 0.9 0.285937 0.902778 0.3 0.902778 0.301562 0.905556 0.317187 0.905556 0.31875 0.908333 0.328125 0.908333 0.329688 0.911111 0.342187 0.911111 0.34375 0.913889 0.359375 0.913889 0.360938 0.916667 0.390625 0.916667 0.392188 0.919444 0.40625 0.919444 0.407813 0.922222 0.420312 0.922222 0.421875 0.925 0.44375 0.925 0.445312 0.927778 0.460938 0.927778 0.4625 0.925 0.489062 0.925 0.490625 0.927778 0.498437 0.927778 0.5 0.930556 0.5125 0.930556 0.514063 0.933333 0.520312 0.933333 0.521875 0.936111 0.53125 0.936111 0.532812 0.938889 0.551562 0.938889 0.553125 0.941667 0.564062 0.941667 0.565625 0.944444 0.576563 0.944444 0.578125 0.947222 0.590625 0.947222 0.592188 0.95 0.603125 0.95 0.604688 0.952778 0.61875 0.952778 0.620313 0.955556 0.634375 0.955556 0.635938 0.958333 0.659375 0.958333 0.660937 0.961111 0.673437 0.961111 0.675 0.963889 0.682813 0.963889 0.684375 0.966667 0.696875 0.966667 0.698438 0.969444 0.704687 0.969444 0.70625 0.972222 0.70625 0.980556 0.840625 0.980556 0.840625 0.972222 0.845312 0.963889 0.846875 0.963889 0.848437 0.961111 0.851562 0.961111 0.853125 0.958333 0.854688 0.958333 0.85625 0.955556 0.859375 0.955556 0.860937 0.952778 0.8625 0.952778 0.864062 0.95 0.865625 0.95 0.870313 0.941667 0.871875 0.941667 0.873438 0.938889 0.875 0.938889 0.879687 0.930556 0.88125 0.930556 0.8875 0.919444 0.8875 0.916667 0.889063 0.913889 0.889063 0.911111 0.890625 0.908333 0.890625 0.886111 0.892187 0.883333 0.892187 0.830556 0.89375 0.827778 0.89375 0.786111 0.895312 0.783333 0.895312 0.769444 0.896875 0.766667 0.896875 0.755556 0.898438 0.752778 0.898438 0.725 0.9 0.722222 0.9 0.705556 0.901563 0.702778 0.901563 0.683333 0.9 0.680556 0.9 0.602778 0.901563 0.6 0.901563 0.538889 0.903125 0.536111 0.903125 0.491667 0.904688 0.488889 0.904688 0.452778 0.90625 0.45 0.90625 0.422222 0.907812 0.419444 0.907812 0.358333 0.909375 0.355556 0.909375 0.316667 0.910937 0.313889 0.910937 0.288889 0.9125 0.286111 0.9125 0.266667 0.914062 0.263889 0.914062 0.261111 0.915625 0.258333 0.920313 0.258333 0.920313 0.0888889 0.915625 0.0888889 0.914062 0.0861111 0.910937 0.0861111 0.909375 0.0833333 0.904688 0.0833333 0.903125 0.0805556 0.890625 0.0805556 0.889063 0.0777778 0.870313 0.0777778 0.86875 0.075 0.853125 0.075 0.851562 0.0722222 0.85 0.075 0.846875 0.075 0.845312 0.0722222 0.83125 0.0722222 0.829687 0.0694444 0.79375 0.0694444 0.792188 0.0666667 0.767187 0.0666667 0.765625 0.0638889 0.746875 0.0638889 0.745313 0.0611111 0.629687 0.0611111 0.628125 0.0583333 0.589063 0.0583333 0.5875 0.0555556 0.535937 0.0555556 0.534375 0.0527778 0.532812 0.0527778 0.53125 0.0555556 0.521875 0.0555556 0.520312 0.0527778 0.484375 0.0527778 0.482812 0.05 0.46875 0.05 0.467187 0.0472222 0.467187 0.0388889
62 0.159375 0.0388889 0.159375 0.836111 0.164062 0.836111 0.170312 0.847222 0.170312 0.85 0.184375 0.875 0.1875 0.875 0.189063 0.877778 0.192188 0.877778 0.19375 0.880556 0.195312 0.880556 0.196875 0.883333 0.204688 0.883333 0.20625 0.886111 0.2125 0.886111 0.214062 0.888889 0.221875 0.888889 0.223438 0.891667 0.265625 0.891667 0.267188 0.894444 0.271875 0.894444 0.273438 0.897222 0.278125 0.897222 0.279687 0.9 0.284375 0.9 0.285937 0.902778 0.3 0.902778 0.301562 0.905556 0.317187 0.905556 0.31875 0.908333 0.328125 0.908333 0.329688 0.911111 0.342187 0.911111 0.34375 0.913889 0.359375 0.913889 0.360938 0.916667 0.390625 0.916667 0.392188 0.919444 0.40625 0.919444 0.407813 0.922222 0.420312 0.922222 0.421875 0.925 0.44375 0.925 0.445312 0.927778 0.460938 0.927778 0.4625 0.925 0.489062 0.925 0.490625 0.927778 0.498437 0.927778 0.5 0.930556 0.5125 0.930556 0.514063 0.933333 0.520312 0.933333 0.521875 0.936111 0.53125 0.936111 0.532812 0.938889 0.551562 0.938889 0.553125 0.941667 0.564062 0.941667 0.565625 0.944444 0.576563 0.944444 0.578125 0.947222 0.590625 0.947222 0.592188 0.95 0.603125 0.95 0.604688 0.952778 0.61875 0.952778 0.620313 0.955556 0.634375 0.955556 0.635938 0.958333 0.659375 0.958333 0.660937 0.961111 0.673437 0.961111 0.675 0.963889 0.682813 0.963889 0.684375 0.966667 0.696875 0.966667 0.698438 0.969444 0.704687 0.969444 0.70625 0.972222 0.70625 0.980556 0.840625 0.980556 0.840625 0.972222 0.845312 0.963889 0.846875 0.963889 0.848437 0.961111 0.851562 0.961111 0.853125 0.958333 0.854688 0.958333 0.85625 0.955556 0.859375 0.955556 0.860937 0.952778 0.8625 0.952778 0.864062 0.95 0.865625 0.95 0.870313 0.941667 0.871875 0.941667 0.873438 0.938889 0.875 0.938889 0.879687 0.930556 0.88125 0.930556 0.8875 0.919444 0.8875 0.916667 0.889063 0.913889 0.889063 0.911111 0.890625 0.908333 0.890625 0.886111 0.892187 0.883333 0.892187 0.830556 0.89375 0.827778 0.89375 0.786111 0.895312 0.783333 0.895312 0.769444 0.896875 0.766667 0.896875 0.755556 0.898438 0.752778 0.898438 0.725 0.9 0.722222 0.9 0.705556 0.901563 0.702778 0.901563 0.683333 0.9 0.680556 0.9 0.602778 0.901563 0.6 0.901563 0.538889 0.903125 0.536111 0.903125 0.491667 0.904688 0.488889 0.904688 0.452778 0.90625 0.45 0.90625 0.422222 0.907812 0.419444 0.907812 0.358333 0.909375 0.355556 0.909375 0.316667 0.910937 0.313889 0.910937 0.288889 0.9125 0.286111 0.9125 0.266667 0.914062 0.263889 0.914062 0.261111 0.915625 0.258333 0.920313 0.258333 0.920313 0.0888889 0.915625 0.0888889 0.914062 0.0861111 0.910937 0.0861111 0.909375 0.0833333 0.904688 0.0833333 0.903125 0.0805556 0.890625 0.0805556 0.889063 0.0777778 0.870313 0.0777778 0.86875 0.075 0.853125 0.075 0.851562 0.0722222 0.85 0.075 0.846875 0.075 0.845312 0.0722222 0.83125 0.0722222 0.829687 0.0694444 0.79375 0.0694444 0.792188 0.0666667 0.767187 0.0666667 0.765625 0.0638889 0.746875 0.0638889 0.745313 0.0611111 0.629687 0.0611111 0.628125 0.0583333 0.589063 0.0583333 0.5875 0.0555556 0.535937 0.0555556 0.534375 0.0527778 0.532812 0.0527778 0.53125 0.0555556 0.521875 0.0555556 0.520312 0.0527778 0.484375 0.0527778 0.482812 0.05 0.46875 0.05 0.467187 0.0472222 0.467187 0.0388889
67 0.159375 0.0388889 0.159375 0.836111 0.164062 0.836111 0.170312 0.847222 0.170312 0.85 0.184375 0.875 0.1875 0.875 0.189063 0.877778 0.192188 0.877778 0.19375 0.880556 0.195312 0.880556 0.196875 0.883333 0.204688 0.883333 0.20625 0.886111 0.2125 0.886111 0.214062 0.888889 0.221875 0.888889 0.223438 0.891667 0.265625 0.891667 0.267188 0.894444 0.271875 0.894444 0.273438 0.897222 0.278125 0.897222 0.279687 0.9 0.284375 0.9 0.285937 0.902778 0.3 0.902778 0.301562 0.905556 0.317187 0.905556 0.31875 0.908333 0.328125 0.908333 0.329688 0.911111 0.342187 0.911111 0.34375 0.913889 0.359375 0.913889 0.360938 0.916667 0.390625 0.916667 0.392188 0.919444 0.40625 0.919444 0.407813 0.922222 0.420312 0.922222 0.421875 0.925 0.44375 0.925 0.445312 0.927778 0.460938 0.927778 0.4625 0.925 0.489062 0.925 0.490625 0.927778 0.498437 0.927778 0.5 0.930556 0.5125 0.930556 0.514063 0.933333 0.520312 0.933333 0.521875 0.936111 0.53125 0.936111 0.532812 0.938889 0.551562 0.938889 0.553125 0.941667 0.564062 0.941667 0.565625 0.944444 0.576563 0.944444 0.578125 0.947222 0.590625 0.947222 0.592188 0.95 0.603125 0.95 0.604688 0.952778 0.61875 0.952778 0.620313 0.955556 0.634375 0.955556 0.635938 0.958333 0.659375 0.958333 0.660937 0.961111 0.673437 0.961111 0.675 0.963889 0.682813 0.963889 0.684375 0.966667 0.696875 0.966667 0.698438 0.969444 0.704687 0.969444 0.70625 0.972222 0.70625 0.980556 0.840625 0.980556 0.840625 0.972222 0.845312 0.963889 0.846875 0.963889 0.848437 0.961111 0.851562 0.961111 0.853125 0.958333 0.854688 0.958333 0.85625 0.955556 0.859375 0.955556 0.860937 0.952778 0.8625 0.952778 0.864062 0.95 0.865625 0.95 0.870313 0.941667 0.871875 0.941667 0.873438 0.938889 0.875 0.938889 0.879687 0.930556 0.88125 0.930556 0.8875 0.919444 0.8875 0.916667 0.889063 0.913889 0.889063 0.911111 0.890625 0.908333 0.890625 0.886111 0.892187 0.883333 0.892187 0.830556 0.89375 0.827778 0.89375 0.786111 0.895312 0.783333 0.895312 0.769444 0.896875 0.766667 0.896875 0.755556 0.898438 0.752778 0.898438 0.725 0.9 0.722222 0.9 0.705556 0.901563 0.702778 0.901563 0.683333 0.9 0.680556 0.9 0.602778 0.901563 0.6 0.901563 0.538889 0.903125 0.536111 0.903125 0.491667 0.904688 0.488889 0.904688 0.452778 0.90625 0.45 0.90625 0.422222 0.907812 0.419444 0.907812 0.358333 0.909375 0.355556 0.909375 0.316667 0.910937 0.313889 0.910937 0.288889 0.9125 0.286111 0.9125 0.266667 0.914062 0.263889 0.914062 0.261111 0.915625 0.258333 0.920313 0.258333 0.920313 0.0888889 0.915625 0.0888889 0.914062 0.0861111 0.910937 0.0861111 0.909375 0.0833333 0.904688 0.0833333 0.903125 0.0805556 0.890625 0.0805556 0.889063 0.0777778 0.870313 0.0777778 0.86875 0.075 0.853125 0.075 0.851562 0.0722222 0.85 0.075 0.846875 0.075 0.845312 0.0722222 0.83125 0.0722222 0.829687 0.0694444 0.79375 0.0694444 0.792188 0.0666667 0.767187 0.0666667 0.765625 0.0638889 0.746875 0.0638889 0.745313 0.0611111 0.629687 0.0611111 0.628125 0.0583333 0.589063 0.0583333 0.5875 0.0555556 0.535937 0.0555556 0.534375 0.0527778 0.532812 0.0527778 0.53125 0.0555556 0.521875 0.0555556 0.520312 0.0527778 0.484375 0.0527778 0.482812 0.05 0.46875 0.05 0.467187 0.0472222 0.467187 0.0388889
