62 0.159375 0.0388889 0.159375 0.838889 0.165625 0.838889 0.167187 0.841667 0.167187 0.844444 0.170312 0.85 0.170312 0.852778 0.175 0.861111 0.176563 0.861111 0.182812 0.872222 0.184375 0.872222 0.185937 0.875 0.190625 0.875 0.192188 0.877778 0.195312 0.877778 0.196875 0.880556 0.203125 0.880556 0.204688 0.883333 0.207813 0.883333 0.209375 0.886111 0.21875 0.886111 0.220313 0.888889 0.24375 0.888889 0.245312 0.886111 0.246875 0.886111 0.248437 0.888889 0.267188 0.888889 0.26875 0.891667 0.276563 0.891667 0.278125 0.894444 0.28125 0.894444 0.282813 0.897222 0.292188 0.897222 0.29375 0.9 0.314063 0.9 0.315625 0.902778 0.320312 0.902778 0.321875 0.905556 0.332812 0.905556 0.334375 0.908333 0.345313 0.908333 0.346875 0.911111 0.357812 0.911111 0.359375 0.913889 0.373437 0.913889 0.375 0.916667 0.401563 0.916667 0.403125 0.919444 0.409375 0.919444 0.410937 0.922222 0.428125 0.922222 0.429688 0.925 0.484375 0.925 0.485938 0.927778 0.495313 0.927778 0.496875 0.930556 0.5125 0.930556 0.514063 0.933333 0.51875 0.933333 0.520312 0.936111 0.525 0.936111 0.526563 0.938889 0.54375 0.938889 0.545313 0.941667 0.560938 0.941667 0.5625 0.944444 0.573438 0.944444 0.575 0.947222 0.589063 0.947222 0.590625 0.95 0.604688 0.95 0.60625 0.952778 0.620313 0.952778 0.621875 0.955556 0.635938 0.955556 0.6375 0.958333 0.659375 0.958333 0.660937 0.961111 0.673437 0.961111 0.675 0.963889 0.682813 0.963889 0.684375 0.966667 0.698438 0.966667 0.7 0.969444 0.704687 0.969444 0.70625 0.972222 0.70625 0.980556 0.840625 0.980556 0.840625 0.969444 0.842188 0.966667 0.84375 0.966667 0.845312 0.963889 0.846875 0.963889 0.848437 0.961111 0.853125 0.961111 0.85625 0.955556 0.859375 0.955556 0.860937 0.952778 0.8625 0.952778 0.864062 0.95 0.865625 0.95 0.870313 0.941667 0.871875 0.941667 0.873438 0.938889 0.875 0.938889 0.879687 0.930556 0.88125 0.930556 0.882812 0.927778 0.884375 0.927778 0.884375 0.925 0.8875 0.919444 0.8875 0.916667 0.889063 0.913889 0.889063 0.911111 0.890625 0.908333 0.890625 0.886111 0.892187 0.883333 0.892187 0.836111 0.89375 0.833333 0.89375 0.791667 0.895312 0.788889 0.895312 0.772222 0.896875 0.769444 0.896875 0.761111 0.898438 0.758333 0.898438 0.747222 0.9 0.744444 0.9 0.711111 0.901563 0.708333 0.901563 0.683333 0.9 0.680556 0.9 0.597222 0.901563 0.594444 0.901563 0.533333 0.903125 0.530556 0.903125 0.486111 0.904688 0.483333 0.904688 0.45 0.90625 0.447222 0.90625 0.422222 0.907812 0.419444 0.907812 0.358333 0.909375 0.355556 0.909375 0.316667 0.910937 0.313889 0.910937 0.286111 0.9125 0.283333 0.9125 0.263889 0.914062 0.261111 0.914062 0.255556 0.915625 0.252778 0.920313 0.252778 0.920313 0.0888889 0.914062 0.0888889 0.9125 0.0861111 0.910937 0.0861111 0.909375 0.0833333 0.903125 0.0833333 0.901563 0.0805556 0.884375 0.0805556 0.882812 0.0777778 0.870313 0.0777778 0.86875 0.075 0.845312 0.075 0.84375 0.0722222 0.829687 0.0722222 0.828125 0.0694444 0.79375 0.0694444 0.792188 0.0666667 0.76875 0.0666667 0.767187 0.0638889 0.75 0.0638889 0.748438 0.0611111 0.626562 0.0611111 0.625 0.0583333 0.6 0.0583333 0.598437 0.0555556 0.567187 0.0555556 0.565625 0.0527778 0.49375 0.0527778 0.492188 0.05 0.476562 0.05 0.475 0.0472222 0.475 0.0388889
67 0.159375 0.0388889 0.159375 0.838889 0.165625 0.838889 0.167187 0.841667 0.167187 0.844444 0.170312 0.85 0.170312 0.852778 0.175 0.861111 0.176563 0.861111 0.182812 0.872222 0.184375 0.872222 0.185937 0.875 0.190625 0.875 0.192188 0.877778 0.195312 0.877778 0.196875 0.880556 0.203125 0.880556 0.204688 0.883333 0.207813 0.883333 0.209375 0.886111 0.21875 0.886111 0.220313 0.888889 0.24375 0.888889 0.245312 0.886111 0.246875 0.886111 0.248437 0.888889 0.267188 0.888889 0.26875 0.891667 0.276563 0.891667 0.278125 0.894444 0.28125 0.894444 0.282813 0.897222 0.292188 0.897222 0.29375 0.9 0.314063 0.9 0.315625 0.902778 0.320312 0.902778 0.321875 0.905556 0.332812 0.905556 0.334375 0.908333 0.345313 0.908333 0.346875 0.911111 0.357812 0.911111 0.359375 0.913889 0.373437 0.913889 0.375 0.916667 0.401563 0.916667 0.403125 0.919444 0.409375 0.919444 0.410937 0.922222 0.428125 0.922222 0.429688 0.925 0.484375 0.925 0.485938 0.927778 0.495313 0.927778 0.496875 0.930556 0.5125 0.930556 0.514063 0.933333 0.51875 0.933333 0.520312 0.936111 0.525 0.936111 0.526563 0.938889 0.54375 0.938889 0.545313 0.941667 0.560938 0.941667 0.5625 0.944444 0.573438 0.944444 0.575 0.947222 0.589063 0.947222 0.590625 0.95 0.604688 0.95 0.60625 0.952778 0.620313 0.952778 0.621875 0.955556 0.635938 0.955556 0.6375 0.958333 0.659375 0.958333 0.660937 0.961111 0.673437 0.961111 0.675 0.963889 0.682813 0.963889 0.684375 0.966667 0.698438 0.966667 0.7 0.969444 0.704687 0.969444 0.70625 0.972222 0.70625 0.980556 0.840625 0.980556 0.840625 0.969444 0.842188 0.966667 0.84375 0.966667 0.845312 0.963889 0.846875 0.963889 0.848437 0.961111 0.853125 0.961111 0.85625 0.955556 0.859375 0.955556 0.860937 0.952778 0.8625 0.952778 0.864062 0.95 0.865625 0.95 0.870313 0.941667 0.871875 0.941667 0.873438 0.938889 0.875 0.938889 0.879687 0.930556 0.88125 0.930556 0.882812 0.927778 0.884375 0.927778 0.884375 0.925 0.8875 0.919444 0.8875 0.916667 0.889063 0.913889 0.889063 0.911111 0.890625 0.908333 0.890625 0.886111 0.892187 0.883333 0.892187 0.836111 0.89375 0.833333 0.89375 0.791667 0.895312 0.788889 0.895312 0.772222 0.896875 0.769444 0.896875 0.761111 0.898438 0.758333 0.898438 0.747222 0.9 0.744444 0.9 0.711111 0.901563 0.708333 0.901563 0.683333 0.9 0.680556 0.9 0.597222 0.901563 0.594444 0.901563 0.533333 0.903125 0.530556 0.903125 0.486111 0.904688 0.483333 0.904688 0.45 0.90625 0.447222 0.90625 0.422222 0.907812 0.419444 0.907812 0.358333 0.909375 0.355556 0.909375 0.316667 0.910937 0.313889 0.910937 0.286111 0.9125 0.283333 0.9125 0.263889 0.914062 0.261111 0.914062 0.255556 0.915625 0.252778 0.920313 0.252778 0.920313 0.0888889 0.914062 0.0888889 0.9125 0.0861111 0.910937 0.0861111 0.909375 0.0833333 0.903125 0.0833333 0.901563 0.0805556 0.884375 0.0805556 0.882812 0.0777778 0.870313 0.0777778 0.86875 0.075 0.845312 0.075 0.84375 0.0722222 0.829687 0.0722222 0.828125 0.0694444 0.79375 0.0694444 0.792188 0.0666667 0.76875 0.0666667 0.767187 0.0638889 0.75 0.0638889 0.748438 0.0611111 0.626562 0.0611111 0.625 0.0583333 0.6 0.0583333 0.598437 0.0555556 0.567187 0.0555556 0.565625 0.0527778 0.49375 0.0527778 0.492188 0.05 0.476562 0.05 0.475 0.0472222 0.475 0.0388889
62 0.159375 0.0388889 0.159375 0.838889 0.165625 0.838889 0.167187 0.841667 0.167187 0.844444 0.170312 0.85 0.170312 0.852778 0.175 0.861111 0.176563 0.861111 0.182812 0.872222 0.184375 0.872222 0.185937 0.875 0.190625 0.875 0.192188 0.877778 0.195312 0.877778 0.196875 0.880556 0.203125 0.880556 0.204688 0.883333 0.207813 0.883333 0.209375 0.886111 0.21875 0.886111 0.220313 0.888889 0.24375 0.888889 0.245312 0.886111 0.246875 0.886111 0.248437 0.888889 0.267188 0.888889 0.26875 0.891667 0.276563 0.891667 0.278125 0.894444 0.28125 0.894444 0.282813 0.897222 0.292188 0.897222 0.29375 0.9 0.314063 0.9 0.315625 0.902778 0.320312 0.902778 0.321875 0.905556 0.332812 0.905556 0.334375 0.908333 0.345313 0.908333 0.346875 0.911111 0.357812 0.911111 0.359375 0.913889 0.373437 0.913889 0.375 0.916667 0.401563 0.916667 0.403125 0.919444 0.409375 0.919444 0.410937 0.922222 0.428125 0.922222 0.429688 0.925 0.484375 0.925 0.485938 0.927778 0.495313 0.927778 0.496875 0.930556 0.5125 0.930556 0.514063 0.933333 0.51875 0.933333 0.520312 0.936111 0.525 0.936111 0.526563 0.938889 0.54375 0.938889 0.545313 0.941667 0.560938 0.941667 0.5625 0.944444 0.573438 0.944444 0.575 0.947222 0.589063 0.947222 0.590625 0.95 0.604688 0.95 0.60625 0.952778 0.620313 0.952778 0.621875 0.955556 0.635938 0.955556 0.6375 0.958333 0.659375 0.958333 0.660937 0.961111 0.673437 0.961111 0.675 0.963889 0.682813 0.963889 0.684375 0.966667 0.698438 0.966667 0.7 0.969444 0.704687 0.969444 0.70625 0.972222 0.70625 0.980556 0.840625 0.980556 0.840625 0.969444 0.842188 0.966667 0.84375 0.966667 0.845312 0.963889 0.846875 0.963889 0.848437 0.961111 0.853125 0.961111 0.85625 0.955556 0.859375 0.955556 0.860937 0.952778 0.8625 0.952778 0.864062 0.95 0.865625 0.95 0.870313 0.941667 0.871875 0.941667 0.873438 0.938889 0.875 0.938889 0.879687 0.930556 0.88125 0.930556 0.882812 0.927778 0.884375 0.927778 0.884375 0.925 0.8875 0.919444 0.8875 0.916667 0.889063 0.913889 0.889063 0.911111 0.890625 0.908333 0.890625 0.886111 0.892187 0.883333 0.892187 0.836111 0.89375 0.833333 0.89375 0.791667 0.895312 0.788889 0.895312 0.772222 0.896875 0.769444 0.896875 0.761111 0.898438 0.758333 0.898438 0.747222 0.9 0.744444 0.9 0.711111 0.901563 0.708333 0.901563 0.683333 0.9 0.680556 0.9 0.597222 0.901563 0.594444 0.901563 0.533333 0.903125 0.530556 0.903125 0.486111 0.904688 0.483333 0.904688 0.45 0.90625 0.447222 0.90625 0.422222 0.907812 0.419444 0.907812 0.358333 0.909375 0.355556 0.909375 0.316667 0.910937 0.313889 0.910937 0.286111 0.9125 0.283333 0.9125 0.263889 0.914062 0.261111 0.914062 0.255556 0.915625 0.252778 0.920313 0.252778 0.920313 0.0888889 0.914062 0.0888889 0.9125 0.0861111 0.910937 0.0861111 0.909375 0.0833333 0.903125 0.0833333 0.901563 0.0805556 0.884375 0.0805556 0.882812 0.0777778 0.870313 0.0777778 0.86875 0.075 0.845312 0.075 0.84375 0.0722222 0.829687 0.0722222 0.828125 0.0694444 0.79375 0.0694444 0.792188 0.0666667 0.76875 0.0666667 0.767187 0.0638889 0.75 0.0638889 0.748438 0.0611111 0.626562 0.0611111 0.625 0.0583333 0.6 0.0583333 0.598437 0.0555556 0.567187 0.0555556 0.565625 0.0527778 0.49375 0.0527778 0.492188 0.05 0.476562 0.05 0.475 0.0472222 0.475 0.0388889
67 0.159375 0.0388889 0.159375 0.838889 0.165625 0.838889 0.167187 0.841667 0.167187 0.844444 0.170312 0.85 0.170312 0.852778 0.175 0.861111 0.176563 0.861111 0.182812 0.872222 0.184375 0.872222 0.185937 0.875 0.190625 0.875 0.192188 0.877778 0.195312 0.877778 0.196875 0.880556 0.203125 0.880556 0.204688 0.883333 0.207813 0.883333 0.209375 0.886111 0.21875 0.886111 0.220313 0.888889 0.24375 0.888889 0.245312 0.886111 0.246875 0.886111 0.248437 0.888889 0.267188 0.888889 0.26875 0.891667 0.276563 0.891667 0.278125 0.894444 0.28125 0.894444 0.282813 0.897222 0.292188 0.897222 0.29375 0.9 0.314063 0.9 0.315625 0.902778 0.320312 0.902778 0.321875 0.905556 0.332812 0.905556 0.334375 0.908333 0.345313 0.908333 0.346875 0.911111 0.357812 0.911111 0.359375 0.913889 0.373437 0.913889 0.375 0.916667 0.401563 0.916667 0.403125 0.919444 0.409375 0.919444 0.410937 0.922222 0.428125 0.922222 0.429688 0.925 0.484375 0.925 0.485938 0.927778 0.495313 0.927778 0.496875 0.930556 0.5125 0.930556 0.514063 0.933333 0.51875 0.933333 0.520312 0.936111 0.525 0.936111 0.526563 0.938889 0.54375 0.938889 0.545313 0.941667 0.560938 0.941667 0.5625 0.944444 0.573438 0.944444 0.575 0.947222 0.589063 0.947222 0.590625 0.95 0.604688 0.95 0.60625 0.952778 0.620313 0.952778 0.621875 0.955556 0.635938 0.955556 0.6375 0.958333 0.659375 0.958333 0.660937 0.961111 0.673437 0.961111 0.675 0.963889 0.682813 0.963889 0.684375 0.966667 0.698438 0.966667 0.7 0.969444 0.704687 0.969444 0.70625 0.972222 0.70625 0.980556 0.840625 0.980556 0.840625 0.969444 0.842188 0.966667 0.84375 0.966667 0.845312 0.963889 0.846875 0.963889 0.848437 0.961111 0.853125 0.961111 0.85625 0.955556 0.859375 0.955556 0.860937 0.952778 0.8625 0.952778 0.864062 0.95 0.865625 0.95 0.870313 0.941667 0.871875 0.941667 0.873438 0.938889 0.875 0.938889 0.879687 0.930556 0.88125 0.930556 0.882812 0.927778 0.884375 0.927778 0.884375 0.925 0.8875 0.919444 0.8875 0.916667 0.889063 0.913889 0.889063 0.911111 0.890625 0.908333 0.890625 0.886111 0.892187 0.883333 0.892187 0.836111 0.89375 0.833333 0.89375 0.791667 0.895312 0.788889 0.895312 0.772222 0.896875 0.769444 0.896875 0.761111 0.898438 0.758333 0.898438 0.747222 0.9 0.744444 0.9 0.711111 0.901563 0.708333 0.901563 0.683333 0.9 0.680556 0.9 0.597222 0.901563 0.594444 0.901563 0.533333 0.903125 0.530556 0.903125 0.486111 0.904688 0.483333 0.904688 0.45 0.90625 0.447222 0.90625 0.422222 0.907812 0.419444 0.907812 0.358333 0.909375 0.355556 0.909375 0.316667 0.910937 0.313889 0.910937 0.286111 0.9125 0.283333 0.9125 0.263889 0.914062 0.261111 0.914062 0.255556 0.915625 0.252778 0.920313 0.252778 0.920313 0.0888889 0.914062 0.0888889 0.9125 0.0861111 0.910937 0.0861111 0.909375 0.0833333 0.903125 0.0833333 0.901563 0.0805556 0.884375 0.0805556 0.882812 0.0777778 0.870313 0.0777778 0.86875 0.075 0.845312 0.075 0.84375 0.0722222 0.829687 0.0722222 0.828125 0.0694444 0.79375 0.0694444 0.792188 0.0666667 0.76875 0.0666667 0.767187 0.0638889 0.75 0.0638889 0.748438 0.0611111 0.626562 0.0611111 0.625 0.0583333 0.6 0.0583333 0.598437 0.0555556 0.567187 0.0555556 0.565625 0.0527778 0.49375 0.0527778 0.492188 0.05 0.476562 0.05 0.475 0.0472222 0.475 0.0388889
62 0.159375 0.0388889 0.159375 0.838889 0.165625 0.838889 0.167187 0.841667 0.167187 0.844444 0.170312 0.85 0.170312 0.852778 0.175 0.861111 0.176563 0.861111 0.182812 0.872222 0.184375 0.872222 0.185937 0.875 0.190625 0.875 0.192188 0.877778 0.195312 0.877778 0.196875 0.880556 0.203125 0.880556 0.204688 0.883333 0.207813 0.883333 0.209375 0.886111 0.21875 0.886111 0.220313 0.888889 0.24375 0.888889 0.245312 0.886111 0.246875 0.886111 0.248437 0.888889 0.267188 0.888889 0.26875 0.891667 0.276563 0.891667 0.278125 0.894444 0.28125 0.894444 0.282813 0.897222 0.292188 0.897222 0.29375 0.9 0.314063 0.9 0.315625 0.902778 0.320312 0.902778 0.321875 0.905556 0.332812 0.905556 0.334375 0.908333 0.345313 0.908333 0.346875 0.911111 0.357812 0.911111 0.359375 0.913889 0.373437 0.913889 0.375 0.916667 0.401563 0.916667 0.403125 0.919444 0.409375 0.919444 0.410937 0.922222 0.428125 0.922222 0.429688 0.925 0.484375 0.925 0.485938 0.927778 0.495313 0.927778 0.496875 0.930556 0.5125 0.930556 0.514063 0.933333 0.51875 0.933333 0.520312 0.936111 0.525 0.936111 0.526563 0.938889 0.54375 0.938889 0.545313 0.941667 0.560938 0.941667 0.5625 0.944444 0.573438 0.944444 0.575 0.947222 0.589063 0.947222 0.590625 0.95 0.604688 0.95 0.60625 0.952778 0.620313 0.952778 0.621875 0.955556 0.635938 0.955556 0.6375 0.958333 0.659375 0.958333 0.660937 0.961111 0.673437 0.961111 0.675 0.963889 0.682813 0.963889 0.684375 0.966667 0.698438 0.966667 0.7 0.969444 0.704687 0.969444 0.70625 0.972222 0.70625 0.980556 0.840625 0.980556 0.840625 0.969444 0.842188 0.966667 0.84375 0.966667 0.845312 0.963889 0.846875 0.963889 0.848437 0.961111 0.853125 0.961111 0.85625 0.955556 0.859375 0.955556 0.860937 0.952778 0.8625 0.952778 0.864062 0.95 0.865625 0.95 0.870313 0.941667 0.871875 0.941667 0.873438 0.938889 0.875 0.938889 0.879687 0.930556 0.88125 0.930556 0.882812 0.927778 0.884375 0.927778 0.884375 0.925 0.8875 0.919444 0.8875 0.916667 0.889063 0.913889 0.889063 0.911111 0.890625 0.908333 0.890625 0.886111 0.892187 0.883333 0.892187 0.836111 0.89375 0.833333 0.89375 0.791667 0.895312 0.788889 0.895312 0.772222 0.896875 0.769444 0.896875 0.761111 0.898438 0.758333 0.898438 0.747222 0.9 0.744444 0.9 0.711111 0.901563 0.708333 0.901563 0.683333 0.9 0.680556 0.9 0.597222 0.901563 0.594444 0.901563 0.533333 0.903125 0.530556 0.903125 0.486111 0.904688 0.483333 0.904688 0.45 0.90625 0.447222 0.90625 0.422222 0.907812 0.419444 0.907812 0.358333 0.909375 0.355556 0.909375 0.316667 0.910937 0.313889 0.910937 0.286111 0.9125 0.283333 0.9125 0.263889 0.914062 0.261111 0.914062 0.255556 0.915625 0.252778 0.920313 0.252778 0.920313 0.0888889 0.914062 0.0888889 0.9125 0.0861111 0.910937 0.0861111 0.909375 0.0833333 0.903125 0.0833333 0.901563 0.0805556 0.884375 0.0805556 0.882812 0.0777778 0.870313 0.0777778 0.86875 0.075 0.845312 0.075 0.84375 0.0722222 0.829687 0.0722222 0.828125 0.0694444 0.79375 0.0694444 0.792188 0.0666667 0.76875 0.0666667 0.767187 0.0638889 0.75 0.0638889 0.748438 0.0611111 0.626562 0.0611111 0.625 0.0583333 0.6 0.0583333 0.598437 0.0555556 0.567187 0.0555556 0.565625 0.0527778 0.49375 0.0527778 0.492188 0.05 0.476562 0.05 0.475 0.0472222 0.475 0.0388889
67 0.159375 0.0388889 0.159375 0.838889 0.165625 0.838889 0.167187 0.841667 0.167187 0.844444 0.170312 0.85 0.170312 0.852778 0.175 0.861111 0.176563 0.861111 0.182812 0.872222 0.184375 0.872222 0.185937 0.875 0.190625 0.875 0.192188 0.877778 0.195312 0.877778 0.196875 0.880556 0.203125 0.880556 0.204688 0.883333 0.207813 0.883333 0.209375 0.886111 0.21875 0.886111 0.220313 0.888889 0.24375 0.888889 0.245312 0.886111 0.246875 0.886111 0.248437 0.888889 0.267188 0.888889 0.26875 0.891667 0.276563 0.891667 0.278125 0.894444 0.28125 0.894444 0.282813 0.897222 0.292188 0.897222 0.29375 0.9 0.314063 0.9 0.315625 0.902778 0.320312 0.902778 0.321875 0.905556 0.332812 0.905556 0.334375 0.908333 0.345313 0.908333 0.346875 0.911111 0.357812 0.911111 0.359375 0.913889 0.373437 0.913889 0.375 0.916667 0.401563 0.916667 0.403125 0.919444 0.409375 0.919444 0.410937 0.922222 0.428125 0.922222 0.429688 0.925 0.484375 0.925 0.485938 0.927778 0.495313 0.927778 0.496875 0.930556 0.5125 0.930556 0.514063 0.933333 0.51875 0.933333 0.520312 0.936111 0.525 0.936111 0.526563 0.938889 0.54375 0.938889 0.545313 0.941667 0.560938 0.941667 0.5625 0.944444 0.573438 0.944444 0.575 0.947222 0.589063 0.947222 0.590625 0.95 0.604688 0.95 0.60625 0.952778 0.620313 0.952778 0.621875 0.955556 0.635938 0.955556 0.6375 0.958333 0.659375 0.958333 0.660937 0.961111 0.673437 0.961111 0.675 0.963889 0.682813 0.963889 0.684375 0.966667 0.698438 0.966667 0.7 0.969444 0.704687 0.969444 0.70625 0.972222 0.70625 0.980556 0.840625 0.980556 0.840625 0.969444 0.842188 0.966667 0.84375 0.966667 0.845312 0.963889 0.846875 0.963889 0.848437 0.961111 0.853125 0.961111 0.85625 0.955556 0.859375 0.955556 0.860937 0.952778 0.8625 0.952778 0.864062 0.95 0.865625 0.95 0.870313 0.941667 0.871875 0.941667 0.873438 0.938889 0.875 0.938889 0.879687 0.930556 0.88125 0.930556 0.882812 0.927778 0.884375 0.927778 0.884375 0.925 0.8875 0.919444 0.8875 0.916667 0.889063 0.913889 0.889063 0.911111 0.890625 0.908333 0.890625 0.886111 0.892187 0.883333 0.892187 0.836111 0.89375 0.833333 0.89375 0.791667 0.895312 0.788889 0.895312 0.772222 0.896875 0.769444 0.896875 0.761111 0.898438 0.758333 0.898438 0.747222 0.9 0.744444 0.9 0.711111 0.901563 0.708333 0.901563 0.683333 0.9 0.680556 0.9 0.597222 0.901563 0.594444 0.901563 0.533333 0.903125 0.530556 0.903125 0.486111 0.904688 0.483333 0.904688 0.45 0.90625 0.447222 0.90625 0.422222 0.907812 0.419444 0.907812 0.358333 0.909375 0.355556 0.909375 0.316667 0.910937 0.313889 0.910937 0.286111 0.9125 0.283333 0.9125 0.263889 0.914062 0.261111 0.914062 0.255556 0.915625 0.252778 0.920313 0.252778 0.920313 0.0888889 0.914062 0.0888889 0.9125 0.0861111 0.910937 0.0861111 0.909375 0.0833333 0.903125 0.0833333 0.901563 0.0805556 0.884375 0.0805556 0.882812 0.0777778 0.870313 0.0777778 0.86875 0.075 0.845312 0.075 0.84375 0.0722222 0.829687 0.0722222 0.828125 0.0694444 0.79375 0.0694444 0.792188 0.0666667 0.76875 0.0666667 0.767187 0.0638889 0.75 0.0638889 0.748438 0.0611111 0.626562 0.0611111 0.625 0.0583333 0.6 0.0583333 0.598437 0.0555556 0.567187 0.0555556 0.565625 0.0527778 0.49375 0.0527778 0.492188 0.05 0.476562 0.05 0.475 0.0472222 0.475 0.0388889
62 0.159375 0.0388889 0.159375 0.838889 0.165625 0.838889 0.167187 0.841667 0.167187 0.844444 0.170312 0.85 0.170312 0.852778 0.175 0.861111 0.176563 0.861111 0.182812 0.872222 0.184375 0.872222 0.185937 0.875 0.190625 0.875 0.192188 0.877778 0.195312 0.877778 0.196875 0.880556 0.203125 0.880556 0.204688 0.883333 0.207813 0.883333 0.209375 0.886111 0.21875 0.886111 0.220313 0.888889 0.24375 0.888889 0.245312 0.886111 0.246875 0.886111 0.248437 0.888889 0.267188 0.888889 0.26875 0.891667 0.276563 0.891667 0.278125 0.894444 0.28125 0.894444 0.282813 0.897222 0.292188 0.897222 0.29375 0.9 0.314063 0.9 0.315625 0.902778 0.320312 0.902778 0.321875 0.905556 0.332812 0.905556 0.334375 0.908333 0.345313 0.908333 0.346875 0.911111 0.357812 0.911111 0.359375 0.913889 0.373437 0.913889 0.375 0.916667 0.401563 0.916667 0.403125 0.919444 0.409375 0.919444 0.410937 0.922222 0.428125 0.922222 0.429688 0.925 0.484375 0.925 0.485938 0.927778 0.495313 0.927778 0.496875 0.930556 0.5125 0.930556 0.514063 0.933333 0.51875 0.933333 0.520312 0.936111 0.525 0.936111 0.526563 0.938889 0.54375 0.938889 0.545313 0.941667 0.560938 0.941667 0.5625 0.944444 0.573438 0.944444 0.575 0.947222 0.589063 0.947222 0.590625 0.95 0.604688 0.95 0.60625 0.952778 0.620313 0.952778 0.621875 0.955556 0.635938 0.955556 0.6375 0.958333 0.659375 0.958333 0.660937 0.961111 0.673437 0.961111 0.675 0.963889 0.682813 0.963889 0.684375 0.966667 0.698438 0.966667 0.7 0.969444 0.704687 0.969444 0.70625 0.972222 0.70625 0.980556 0.840625 0.980556 0.840625 0.969444 0.842188 0.966667 0.84375 0.966667 0.845312 0.963889 0.846875 0.963889 0.848437 0.961111 0.853125 0.961111 0.85625 0.955556 0.859375 0.955556 0.860937 0.952778 0.8625 0.952778 0.864062 0.95 0.865625 0.95 0.870313 0.941667 0.871875 0.941667 0.873438 0.938889 0.875 0.938889 0.879687 0.930556 0.88125 0.930556 0.882812 0.927778 0.884375 0.927778 0.884375 0.925 0.8875 0.919444 0.8875 0.916667 0.889063 0.913889 0.889063 0.911111 0.890625 0.908333 0.890625 0.886111 0.892187 0.883333 0.892187 0.836111 0.89375 0.833333 0.89375 0.791667 0.895312 0.788889 0.895312 0.772222 0.896875 0.769444 0.896875 0.761111 0.898438 0.758333 0.898438 0.747222 0.9 0.744444 0.9 0.711111 0.901563 0.708333 0.901563 0.683333 0.9 0.680556 0.9 0.597222 0.901563 0.594444 0.901563 0.533333 0.903125 0.530556 0.903125 0.486111 0.904688 0.483333 0.904688 0.45 0.90625 0.447222 0.90625 0.422222 0.907812 0.419444 0.907812 0.358333 0.909375 0.355556 0.909375 0.316667 0.910937 0.313889 0.910937 0.286111 0.9125 0.283333 0.9125 0.263889 0.914062 0.261111 0.914062 0.255556 0.915625 0.252778 0.920313 0.252778 0.920313 0.0888889 0.914062 0.0888889 0.9125 0.0861111 0.910937 0.0861111 0.909375 0.0833333 0.903125 0.0833333 0.901563 0.0805556 0.884375 0.0805556 0.882812 0.0777778 0.870313 0.0777778 0.86875 0.075 0.845312 0.075 0.84375 0.0722222 0.829687 0.0722222 0.828125 0.0694444 0.79375 0.0694444 0.792188 0.0666667 0.76875 0.0666667 0.767187 0.0638889 0.75 0.0638889 0.748438 0.0611111 0.626562 0.0611111 0.625 0.0583333 0.6 0.0583333 0.598437 0.0555556 0.567187 0.0555556 0.565625 0.0527778 0.49375 0.0527778 0.492188 0.05 0.476562 0.05 0.475 0.0472222 0.475 0.0388889
67 0.159375 0.0388889 0.159375 0.838889 0.165625 0.838889 0.167187 0.841667 0.167187 0.844444 0.170312 0.85 0.170312 0.852778 0.175 0.861111 0.176563 0.861111 0.182812 0.872222 0.184375 0.872222 0.185937 0.875 0.190625 0.875 0.192188 0.877778 0.195312 0.877778 0.196875 0.880556 0.203125 0.880556 0.204688 0.883333 0.207813 0.883333 0.209375 0.886111 0.21875 0.886111 0.220313 0.888889 0.24375 0.888889 0.245312 0.886111 0.246875 0.886111 0.248437 0.888889 0.267188 0.888889 0.26875 0.891667 0.276563 0.891667 0.278125 0.894444 0.28125 0.894444 0.282813 0.897222 0.292188 0.897222 0.29375 0.9 0.314063 0.9 0.315625 0.902778 0.320312 0.902778 0.321875 0.905556 0.332812 0.905556 0.334375 0.908333 0.345313 0.908333 0.346875 0.911111 0.357812 0.911111 0.359375 0.913889 0.373437 0.913889 0.375 0.916667 0.401563 0.916667 0.403125 0.919444 0.409375 0.919444 0.410937 0.922222 0.428125 0.922222 0.429688 0.925 0.484375 0.925 0.485938 0.927778 0.495313 0.927778 0.496875 0.930556 0.5125 0.930556 0.514063 0.933333 0.51875 0.933333 0.520312 0.936111 0.525 0.936111 0.526563 0.938889 0.54375 0.938889 0.545313 0.941667 0.560938 0.941667 0.5625 0.944444 0.573438 0.944444 0.575 0.947222 0.589063 0.947222 0.590625 0.95 0.604688 0.95 0.60625 0.952778 0.620313 0.952778 0.621875 0.955556 0.635938 0.955556 0.6375 0.958333 0.659375 0.958333 0.660937 0.961111 0.673437 0.961111 0.675 0.963889 0.682813 0.963889 0.684375 0.966667 0.698438 0.966667 0.7 0.969444 0.704687 0.969444 0.70625 0.972222 0.70625 0.980556 0.840625 0.980556 0.840625 0.969444 0.842188 0.966667 0.84375 0.966667 0.845312 0.963889 0.846875 0.963889 0.848437 0.961111 0.853125 0.961111 0.85625 0.955556 0.859375 0.955556 0.860937 0.952778 0.8625 0.952778 0.864062 0.95 0.865625 0.95 0.870313 0.941667 0.871875 0.941667 0.873438 0.938889 0.875 0.938889 0.879687 0.930556 0.88125 0.930556 0.882812 0.927778 0.884375 0.927778 0.884375 0.925 0.8875 0.919444 0.8875 0.916667 0.889063 0.913889 0.889063 0.911111 0.890625 0.908333 0.890625 0.886111 0.892187 0.883333 0.892187 0.836111 0.89375 0.833333 0.89375 0.791667 0.895312 0.788889 0.895312 0.772222 0.896875 0.769444 0.896875 0.761111 0.898438 0.758333 0.898438 0.747222 0.9 0.744444 0.9 0.711111 0.901563 0.708333 0.901563 0.683333 0.9 0.680556 0.9 0.597222 0.901563 0.594444 0.901563 0.533333 0.903125 0.530556 0.903125 0.486111 0.904688 0.483333 0.904688 0.45 0.90625 0.447222 0.90625 0.422222 0.907812 0.419444 0.907812 0.358333 0.909375 0.355556 0.909375 0.316667 0.910937 0.313889 0.910937 0.286111 0.9125 0.283333 0.9125 0.263889 0.914062 0.261111 0.914062 0.255556 0.915625 0.252778 0.920313 0.252778 0.920313 0.0888889 0.914062 0.0888889 0.9125 0.0861111 0.910937 0.0861111 0.909375 0.0833333 0.903125 0.0833333 0.901563 0.0805556 0.884375 0.0805556 0.882812 0.0777778 0.870313 0.0777778 0.86875 0.075 0.845312 0.075 0.84375 0.0722222 0.829687 0.0722222 0.828125 0.0694444 0.79375 0.0694444 0.792188 0.0666667 0.76875 0.0666667 0.767187 0.0638889 0.75 0.0638889 0.748438 0.0611111 0.626562 0.0611111 0.625 0.0583333 0.6 0.0583333 0.598437 0.0555556 0.567187 0.0555556 0.565625 0.0527778 0.49375 0.0527778 0.492188 0.05 0.476562 0.05 0.475 0.0472222 0.475 0.0388889
62 0.159375 0.0388889 0.159375 0.838889 0.165625 0.838889 0.167187 0.841667 0.167187 0.844444 0.170312 0.85 0.170312 0.852778 0.175 0.861111 0.176563 0.861111 0.182812 0.872222 0.184375 0.872222 0.185937 0.875 0.190625 0.875 0.192188 0.877778 0.195312 0.877778 0.196875 0.880556 0.203125 0.880556 0.204688 0.883333 0.207813 0.883333 0.209375 0.886111 0.21875 0.886111 0.220313 0.888889 0.24375 0.888889 0.245312 0.886111 0.246875 0.886111 0.248437 0.888889 0.267188 0.888889 0.26875 0.891667 0.276563 0.891667 0.278125 0.894444 0.28125 0.894444 0.282813 0.897222 0.292188 0.897222 0.29375 0.9 0.314063 0.9 0.315625 0.902778 0.320312 0.902778 0.321875 0.905556 0.332812 0.905556 0.334375 0.908333 0.345313 0.908333 0.346875 0.911111 0.357812 0.911111 0.359375 0.913889 0.373437 0.913889 0.375 0.916667 0.401563 0.916667 0.403125 0.919444 0.409375 0.919444 0.410937 0.922222 0.428125 0.922222 0.429688 0.925 0.484375 0.925 0.485938 0.927778 0.495313 0.927778 0.496875 0.930556 0.5125 0.930556 0.514063 0.933333 0.51875 0.933333 0.520312 0.936111 0.525 0.936111 0.526563 0.938889 0.54375 0.938889 0.545313 0.941667 0.560938 0.941667 0.5625 0.944444 0.573438 0.944444 0.575 0.947222 0.589063 0.947222 0.590625 0.95 0.604688 0.95 0.60625 0.952778 0.620313 0.952778 0.621875 0.955556 0.635938 0.955556 0.6375 0.958333 0.659375 0.958333 0.660937 0.961111 0.673437 0.961111 0.675 0.963889 0.682813 0.963889 0.684375 0.966667 0.698438 0.966667 0.7 0.969444 0.704687 0.969444 0.70625 0.972222 0.70625 0.980556 0.840625 0.980556 0.840625 0.969444 0.842188 0.966667 0.84375 0.966667 0.845312 0.963889 0.846875 0.963889 0.848437 0.961111 0.853125 0.961111 0.85625 0.955556 0.859375 0.955556 0.860937 0.952778 0.8625 0.952778 0.864062 0.95 0.865625 0.95 0.870313 0.941667 0.871875 0.941667 0.873438 0.938889 0.875 0.938889 0.879687 0.930556 0.88125 0.930556 0.882812 0.927778 0.884375 0.927778 0.884375 0.925 0.8875 0.919444 0.8875 0.916667 0.889063 0.913889 0.889063 0.911111 0.890625 0.908333 0.890625 0.886111 0.892187 0.883333 0.892187 0.836111 0.89375 0.833333 0.89375 0.791667 0.895312 0.788889 0.895312 0.772222 0.896875 0.769444 0.896875 0.761111 0.898438 0.758333 0.898438 0.747222 0.9 0.744444 0.9 0.711111 0.901563 0.708333 0.901563 0.683333 0.9 0.680556 0.9 0.597222 0.901563 0.594444 0.901563 0.533333 0.903125 0.530556 0.903125 0.486111 0.904688 0.483333 0.904688 0.45 0.90625 0.447222 0.90625 0.422222 0.907812 0.419444 0.907812 0.358333 0.909375 0.355556 0.909375 0.316667 0.910937 0.313889 0.910937 0.286111 0.9125 0.283333 0.9125 0.263889 0.914062 0.261111 0.914062 0.255556 0.915625 0.252778 0.920313 0.252778 0.920313 0.0888889 0.914062 0.0888889 0.9125 0.0861111 0.910937 0.0861111 0.909375 0.0833333 0.903125 0.0833333 0.901563 0.0805556 0.884375 0.0805556 0.882812 0.0777778 0.870313 0.0777778 0.86875 0.075 0.845312 0.075 0.84375 0.0722222 0.829687 0.0722222 0.828125 0.0694444 0.79375 0.0694444 0.792188 0.0666667 0.76875 0.0666667 0.767187 0.0638889 0.75 0.0638889 0.748438 0.0611111 0.626562 0.0611111 0.625 0.0583333 0.6 0.0583333 0.598437 0.0555556 0.567187 0.0555556 0.565625 0.0527778 0.49375 0.0527778 0.492188 0.05 0.476562 0.05 0.475 0.0472222 0.475 0.0388889
67 0.159375 0.0388889 0.159375 0.838889 0.165625 0.838889 0.167187 0.841667 0.167187 0.844444 0.170312 0.85 0.170312 0.852778 0.175 0.861111 0.176563 0.861111 0.182812 0.872222 0.184375 0.872222 0.185937 0.875 0.190625 0.875 0.192188 0.877778 0.195312 0.877778 0.196875 0.880556 0.203125 0.880556 0.204688 0.883333 0.207813 0.883333 0.209375 0.886111 0.21875 0.886111 0.220313 0.888889 0.24375 0.888889 0.245312 0.886111 0.246875 0.886111 0.248437 0.888889 0.267188 0.888889 0.26875 0.891667 0.276563 0.891667 0.278125 0.894444 0.28125 0.894444 0.282813 0.897222 0.292188 0.897222 0.29375 0.9 0.314063 0.9 0.315625 0.902778 0.320312 0.902778 0.321875 0.905556 0.332812 0.905556 0.334375 0.908333 0.345313 0.908333 0.346875 0.911111 0.357812 0.911111 0.359375 0.913889 0.373437 0.913889 0.375 0.916667 0.401563 0.916667 0.403125 0.919444 0.409375 0.919444 0.410937 0.922222 0.428125 0.922222 0.429688 0.925 0.484375 0.925 0.485938 0.927778 0.495313 0.927778 0.496875 0.930556 0.5125 0.930556 0.514063 0.933333 0.51875 0.933333 0.520312 0.936111 0.525 0.936111 0.526563 0.938889 0.54375 0.938889 0.545313 0.941667 0.560938 0.941667 0.5625 0.944444 0.573438 0.944444 0.575 0.947222 0.589063 0.947222 0.590625 0.95 0.604688 0.95 0.60625 0.952778 0.620313 0.952778 0.621875 0.955556 0.635938 0.955556 0.6375 0.958333 0.659375 0.958333 0.660937 0.961111 0.673437 0.961111 0.675 0.963889 0.682813 0.963889 0.684375 0.966667 0.698438 0.966667 0.7 0.969444 0.704687 0.969444 0.70625 0.972222 0.70625 0.980556 0.840625 0.980556 0.840625 0.969444 0.842188 0.966667 0.84375 0.966667 0.845312 0.963889 0.846875 0.963889 0.848437 0.961111 0.853125 0.961111 0.85625 0.955556 0.859375 0.955556 0.860937 0.952778 0.8625 0.952778 0.864062 0.95 0.865625 0.95 0.870313 0.941667 0.871875 0.941667 0.873438 0.938889 0.875 0.938889 0.879687 0.930556 0.88125 0.930556 0.882812 0.927778 0.884375 0.927778 0.884375 0.925 0.8875 0.919444 0.8875 0.916667 0.889063 0.913889 0.889063 0.911111 0.890625 0.908333 0.890625 0.886111 0.892187 0.883333 0.892187 0.836111 0.89375 0.833333 0.89375 0.791667 0.895312 0.788889 0.895312 0.772222 0.896875 0.769444 0.896875 0.761111 0.898438 0.758333 0.898438 0.747222 0.9 0.744444 0.9 0.711111 0.901563 0.708333 0.901563 0.683333 0.9 0.680556 0.9 0.597222 0.901563 0.594444 0.901563 0.533333 0.903125 0.530556 0.903125 0.486111 0.904688 0.483333 0.904688 0.45 0.90625 0.447222 0.90625 0.422222 0.907812 0.419444 0.907812 0.358333 0.909375 0.355556 0.909375 0.316667 0.910937 0.313889 0.910937 0.286111 0.9125 0.283333 0.9125 0.263889 0.914062 0.261111 0.914062 0.255556 0.915625 0.252778 0.920313 0.252778 0.920313 0.0888889 0.914062 0.0888889 0.9125 0.0861111 0.910937 0.0861111 0.909375 0.0833333 0.903125 0.0833333 0.901563 0.0805556 0.884375 0.0805556 0.882812 0.0777778 0.870313 0.0777778 0.86875 0.075 0.845312 0.075 0.84375 0.0722222 0.829687 0.0722222 0.828125 0.0694444 0.79375 0.0694444 0.792188 0.0666667 0.76875 0.0666667 0.767187 0.0638889 0.75 0.0638889 0.748438 0.0611111 0.626562 0.0611111 0.625 0.0583333 0.6 0.0583333 0.598437 0.0555556 0.567187 0.0555556 0.565625 0.0527778 0.49375 0.0527778 0.492188 0.05 0.476562 0.05 0.475 0.0472222 0.475 0.0388889
62 0.159375 0.0388889 0.159375 0.838889 0.165625 0.838889 0.167187 0.841667 0.167187 0.844444 0.170312 0.85 0.170312 0.852778 0.175 0.861111 0.176563 0.861111 0.182812 0.872222 0.184375 0.872222 0.185937 0.875 0.190625 0.875 0.192188 0.877778 0.195312 0.877778 0.196875 0.880556 0.203125 0.880556 0.204688 0.883333 0.207813 0.883333 0.209375 0.886111 0.21875 0.886111 0.220313 0.888889 0.24375 0.888889 0.245312 0.886111 0.246875 0.886111 0.248437 0.888889 0.267188 0.888889 0.26875 0.891667 0.276563 0.891667 0.278125 0.894444 0.28125 0.894444 0.282813 0.897222 0.292188 0.897222 0.29375 0.9 0.314063 0.9 0.315625 0.902778 0.320312 0.902778 0.321875 0.905556 0.332812 0.905556 0.334375 0.908333 0.345313 0.908333 0.346875 0.911111 0.357812 0.911111 0.359375 0.913889 0.373437 0.913889 0.375 0.916667 0.401563 0.916667 0.403125 0.919444 0.409375 0.919444 0.410937 0.922222 0.428125 0.922222 0.429688 0.925 0.484375 0.925 0.485938 0.927778 0.495313 0.927778 0.496875 0.930556 0.5125 0.930556 0.514063 0.933333 0.51875 0.933333 0.520312 0.936111 0.525 0.936111 0.526563 0.938889 0.54375 0.938889 0.545313 0.941667 0.560938 0.941667 0.5625 0.944444 0.573438 0.944444 0.575 0.947222 0.589063 0.947222 0.590625 0.95 0.604688 0.95 0.60625 0.952778 0.620313 0.952778 0.621875 0.955556 0.635938 0.955556 0.6375 0.958333 0.659375 0.958333 0.660937 0.961111 0.673437 0.961111 0.675 0.963889 0.682813 0.963889 0.684375 0.966667 0.698438 0.966667 0.7 0.969444 0.704687 0.969444 0.70625 0.972222 0.70625 0.980556 0.840625 0.980556 0.840625 0.969444 0.842188 0.966667 0.84375 0.966667 0.845312 0.963889 0.846875 0.963889 0.848437 0.961111 0.853125 0.961111 0.85625 0.955556 0.859375 0.955556 0.860937 0.952778 0.8625 0.952778 0.864062 0.95 0.865625 0.95 0.870313 0.941667 0.871875 0.941667 0.873438 0.938889 0.875 0.938889 0.879687 0.930556 0.88125 0.930556 0.882812 0.927778 0.884375 0.927778 0.884375 0.925 0.8875 0.919444 0.8875 0.916667 0.889063 0.913889 0.889063 0.911111 0.890625 0.908333 0.890625 0.886111 0.892187 0.883333 0.892187 0.836111 0.89375 0.833333 0.89375 0.791667 0.895312 0.788889 0.895312 0.772222 0.896875 0.769444 0.896875 0.761111 0.898438 0.758333 0.898438 0.747222 0.9 0.744444 0.9 0.711111 0.901563 0.708333 0.901563 0.683333 0.9 0.680556 0.9 0.597222 0.901563 0.594444 0.901563 0.533333 0.903125 0.530556 0.903125 0.486111 0.904688 0.483333 0.904688 0.45 0.90625 0.447222 0.90625 0.422222 0.907812 0.419444 0.907812 0.358333 0.909375 0.355556 0.909375 0.316667 0.910937 0.313889 0.910937 0.286111 0.9125 0.283333 0.9125 0.263889 0.914062 0.261111 0.914062 0.255556 0.915625 0.252778 0.920313 0.252778 0.920313 0.0888889 0.914062 0.0888889 0.9125 0.0861111 0.910937 0.0861111 0.909375 0.0833333 0.903125 0.0833333 0.901563 0.0805556 0.884375 0.0805556 0.882812 0.0777778 0.870313 0.0777778 0.86875 0.075 0.845312 0.075 0.84375 0.0722222 0.829687 0.0722222 0.828125 0.0694444 0.79375 0.0694444 0.792188 0.0666667 0.76875 0.0666667 0.767187 0.0638889 0.75 0.0638889 0.748438 0.0611111 0.626562 0.0611111 0.625 0.0583333 0.6 0.0583333 0.598437 0.0555556 0.567187 0.0555556 0.565625 0.0527778 0.49375 0.0527778 0.492188 0.05 0.476562 0.05 0.475 0.0472222 0.475 0.0388889
67 0.159375 0.0388889 0.159375 0.838889 0.165625 0.838889 0.167187 0.841667 0.167187 0.844444 0.170312 0.85 0.170312 0.852778 0.175 0.861111 0.176563 0.861111 0.182812 0.872222 0.184375 0.872222 0.185937 0.875 0.190625 0.875 0.192188 0.877778 0.195312 0.877778 0.196875 0.880556 0.203125 0.880556 0.204688 0.883333 0.207813 0.883333 0.209375 0.886111 0.21875 0.886111 0.220313 0.888889 0.24375 0.888889 0.245312 0.886111 0.246875 0.886111 0.248437 0.888889 0.267188 0.888889 0.26875 0.891667 0.276563 0.891667 0.278125 0.894444 0.28125 0.894444 0.282813 0.897222 0.292188 0.897222 0.29375 0.9 0.314063 0.9 0.315625 0.902778 0.320312 0.902778 0.321875 0.905556 0.332812 0.905556 0.334375 0.908333 0.345313 0.908333 0.346875 0.911111 0.357812 0.911111 0.359375 0.913889 0.373437 0.913889 0.375 0.916667 0.401563 0.916667 0.403125 0.919444 0.409375 0.919444 0.410937 0.922222 0.428125 0.922222 0.429688 0.925 0.484375 0.925 0.485938 0.927778 0.495313 0.927778 0.496875 0.930556 0.5125 0.930556 0.514063 0.933333 0.51875 0.933333 0.520312 0.936111 0.525 0.936111 0.526563 0.938889 0.54375 0.938889 0.545313 0.941667 0.560938 0.941667 0.5625 0.944444 0.573438 0.944444 0.575 0.947222 0.589063 0.947222 0.590625 0.95 0.604688 0.95 0.60625 0.952778 0.620313 0.952778 0.621875 0.955556 0.635938 0.955556 0.6375 0.958333 0.659375 0.958333 0.660937 0.961111 0.673437 0.961111 0.675 0.963889 0.682813 0.963889 0.684375 0.966667 0.698438 0.966667 0.7 0.969444 0.704687 0.969444 0.70625 0.972222 0.70625 0.980556 0.840625 0.980556 0.840625 0.969444 0.842188 0.966667 0.84375 0.966667 0.845312 0.963889 0.846875 0.963889 0.848437 0.961111 0.853125 0.961111 0.85625 0.955556 0.859375 0.955556 0.860937 0.952778 0.8625 0.952778 0.864062 0.95 0.865625 0.95 0.870313 0.941667 0.871875 0.941667 0.873438 0.938889 0.875 0.938889 0.879687 0.930556 0.88125 0.930556 0.882812 0.927778 0.884375 0.927778 0.884375 0.925 0.8875 0.919444 0.8875 0.916667 0.889063 0.913889 0.889063 0.911111 0.890625 0.908333 0.890625 0.886111 0.892187 0.883333 0.892187 0.836111 0.89375 0.833333 0.89375 0.791667 0.895312 0.788889 0.895312 0.772222 0.896875 0.769444 0.896875 0.761111 0.898438 0.758333 0.898438 0.747222 0.9 0.744444 0.9 0.711111 0.901563 0.708333 0.901563 0.683333 0.9 0.680556 0.9 0.597222 0.901563 0.594444 0.901563 0.533333 0.903125 0.530556 0.903125 0.486111 0.904688 0.483333 0.904688 0.45 0.90625 0.447222 0.90625 0.422222 0.907812 0.419444 0.907812 0.358333 0.909375 0.355556 0.909375 0.316667 0.910937 0.313889 0.910937 0.286111 0.9125 0.283333 0.9125 0.263889 0.914062 0.261111 0.914062 0.255556 0.915625 0.252778 0.920313 0.252778 0.920313 0.0888889 0.914062 0.0888889 0.9125 0.0861111 0.910937 0.0861111 0.909375 0.0833333 0.903125 0.0833333 0.901563 0.0805556 0.884375 0.0805556 0.882812 0.0777778 0.870313 0.0777778 0.86875 0.075 0.845312 0.075 0.84375 0.0722222 0.829687 0.0722222 0.828125 0.0694444 0.79375 0.0694444 0.792188 0.0666667 0.76875 0.0666667 0.767187 0.0638889 0.75 0.0638889 0.748438 0.0611111 0.626562 0.0611111 0.625 0.0583333 0.6 0.0583333 0.598437 0.0555556 0.567187 0.0555556 0.565625 0.0527778 0.49375 0.0527778 0.492188 0.05 0.476562 0.05 0.475 0.0472222 0.475 0.0388889
62 0.159375 0.0388889 0.159375 0.838889 0.165625 0.838889 0.167187 0.841667 0.167187 0.844444 0.170312 0.85 0.170312 0.852778 0.175 0.861111 0.176563 0.861111 0.182812 0.872222 0.184375 0.872222 0.185937 0.875 0.190625 0.875 0.192188 0.877778 0.195312 0.877778 0.196875 0.880556 0.203125 0.880556 0.204688 0.883333 0.207813 0.883333 0.209375 0.886111 0.21875 0.886111 0.220313 0.888889 0.24375 0.888889 0.245312 0.886111 0.246875 0.886111 0.248437 0.888889 0.267188 0.888889 0.26875 0.891667 0.276563 0.891667 0.278125 0.894444 0.28125 0.894444 0.282813 0.897222 0.292188 0.897222 0.29375 0.9 0.314063 0.9 0.315625 0.902778 0.320312 0.902778 0.321875 0.905556 0.332812 0.905556 0.334375 0.908333 0.345313 0.908333 0.346875 0.911111 0.357812 0.911111 0.359375 0.913889 0.373437 0.913889 0.375 0.916667 0.401563 0.916667 0.403125 0.919444 0.409375 0.919444 0.410937 0.922222 0.428125 0.922222 0.429688 0.925 0.484375 0.925 0.485938 0.927778 0.495313 0.927778 0.496875 0.930556 0.5125 0.930556 0.514063 0.933333 0.51875 0.933333 0.520312 0.936111 0.525 0.936111 0.526563 0.938889 0.54375 0.938889 0.545313 0.941667 0.560938 0.941667 0.5625 0.944444 0.573438 0.944444 0.575 0.947222 0.589063 0.947222 0.590625 0.95 0.604688 0.95 0.60625 0.952778 0.620313 0.952778 0.621875 0.955556 0.635938 0.955556 0.6375 0.958333 0.659375 0.958333 0.660937 0.961111 0.673437 0.961111 0.675 0.963889 0.682813 0.963889 0.684375 0.966667 0.698438 0.966667 0.7 0.969444 0.704687 0.969444 0.70625 0.972222 0.70625 0.980556 0.840625 0.980556 0.840625 0.969444 0.842188 0.966667 0.84375 0.966667 0.845312 0.963889 0.846875 0.963889 0.848437 0.961111 0.853125 0.961111 0.85625 0.955556 0.859375 0.955556 0.860937 0.952778 0.8625 0.952778 0.864062 0.95 0.865625 0.95 0.870313 0.941667 0.871875 0.941667 0.873438 0.938889 0.875 0.938889 0.879687 0.930556 0.88125 0.930556 0.882812 0.927778 0.884375 0.927778 0.884375 0.925 0.8875 0.919444 0.8875 0.916667 0.889063 0.913889 0.889063 0.911111 0.890625 0.908333 0.890625 0.886111 0.892187 0.883333 0.892187 0.836111 0.89375 0.833333 0.89375 0.791667 0.895312 0.788889 0.895312 0.772222 0.896875 0.769444 0.896875 0.761111 0.898438 0.758333 0.898438 0.747222 0.9 0.744444 0.9 0.711111 0.901563 0.708333 0.901563 0.683333 0.9 0.680556 0.9 0.597222 0.901563 0.594444 0.901563 0.533333 0.903125 0.530556 0.903125 0.486111 0.904688 0.483333 0.904688 0.45 0.90625 0.447222 0.90625 0.422222 0.907812 0.419444 0.907812 0.358333 0.909375 0.355556 0.909375 0.316667 0.910937 0.313889 0.910937 0.286111 0.9125 0.283333 0.9125 0.263889 0.914062 0.261111 0.914062 0.255556 0.915625 0.252778 0.920313 0.252778 0.920313 0.0888889 0.914062 0.0888889 0.9125 0.0861111 0.910937 0.0861111 0.909375 0.0833333 0.903125 0.0833333 0.901563 0.0805556 0.884375 0.0805556 0.882812 0.0777778 0.870313 0.0777778 0.86875 0.075 0.845312 0.075 0.84375 0.0722222 0.829687 0.0722222 0.828125 0.0694444 0.79375 0.0694444 0.792188 0.0666667 0.76875 0.0666667 0.767187 0.0638889 0.75 0.0638889 0.748438 0.0611111 0.626562 0.0611111 0.625 0.0583333 0.6 0.0583333 0.598437 0.0555556 0.567187 0.0555556 0.565625 0.0527778 0.49375 0.0527778 0.492188 0.05 0.476562 0.05 0.475 0.0472222 0.475 0.0388889
67 0.159375 0.0388889 0.159375 0.838889 0.165625 0.838889 0.167187 0.841667 0.167187 0.844444 0.170312 0.85 0.170312 0.852778 0.175 0.861111 0.176563 0.861111 0.182812 0.872222 0.184375 0.872222 0.185937 0.875 0.190625 0.875 0.192188 0.877778 0.195312 0.877778 0.196875 0.880556 0.203125 0.880556 0.204688 0.883333 0.207813 0.883333 0.209375 0.886111 0.21875 0.886111 0.220313 0.888889 0.24375 0.888889 0.245312 0.886111 0.246875 0.886111 0.248437 0.888889 0.267188 0.888889 0.26875 0.891667 0.276563 0.891667 0.278125 0.894444 0.28125 0.894444 0.282813 0.897222 0.292188 0.897222 0.29375 0.9 0.314063 0.9 0.315625 0.902778 0.320312 0.902778 0.321875 0.905556 0.332812 0.905556 0.334375 0.908333 0.345313 0.908333 0.346875 0.911111 0.357812 0.911111 0.359375 0.913889 0.373437 0.913889 0.375 0.916667 0.401563 0.916667 0.403125 0.919444 0.409375 0.919444 0.410937 0.922222 0.428125 0.922222 0.429688 0.925 0.484375 0.925 0.485938 0.927778 0.495313 0.927778 0.496875 0.930556 0.5125 0.930556 0.514063 0.933333 0.51875 0.933333 0.520312 0.936111 0.525 0.936111 0.526563 0.938889 0.54375 0.938889 0.545313 0.941667 0.560938 0.941667 0.5625 0.944444 0.573438 0.944444 0.575 0.947222 0.589063 0.947222 0.590625 0.95 0.604688 0.95 0.60625 0.952778 0.620313 0.952778 0.621875 0.955556 0.635938 0.955556 0.6375 0.958333 0.659375 0.958333 0.660937 0.961111 0.673437 0.961111 0.675 0.963889 0.682813 0.963889 0.684375 0.966667 0.698438 0.966667 0.7 0.969444 0.704687 0.969444 0.70625 0.972222 0.70625 0.980556 0.840625 0.980556 0.840625 0.969444 0.842188 0.966667 0.84375 0.966667 0.845312 0.963889 0.846875 0.963889 0.848437 0.961111 0.853125 0.961111 0.85625 0.955556 0.859375 0.955556 0.860937 0.952778 0.8625 0.952778 0.864062 0.95 0.865625 0.95 0.870313 0.941667 0.871875 0.941667 0.873438 0.938889 0.875 0.938889 0.879687 0.930556 0.88125 0.930556 0.882812 0.927778 0.884375 0.927778 0.884375 0.925 0.8875 0.919444 0.8875 0.916667 0.889063 0.913889 0.889063 0.911111 0.890625 0.908333 0.890625 0.886111 0.892187 0.883333 0.892187 0.836111 0.89375 0.833333 0.89375 0.791667 0.895312 0.788889 0.895312 0.772222 0.896875 0.769444 0.896875 0.761111 0.898438 0.758333 0.898438 0.747222 0.9 0.744444 0.9 0.711111 0.901563 0.708333 0.901563 0.683333 0.9 0.680556 0.9 0.597222 0.901563 0.594444 0.901563 0.533333 0.903125 0.530556 0.903125 0.486111 0.904688 0.483333 0.904688 0.45 0.90625 0.447222 0.90625 0.422222 0.907812 0.419444 0.907812 0.358333 0.909375 0.355556 0.909375 0.316667 0.910937 0.313889 0.910937 0.286111 0.9125 0.283333 0.9125 0.263889 0.914062 0.261111 0.914062 0.255556 0.915625 0.252778 0.920313 0.252778 0.920313 0.0888889 0.914062 0.0888889 0.9125 0.0861111 0.910937 0.0861111 0.909375 0.0833333 0.903125 0.0833333 0.901563 0.0805556 0.884375 0.0805556 0.882812 0.0777778 0.870313 0.0777778 0.86875 0.075 0.845312 0.075 0.84375 0.0722222 0.829687 0.0722222 0.828125 0.0694444 0.79375 0.0694444 0.792188 0.0666667 0.76875 0.0666667 0.767187 0.0638889 0.75 0.0638889 0.748438 0.0611111 0.626562 0.0611111 0.625 0.0583333 0.6 0.0583333 0.598437 0.0555556 0.567187 0.0555556 0.565625 0.0527778 0.49375 0.0527778 0.492188 0.05 0.476562 0.05 0.475 0.0472222 0.475 0.0388889
62 0.159375 0.0388889 0.159375 0.838889 0.165625 0.838889 0.167187 0.841667 0.167187 0.844444 0.170312 0.85 0.170312 0.852778 0.175 0.861111 0.176563 0.861111 0.182812 0.872222 0.184375 0.872222 0.185937 0.875 0.190625 0.875 0.192188 0.877778 0.195312 0.877778 0.196875 0.880556 0.203125 0.880556 0.204688 0.883333 0.207813 0.883333 0.209375 0.886111 0.21875 0.886111 0.220313 0.888889 0.24375 0.888889 0.245312 0.886111 0.246875 0.886111 0.248437 0.888889 0.267188 0.888889 0.26875 0.891667 0.276563 0.891667 0.278125 0.894444 0.28125 0.894444 0.282813 0.897222 0.292188 0.897222 0.29375 0.9 0.314063 0.9 0.315625 0.902778 0.320312 0.902778 0.321875 0.905556 0.332812 0.905556 0.334375 0.908333 0.345313 0.908333 0.346875 0.911111 0.357812 0.911111 0.359375 0.913889 0.373437 0.913889 0.375 0.916667 0.401563 0.916667 0.403125 0.919444 0.409375 0.919444 0.410937 0.922222 0.428125 0.922222 0.429688 0.925 0.484375 0.925 0.485938 0.927778 0.495313 0.927778 0.496875 0.930556 0.5125 0.930556 0.514063 0.933333 0.51875 0.933333 0.520312 0.936111 0.525 0.936111 0.526563 0.938889 0.54375 0.938889 0.545313 0.941667 0.560938 0.941667 0.5625 0.944444 0.573438 0.944444 0.575 0.947222 0.589063 0.947222 0.590625 0.95 0.604688 0.95 0.60625 0.952778 0.620313 0.952778 0.621875 0.955556 0.635938 0.955556 0.6375 0.958333 0.659375 0.958333 0.660937 0.961111 0.673437 0.961111 0.675 0.963889 0.682813 0.963889 0.684375 0.966667 0.698438 0.966667 0.7 0.969444 0.704687 0.969444 0.70625 0.972222 0.70625 0.980556 0.840625 0.980556 0.840625 0.969444 0.842188 0.966667 0.84375 0.966667 0.845312 0.963889 0.846875 0.963889 0.848437 0.961111 0.853125 0.961111 0.85625 0.955556 0.859375 0.955556 0.860937 0.952778 0.8625 0.952778 0.864062 0.95 0.865625 0.95 0.870313 0.941667 0.871875 0.941667 0.873438 0.938889 0.875 0.938889 0.879687 0.930556 0.88125 0.930556 0.882812 0.927778 0.884375 0.927778 0.884375 0.925 0.8875 0.919444 0.8875 0.916667 0.889063 0.913889 0.889063 0.911111 0.890625 0.908333 0.890625 0.886111 0.892187 0.883333 0.892187 0.836111 0.89375 0.833333 0.89375 0.791667 0.895312 0.788889 0.895312 0.772222 0.896875 0.769444 0.896875 0.761111 0.898438 0.758333 0.898438 0.747222 0.9 0.744444 0.9 0.711111 0.901563 0.708333 0.901563 0.683333 0.9 0.680556 0.9 0.597222 0.901563 0.594444 0.901563 0.533333 0.903125 0.530556 0.903125 0.486111 0.904688 0.483333 0.904688 0.45 0.90625 0.447222 0.90625 0.422222 0.907812 0.419444 0.907812 0.358333 0.909375 0.355556 0.909375 0.316667 0.910937 0.313889 0.910937 0.286111 0.9125 0.283333 0.9125 0.263889 0.914062 0.261111 0.914062 0.255556 0.915625 0.252778 0.920313 0.252778 0.920313 0.0888889 0.914062 0.0888889 0.9125 0.0861111 0.910937 0.0861111 0.909375 0.0833333 0.903125 0.0833333 0.901563 0.0805556 0.884375 0.0805556 0.882812 0.0777778 0.870313 0.0777778 0.86875 0.075 0.845312 0.075 0.84375 0.0722222 0.829687 0.0722222 0.828125 0.0694444 0.79375 0.0694444 0.792188 0.0666667 0.76875 0.0666667 0.767187 0.0638889 0.75 0.0638889 0.748438 0.0611111 0.626562 0.0611111 0.625 0.0583333 0.6 0.0583333 0.598437 0.0555556 0.567187 0.0555556 0.565625 0.0527778 0.49375 0.0527778 0.492188 0.05 0.476562 0.05 0.475 0.0472222 0.475 0.0388889
67 0.159375 0.0388889 0.159375 0.838889 0.165625 0.838889 0.167187 0.841667 0.167187 0.844444 0.170312 0.85 0.170312 0.852778 0.175 0.861111 0.176563 0.861111 0.182812 0.872222 0.184375 0.872222 0.185937 0.875 0.190625 0.875 0.192188 0.877778 0.195312 0.877778 0.196875 0.880556 0.203125 0.880556 0.204688 0.883333 0.207813 0.883333 0.209375 0.886111 0.21875 0.886111 0.220313 0.888889 0.24375 0.888889 0.245312 0.886111 0.246875 0.886111 0.248437 0.888889 0.267188 0.888889 0.26875 0.891667 0.276563 0.891667 0.278125 0.894444 0.28125 0.894444 0.282813 0.897222 0.292188 0.897222 0.29375 0.9 0.314063 0.9 0.315625 0.902778 0.320312 0.902778 0.321875 0.905556 0.332812 0.905556 0.334375 0.908333 0.345313 0.908333 0.346875 0.911111 0.357812 0.911111 0.359375 0.913889 0.373437 0.913889 0.375 0.916667 0.401563 0.916667 0.403125 0.919444 0.409375 0.919444 0.410937 0.922222 0.428125 0.922222 0.429688 0.925 0.484375 0.925 0.485938 0.927778 0.495313 0.927778 0.496875 0.930556 0.5125 0.930556 0.514063 0.933333 0.51875 0.933333 0.520312 0.936111 0.525 0.936111 0.526563 0.938889 0.54375 0.938889 0.545313 0.941667 0.560938 0.941667 0.5625 0.944444 0.573438 0.944444 0.575 0.947222 0.589063 0.947222 0.590625 0.95 0.604688 0.95 0.60625 0.952778 0.620313 0.952778 0.621875 0.955556 0.635938 0.955556 0.6375 0.958333 0.659375 0.958333 0.660937 0.961111 0.673437 0.961111 0.675 0.963889 0.682813 0.963889 0.684375 0.966667 0.698438 0.966667 0.7 0.969444 0.704687 0.969444 0.70625 0.972222 0.70625 0.980556 0.840625 0.980556 0.840625 0.969444 0.842188 0.966667 0.84375 0.966667 0.845312 0.963889 0.846875 0.963889 0.848437 0.961111 0.853125 0.961111 0.85625 0.955556 0.859375 0.955556 0.860937 0.952778 0.8625 0.952778 0.864062 0.95 0.865625 0.95 0.870313 0.941667 0.871875 0.941667 0.873438 0.938889 0.875 0.938889 0.879687 0.930556 0.88125 0.930556 0.882812 0.927778 0.884375 0.927778 0.884375 0.925 0.8875 0.919444 0.8875 0.916667 0.889063 0.913889 0.889063 0.911111 0.890625 0.908333 0.890625 0.886111 0.892187 0.883333 0.892187 0.836111 0.89375 0.833333 0.89375 0.791667 0.895312 0.788889 0.895312 0.772222 0.896875 0.769444 0.896875 0.761111 0.898438 0.758333 0.898438 0.747222 0.9 0.744444 0.9 0.711111 0.901563 0.708333 0.901563 0.683333 0.9 0.680556 0.9 0.597222 0.901563 0.594444 0.901563 0.533333 0.903125 0.530556 0.903125 0.486111 0.904688 0.483333 0.904688 0.45 0.90625 0.447222 0.90625 0.422222 0.907812 0.419444 0.907812 0.358333 0.909375 0.355556 0.909375 0.316667 0.910937 0.313889 0.910937 0.286111 0.9125 0.283333 0.9125 0.263889 0.914062 0.261111 0.914062 0.255556 0.915625 0.252778 0.920313 0.252778 0.920313 0.0888889 0.914062 0.0888889 0.9125 0.0861111 0.910937 0.0861111 0.909375 0.0833333 0.903125 0.0833333 0.901563 0.0805556 0.884375 0.0805556 0.882812 0.0777778 0.870313 0.0777778 0.86875 0.075 0.845312 0.075 0.84375 0.0722222 0.829687 0.0722222 0.828125 0.0694444 0.79375 0.0694444 0.792188 0.0666667 0.76875 0.0666667 0.767187 0.0638889 0.75 0.0638889 0.748438 0.0611111 0.626562 0.0611111 0.625 0.0583333 0.6 0.0583333 0.598437 0.0555556 0.567187 0.0555556 0.565625 0.0527778 0.49375 0.0527778 0.492188 0.05 0.476562 0.05 0.475 0.0472222 0.475 0.0388889
